"FSC-A","FSC-H","FSC-W","SSC-A","SSC-H","SSC-W","FITC-A","PE-A","Time"
15820.9,14600,71016.2,8048.82,7365,71620.8,14272.4,13.28,0.589893
17425.7,17152,66581.7,7015.32,6912,66515.6,13210.9,-8.3,0.589893
9581.88,8994,69819.7,7171.32,6786,69257.2,28519.1,69.72,0.592128
16641,16361,66657.4,5906.16,5613,68958.9,42541.2,50.63,0.593245
51508.6,40152,84072.3,36986,31612,76677.1,51766.3,102.92,0.593245
14423.5,13740,68796,6570.72,6120,70362.5,9622.08,38.18,0.594362
12293.7,11214,71846,9019.92,8410,70288.9,17298.8,59.76,0.594362
20277.6,16029,82906.8,16685.8,14153,77264,17954,85.49,0.59548
24634.4,19631,82239.2,26764.1,21503,81570.7,18185.7,84.66,0.597714
16371,13042,82264.2,16789.5,14674,74984.1,13951.9,115.37,0.602183
13235.5,13161,65907.1,4428.06,4381,66240,9795.24,14.11,0.605535
16199.6,15732,67484.1,6654.96,6468,67430.3,28931.8,-17.43,0.605535
12828.2,12188,68978.4,8452.08,7960,69587.4,16818.4,-10.79,0.610003
36701,26802,89740.9,22161.4,16662,87166.4,22418.8,79.68,0.612238
8808.04,8086,71388,6111.3,5782,69268.4,8226.66,-0.83,0.612238
30632.6,24489,81977.3,18337.8,15373,78175.1,20985.9,57.27,0.621176
11649.1,11441,66727.9,5858.58,5729,67018.3,10594.7,-11.62,0.622293
52496,45396,75785.9,27730.6,24244,74960.8,23589.5,136.95,0.622293
9415.96,9336,66097.3,4272.06,4060,68959,7404.54,-43.99,0.62341
16304.4,16160,66121.4,5574.66,5472,66765.5,6715.02,39.84,0.624527
35996.5,32350,72923.2,22188.7,20334,71513.5,10660.3,77.19,0.625645
28405.6,19480,95564.3,28929.4,20021,94696.5,42180.1,151.06,0.626762
15807.3,15221,68060.3,9077.64,8413,70713.4,13918.3,40.67,0.626762
11512.4,11424,66043.1,4785.3,4792,65444.4,9799.14,-23.24,0.630113
10242.8,10333,64964.2,4402.32,4400,65570.6,12559.6,-2.49,0.631231
10478.1,10475,65555.5,4646.46,4591,66327.7,8434.92,29.88,0.631231
18132.2,17424,68199.7,9650.94,8944,70716,8510.58,29.88,0.631231
13784.3,12257,73702.1,8694.66,7969,71503.7,59241,73.87,0.633465
19109.4,17176,72912.8,6806.28,6040,73850.4,11799.1,86.32,0.636817
10298.6,9776,69039.4,5743.14,5536,67988.1,18108.5,63.08,0.642403
24682,23338,69310,11727.3,11258,68267.9,18480.5,44.82,0.644637
14966.8,14073,69698.3,8314.02,7780,70034.4,33307.6,34.03,0.649106
29240.7,22288,85979.8,18943.9,15392,80659.1,34229.5,73.87,0.650223
12422.9,11175,72854.5,8346,7623,71751.7,12444.9,-2.49,0.651341
13822.4,13444,67380.4,5080.92,4672,71272.1,14802.1,-12.45,0.652458
17045.6,14911,74917.7,9876.36,8619,75096.5,20005.4,82.17,0.652458
10421,10045,67989.1,6419.4,6032,69745,17466.5,-4.98,0.653575
18874.1,16180,76448.2,10448.9,9108,75184.2,19274.6,11.62,0.653575
16510.4,16193,66820.6,6763.38,6653,66623.3,16457.2,-25.73,0.653575
15660.4,15114,67905.3,8051.94,7694,68584.9,5589.48,0,0.653575
21785.2,18325,77910.6,13783.4,11809,76493.1,57820.6,30.71,0.656927
9718.56,9592,66400.7,4017,3960,66479.3,6124.56,14.11,0.658044
13935.2,12098,75488.5,17408.8,15746,72456.8,12788.9,11.62,0.658044
15034.1,14497,67964.1,6615.18,6389,67856.1,9722.7,0.83,0.659161
16024.9,15677,66990.3,7244.64,7168,66236.7,9297.6,24.9,0.661396
9633.56,9480,66597.6,4639.44,4636,65584.6,25071.5,25.73,0.661396
13157.3,11696,73724.2,7211.1,6532,72349.5,22851.7,29.05,0.665865
17578,15268,75451.4,8122.92,7396,71977.3,14460.4,19.09,0.670333
14695.5,14487,66479.1,5742.36,5687,66174,5757.18,23.24,0.671451
16515.2,15696,68956.3,9774.96,9104,70366,32837.2,72.21,0.672568
13800.6,13713,65954.7,5772,5765,65615.6,27861.6,-5.81,0.672568
8353.8,7723,70888.9,7239.96,6687,70955.3,13684.3,-8.3,0.673685
13863.2,13677,66428,5981.04,5961,65756.3,7046.52,-6.64,0.674802
8301.44,8321,65381.9,3268.98,3253,65857.9,15997,-8.3,0.678154
9751.88,9805,65180.9,3295.5,3296,65526.1,5585.58,15.77,0.682623
26619.3,23403,74542.6,15759.1,13851,74564.3,44141,159.36,0.682623
15181,14096,70580.5,7466.16,7252,67471.4,20797.9,34.86,0.692678
17134.6,16625,67545,8103.42,7925,67011.4,13158.6,34.86,0.69603
19630.2,18953,67877.8,9732.06,9236,69055.9,5586.36,0.83,0.697147
10646.1,10704,65181.4,3716.7,3700,65831.8,10097.1,34.86,0.698264
13572.8,13368,66540,5123.04,5048,66510.2,11392.7,63.91,0.700498
13932.5,13933,65533.7,5258.76,5241,65758.1,23126.2,6.64,0.704967
9124.24,9187,65088.3,3793.14,3827,64956.2,7871.76,5.81,0.706085
14433.7,14365,65849.3,5592.6,5520,66397.9,8512.14,-27.39,0.706085
9153.48,8978,66816.9,4791.54,4674,67184.1,8327.28,3.32,0.710553
9540.4,8286,75457.4,9496.5,8606,72317.3,47267.2,25.73,0.71614
15427.2,15117,66880.6,5692.44,5552,67193.8,11048.7,28.22,0.718374
16183.3,15657,67739,7418.58,7229,67254.7,6125.34,40.67,0.719491
15328.6,14331,70097.9,8445.84,7784,71108.2,35809,11.62,0.72396
14365,13982,67331.2,7381.14,7034,68770.3,13946.4,4.15,0.72396
16865.4,16615,66523.5,5611.32,5463,67315.3,16964.2,35.69,0.726195
9711.76,9344,68115.4,6712.68,6448,68226.1,38902.5,21.58,0.727312
14018.2,13753,66799.7,6549.66,6372,67363.2,6473.22,17.43,0.727312
14424.8,12405,76206.9,9945.78,9037,72126.4,40708.2,9.96,0.728429
20842.7,20140,67822.5,8775.78,8568,67125.3,32724.9,25.73,0.730663
25818.9,21022,80490.4,19670,17134,75236.1,9234.42,86.32,0.731781
14965.4,14505,67616.4,6465.42,6365,66570,21972.6,27.39,0.73625
21282,20293,68729.8,9607.26,9313,67606.7,17010.2,71.38,0.738484
13958.4,13819,66196.9,5931.9,5851,66442.1,7614.36,-0.83,0.738484
29829.6,22270,87782.2,20728.5,16346,83106.8,39327.6,69.72,0.739601
19038.6,18728,66623,9019.14,8780,67321,13207,11.62,0.740718
19694.8,19325,66790.2,6147.96,6128,65749.5,8701.68,-5.81,0.742953
12479.4,12429,65801.5,4485,4457,65947.7,19539,-2.49,0.746305
26015.4,22746,74955.9,15842.6,14078,73750.5,59592,56.44,0.746305
8107.64,8136,65307.6,3690.96,3637,66508.3,37829.2,-0.83,0.746305
12658.9,12328,67295,6224.4,5985,68157.4,15453.4,59.76,0.747422
31603.7,24495,84555.2,17121,13935,80519.7,28515.2,69.72,0.747422
16129.6,15873,66595.4,6505.98,6385,66777.8,13267.8,3.32,0.751891
10669.2,10753,65025.3,4750.2,4197,74174.2,7452.12,-74.7,0.751891
14085.5,13572,68015.7,7231.38,6996,67741,41342.3,92.96,0.753008
13072.3,12997,65915.8,4878.12,4757,67204.6,11859.1,24.07,0.753008
9254.8,9220,65783.4,3371.16,3368,65597.5,10047.2,-4.98,0.754125
8753.64,8821,65035.5,3733.86,3713,65904.2,14764.6,26.56,0.757477
9917.8,9949,65330.5,4484.22,4365,67326,16756,2.49,0.757477
20079,10348,127165,11323.3,7032,105529,65701,70.55,0.757477
14885.2,14721,66267,6944.34,6821,66721,40115.4,58.1,0.757477
10277.5,10389,64832.8,3864.9,3881,65264.1,7012.2,6.64,0.758594
24591.5,23537,68472.2,8959.08,8781,66865.1,37087.4,32.37,0.758594
10338.7,10329,65597.7,4863.3,4845,65783.5,22211.3,4.98,0.758594
47863.2,36572,85769.4,27402.2,22725,79024.4,11612.6,87.15,0.759711
16668.8,14989,72880.7,9597.9,8365,75195.2,8499.66,15.77,0.760828
14972.2,14893,65884.7,6335.16,6221,66738.6,6503.64,-9.13,0.760828
21528.8,20411,69125.1,13604.8,13183,67632.7,7006.74,63.08,0.763063
10591.7,10637,65256.8,3343.86,3360,65221.2,30183.7,39.84,0.767532
13741.4,13652,65965.4,4296.24,4256,66155.6,7437.3,35.69,0.767532
10250.3,10345,64936.2,3803.28,3817,65300.4,11503.4,-14.94,0.768649
13094.8,12629,67953,7137,6965,67154.4,13394.2,-27.39,0.768649
7684,7700,65399.8,3114.54,3064,66617,23119.2,47.31,0.769766
14499,13204,71963.3,9772.62,8768,73045,27699.4,42.33,0.769766
13753,13650,66030.5,4085.64,4086,65530.2,38441.5,1.66,0.774235
36265.1,28969,82041.8,20965.6,17021,80724,30112.7,104.58,0.774235
26808.3,25160,69829.5,11611.9,11276,67488,15933.8,4.98,0.77647
16358.1,16133,66450.3,7738.38,7589,66826,23071.6,27.39,0.77647
19679.2,17012,75811,10360,9060,74939.3,26905.3,-19.09,0.77647
10820.2,10752,65951.5,5654.22,5556,66694.6,15982.2,41.5,0.777587
6286.6,6461,63767,2784.6,2800,65175.6,10747.6,-24.9,0.777587
11198.9,11204,65506.3,4840.68,4768,66535,11017.5,-31.54,0.778704
6377.72,6548,63831.7,3042,3072,64896,10902.8,-35.69,0.778704
14561.5,14400,66271.1,5398.38,5316,66551.6,12544,66.4,0.780938
20831.1,20204,67570.2,8054.28,7733,68258.8,11090.8,30.71,0.780938
9767.52,9692,66046.7,3814.2,3692,67705.1,7280.52,35.69,0.789876
11046.6,11066,65421.1,2556.84,2542,65918.6,7158.06,39.01,0.789876
24817.3,21921,74194.8,18681.8,16909,72407,34136.7,44.82,0.799931
6521.2,6635,64412,3013.92,3035,65080.8,9168.9,0,0.802166
13990.3,12168,75350.9,7385.82,6732,71900.9,26413.1,39.01,0.8044
14124.3,14029,65981.1,4943.64,4880,66390.6,7730.58,58.93,0.805517
10691,10736,65261.1,4065.36,4056,65687.2,10285.1,-47.31,0.805517
17424.3,16257,70241.8,10728.1,10117,69494.7,27033.2,63.08,0.805517
44709.3,34268,85504.6,33905,23681,93830.5,38796.4,97.11,0.806635
12962.2,12522,67839.7,7139.34,6958,67244,19950.1,-8.3,0.806635
10902.4,10757,66422.1,4544.28,4449,66939.5,50826.4,-32.37,0.807752
14285.4,12759,73376.5,9991.8,9031,72508.3,8378.76,-9.13,0.807752
8957.64,8917,65834.7,2730.78,2689,66554.3,13026,39.84,0.807752
17792.2,17501,66626.5,7056.66,6953,66513.1,28847.5,13.28,0.809986
12478,12488,65483.5,4548.18,4492,66355.6,7938.84,25.73,0.811103
17543.3,16189,71018.5,10335.8,9449,71686.5,9175.14,34.86,0.811103
9241.88,9321,64979.7,3187.86,3188,65533.1,25561.4,56.44,0.812221
10187.8,10348,64521.2,4658.94,4700,64963.5,30363.1,36.52,0.812221
16551.9,16280,66630.5,7172.88,6977,67375.9,50495.6,-20.75,0.813338
27885.4,21592,84637.8,19658.3,16156,79743.1,25095.7,87.15,0.813338
15790.3,15809,65458.4,6072.3,6009,66226.4,7384.26,-39.84,0.81669
12556.9,11397,72205.6,7902.96,7249,71448.2,25791.5,42.33,0.81669
13731.9,13470,66810.3,8715.72,8349,68414.6,5722.86,34.03,0.818924
13076.4,12733,67303.5,6020.04,5869,67222.6,5772.78,14.94,0.818924
13079.8,12456,68818.1,8140.86,7548,70683.5,31188.3,57.27,0.820041
13581,13581,65535.8,4397.64,4352,66223.3,10870.1,9.13,0.820041
37212.3,27025,90240.4,34805.2,27425,83172,9343.62,101.26,0.823393
10183,9496,70277.3,6270.42,5845,70305.9,17698.2,27.39,0.823393
17940.4,15980,73576,10227.4,9093,73711.7,18720,1.66,0.826745
17259.1,16632,68006.9,8001.24,7948,65975,13983.8,15.77,0.826745
11840.8,11740,66098.9,4474.86,4392,66772.4,14866.8,-31.54,0.827862
15221.8,15132,65924.9,6130.02,6108,65772.3,19659.1,85.49,0.828979
10584.9,10446,66407.3,4640.22,4570,66543,28147.9,48.97,0.828979
8308.24,8417,64689.2,3173.82,3169,65635.7,25484.2,-1.66,0.828979
29518.8,25056,77208.8,16431.5,14532,74102.2,6382.74,70.55,0.830096
6860.52,6924,64935.2,2705.82,2668,66465,24604.3,7.47,0.830096
19075.4,18168,68809,10379.5,9768,69638.4,14251.4,28.22,0.830096
16949,16558,67083.6,7885.02,7518,68735.4,15290.3,4.15,0.830096
13859.8,13949,65116.7,4930.38,4925,65607.6,26718.9,9.13,0.831213
8327.28,8332,65498.9,3482.7,3496,65286.7,16038.4,26.56,0.833448
9537,9656,64728.3,4474.86,4529,64752.6,7651.8,-14.11,0.835682
13846.8,13845,65544.7,3822,3653,68567.9,6523.14,33.2,0.837917
13517.7,13280,66709.1,6307.86,6268,65952.8,11911.4,48.97,0.839034
18972,17094,72736,10005.1,8930,73425.7,15463.5,5.81,0.842386
16628.7,15787,69030.2,5772,5247,72093.3,8814,32.37,0.842386
29737.8,25168,77435.4,15900.3,13448,77486.8,19117,24.9,0.843503
18449.8,18096,66817.2,8190.78,8116,66139.8,10442.6,43.99,0.851323
7853.32,7905,65107.6,3444.48,3473,64997.8,16958,30.71,0.851323
9973.56,9860,66290.8,5941.26,5860,66444.8,17810.5,66.4,0.852441
15021.9,13549,72660.3,9302.28,8285,73582.9,11505.8,83,0.854675
27321,24716,72443.4,18321.4,17368,69133.6,10843.6,53.12,0.854675
14626.1,14565,65811,5279.04,5281,65511.7,10014.4,39.01,0.855792
5143.52,5158,65352,2825.16,2822,65609.4,7963.02,2.49,0.858027
11569.5,11141,68056.7,4426.5,4133,70190,6197.88,-39.01,0.858027
16123.5,15760,67047.5,6793.8,6640,67054,7654.92,34.03,0.860261
10817.4,10688,66329.7,4296.24,4304,65417.8,15139.8,-9.96,0.861378
12329.8,12040,67113.2,5766.54,5681,66522.8,9007.44,-29.88,0.861378
15234,13955,71542.7,10123.6,8835,75094.7,7298.46,76.36,0.862496
12709.2,12368,67344,5233.8,5132,66836,11646.2,-0.83,0.862496
5913.28,5886,65839.7,2825.94,2810,65907.8,26024.7,3.32,0.863613
13972.6,13876,65992.4,5215.86,5252,65085,28657.2,7.47,0.865847
14400.4,13832,68228.9,7252.44,6952,68368.2,33754.5,87.15,0.866965
18717,17973,68248.9,9331.92,9201,66468.5,13593.1,32.37,0.868082
20859.7,19681,69460.9,11282.7,10609,69697.7,9308.52,84.66,0.868082
13428.6,13278,66279.5,4967.04,4858,67007,23127.8,-3.32,0.868082
12027.2,11737,67156.2,6874.14,6733,66909.8,45059,87.15,0.868082
16317.3,16151,66210.7,6446.7,6487,65128.9,8543.34,32.37,0.869199
11205,11040,66515.7,4886.7,4848,66059.2,10650.9,15.77,0.870316
12960.8,11685,72691.4,8631.48,7973,70948.5,24651.1,29.05,0.870316
19242,17793,70872.9,11760.1,10869,70908.8,58291.7,74.7,0.871433
19490.2,18729,68199.4,8237.58,7844,68824.3,13065,67.23,0.872551
9630.16,9640,65469.1,3531.84,3525,65663.2,8493.42,-45.65,0.875902
16590,15917,68306.8,8488.74,8272,67253.1,18963.4,14.11,0.875902
27919.4,25877,70708.7,16936.9,16349,67892.7,9161.1,125.33,0.87702
14082.8,13652,67604,9087,8740,68137.9,8520.72,14.11,0.87702
7881.2,7876,65579.3,3421.86,3436,65266.3,8493.42,-4.15,0.878137
22709.3,18356,81078.4,12805.3,11028,76097.7,10085.4,29.05,0.878137
15506.7,13656,74417.7,6826.56,6088,73486.4,21717.5,14.11,0.881489
15063.4,12937,76307.7,10050.3,9181,71741.3,18784,15.77,0.882606
7492.92,7538,65144.1,2687.88,2658,66272.7,7304.7,-10.79,0.88484
10156.5,10183,65365.3,3949.92,3943,65651,31375.5,68.89,0.887075
11908.2,11529,67691.3,7763.34,7469,68118.7,16345.7,69.72,0.887075
11423.3,11077,67585,5988.84,5821,67425.6,6351.54,25.73,0.889309
20443.5,20133,66546.8,15439.3,14981,67541,5884.32,97.11,0.889309
16092.2,14052,75051.1,8955.18,7920,74101.9,27480.2,25.73,0.891544
6653.12,6813,63998.1,2701.92,2720,65100.4,6780.54,-14.11,0.892661
29278.8,22820,84084.7,20607.6,16276,82977.4,9660.3,98.77,0.893778
15861.7,15824,65692,7154.94,7136,65709.9,19206.7,47.31,0.896012
16600.8,16252,66942.7,8766.42,8424,68199.9,34114.1,25.73,0.898247
18093.4,17096,69359.6,6998.16,6744,68005.8,50508.1,41.5,0.900481
28037.1,23112,79501.5,16887.8,13992,79099.3,15543.1,10.79,0.901598
14194.3,14124,65862.3,6489.6,6380,66661.8,20037.4,39.84,0.902716
13305.6,13388,65132.4,4647.24,4629,65794.2,14370.7,4.15,0.902716
9143.28,9200,65132,3612.18,3568,66347.5,5892.12,5.81,0.902716
37371.4,29417,83257.1,19718.4,15044,85899,48441.1,118.69,0.90495
13710.2,13524,66438.1,6309.42,6224,66435.4,13417.6,6.64,0.909419
10853.5,10900,65256.3,4481.1,4420,66441.9,41508.5,11.62,0.910536
16713,16196,67628.2,7233.72,7020,67531.2,9869.34,-0.83,0.911653
12947.2,12103,70107.2,7240.74,6691,70920.5,17511,18.26,0.911653
7192.36,7372,63939,3264.3,3285,65123,11197.7,-4.98,0.912771
14319.4,13648,68760.2,5756.4,5288,71341,20645,68.89,0.913888
14797.5,14584,66495.3,5778.24,5704,66389,18747.3,39.01,0.913888
23366.8,22167,69083.3,12870.8,12039,70063.9,11565.1,24.9,0.913888
20489.1,18296,73391.6,11859.9,10705,72606.3,8023.08,78.85,0.915005
10379.5,10084,67456.6,6768.84,6576,67457.8,12079.1,51.46,0.915005
16488,9504,113695,5586.36,3056,119800,13419.1,-39.84,0.91724
11365.5,11366,65533.2,3967.86,3926,66234.8,38613.1,-6.64,0.919474
16328.8,14512,73740.8,9584.64,8648,72634,16624.9,23.24,0.919474
5969.04,6124,63877.7,3003.78,2993,65772,29365.4,4.15,0.920591
18030.9,17664,66897.2,6143.28,6052,66524.4,21580.3,15.77,0.920591
14524.1,14308,66525.9,5432.7,5132,69376,7959.12,22.41,0.920591
35329.4,24813,93311.9,22544.3,16633,88827.4,12511.2,91.3,0.921708
8853.6,8932,64960.8,3921.06,3912,65687.8,19583.5,-30.71,0.922826
16623.3,15964,68242.5,9390.42,8881,69295.2,59879,29.05,0.923943
13422.5,12281,71627.6,8214.18,7613,70711.2,39707.5,14.94,0.927295
8389.84,8405,65417.8,3103.62,3081,66017.1,14442.5,10.79,0.930646
10615.5,10613,65551.3,4558.32,4581,65211.5,8806.98,24.9,0.931763
8924.32,8937,65443,3498.3,3529,64965.9,6817.2,13.28,0.931763
14346.6,13022,72202.5,9019.14,8282,71369,14339.5,6.64,0.933998
12030.6,11900,66255,4814.16,4716,66900.1,14418.3,10.79,0.933998
8128.72,8064,66062,3644.16,3660,65252.4,5831.28,-14.11,0.933998
20181,19624,67396.3,7823.4,7688,66690.2,47983.3,35.69,0.933998
9130.36,9148,65409.6,3973.32,3941,66073.5,25752.5,32.37,0.938467
7570.44,7603,65255.3,2467.14,2471,65433.6,18109.3,8.3,0.938467
6882.96,6896,65412.1,3096.6,3072,66060.8,7333.56,-45.65,0.939584
14883.2,13705,71169.9,9579.96,8957,70094,54692.8,25.73,0.939584
7234.52,7089,66881.3,5087.94,4837,68936,6648.72,20.75,0.941818
25474.8,21413,77967.6,13031.5,11433,74698.7,40008.5,49.8,0.944053
18423.9,16336,73912.2,10875.5,9836,72462.3,49490.2,58.1,0.94517
14190.9,13911,66854.7,6039.54,5923,66825.5,53327,48.14,0.948522
13128.8,12962,66379.1,5399.16,5250,67398,6522.36,-4.15,0.950756
7639.8,7648,65465.7,2747.16,2724,66093.2,7128.42,20.75,0.950756
10103.4,10137,65319,3505.32,3501,65616.9,14852,-0.83,0.951873
26297,21033,81937.8,20105.3,17193,76637,68400.5,53.95,0.951873
20565.9,19871,67827.9,8087.82,7807,67893.4,8554.26,7.47,0.952991
10279.6,10293,65450.4,3380.52,3349,66152.8,9774.96,52.29,0.955225
31901.5,20635,101318,31171.9,22159,92192,27165.1,92.13,0.958577
15306.1,15135,66277,6243.12,6239,65579.3,10371.7,53.12,0.958577
55507,41621,87400.8,36420.5,25341,94189.5,14936.2,132.8,0.959694
15912.7,15435,67564.2,9107.28,8683,68738.3,18949.3,56.44,0.960811
18355.9,17752,67765.5,10634.5,10088,69086.4,16707.6,24.9,0.961928
24959.4,20133,81246.7,16294.2,14061,75944.6,12098.6,47.31,0.961928
12567.8,12565,65550.4,3904.68,3873,66072.1,14101.6,-7.47,0.967515
18763.9,17099,71917.2,9295.26,8255,73794.6,14844.2,30.71,0.968632
16049.4,15064,69822.8,6224.4,5656,72122,27054.3,39.84,0.968632
58219.6,39929,95556.5,33826.3,23316,95078,48748.4,140.27,0.968632
16304.4,16017,66711.8,7746.96,7633,66514.4,5991.96,-4.15,0.968632
10442.8,9796,69862.9,7001.28,6500,70590.1,11925.4,-0.83,0.969749
14071.9,13380,68925.1,6205.68,5756,70655.9,24863.3,39.01,0.970866
8994.36,8968,65728.6,3814.98,3788,66002.8,21226.9,-8.3,0.970866
11788.5,11101,69594.6,8552.7,7885,71085.6,21478.9,49.8,0.971983
12277.4,10497,76651.6,7328.1,6549,73332.5,11583,25.73,0.973101
12765,12661,66074.1,5222.1,5133,66673.6,7119.84,54.78,0.974218
15168.1,14799,67170.4,5680.74,5583,66683.3,11742.1,-21.58,0.975335
20990.2,17428,78931.4,11657.9,10312,74089.5,9728.16,31.54,0.97757
27438.7,23881,75299.2,15174.1,13140,75681.2,52107.1,35.69,0.978687
14329,14120,66505.9,6775.86,6668,66596.1,7329.66,9.96,0.982038
15098,13442,73610,10863.1,9846,72305.7,12428.5,7.47,0.983156
15920.8,15692,66491.7,8718.84,8444,67669.1,25541.9,58.93,0.984273
33517.9,26892,81683.3,28203.2,24389,75785.3,11096.3,36.52,0.986507
10373.4,10173,66827,5246.28,5113,67244.3,6062.16,37.35,0.987625
19342.6,18779,67502.9,7416.24,7211,67401.3,14277.9,51.46,0.987625
34671.8,26451,85904.3,26651,20935,83429.8,11059.6,42.33,0.988742
11226.8,11224,65552.4,3595.8,3557,66250.9,10804.6,-18.26,0.988742
15763.1,15642,66043.3,5160.48,5118,66080,13641.4,-1.66,0.989859
12376.7,11112,72994.8,8207.16,7569,71061.5,19507.8,38.18,0.989859
41815.9,34872,78585.9,23141,19608,77344.5,17524.3,78.85,0.990976
18087.3,17424,68030.9,10426.3,10160,67253.5,11118.1,28.22,0.992094
10157.2,10098,65919.9,5243.16,5122,67086.2,6125.34,26.56,0.993211
15907.2,15297,68150.4,7441.2,7293,66867.7,16219.3,-3.32,0.994328
19975,18753,69806.5,10165.7,9061,73526.3,34473.7,66.4,0.994328
12550.8,12333,66693.2,7877.22,7405,69715.3,11319.4,-14.94,0.99768
14369.1,13871,67889.3,10532.3,10204,67644.8,5646.42,26.56,0.998797
13191.3,12961,66700.6,5999.76,5845,67271.2,10413,39.01,0.998797
16024.9,13654,76915.7,9201.66,8134,74138.2,13674.2,37.35,1.0055
11859.2,11748,66156.3,5130.84,5032,66823.3,10972.3,-17.43,1.00773
17199.9,16864,66841.4,6612.84,6404,67673.2,17667.8,48.97,1.00885
40078.5,25105,104624,31715.6,22645,91786.8,42038.1,115.37,1.01109
11821.8,11852,65369,4960.02,4936,65854.9,13166.4,4.15,1.0122
8567.32,8703,64514.3,3003.78,3051,64521.7,29263.3,37.35,1.01444
11562.7,11301,67053.8,6044.22,5873,67446.6,19616.2,9.13,1.01556
15079.7,15003,65871,8382.66,7999,68679.3,8711.82,9.13,1.01667
17701.8,15501,74840.5,11029.2,9213,78455.4,28034,111.22,1.01779
34346.8,20583,109360,29966,19399,101235,16045.4,124.5,1.01779
18309.7,15499,77420.7,10708.6,9467,74131.2,11423.1,10.79,1.02002
14886.6,13485,72347.5,7232.94,6505,72869.8,32250.7,7.47,1.02673
11955.8,11295,69369.9,7653.36,7087,70773.3,21563.9,22.41,1.02784
19206.6,18326,68685.1,8237.58,7666,70422.4,9005.88,33.2,1.02784
20983.4,17277,79595.5,17362,14192,80174.6,40257.4,70.55,1.02896
11893.9,11929,65343.1,3577.86,3604,65060.7,19271.5,2.49,1.0312
21362.2,19110,73259.7,10760.9,9590,73537.5,32232.7,52.29,1.03231
16524,13832,78290.7,11380.2,10149,73486.3,16383.1,32.37,1.03231
8229.36,8261,65285,3361.8,3381,65163.8,34670.2,18.26,1.03455
20576.1,19420,69437.5,11491.7,11272,66813.6,20365.8,48.97,1.03567
24907,20805,78457.5,16275.5,14077,75771.1,8029.32,55.61,1.03567
16139.8,15889,66570.5,5778.24,5785,65459.4,28934.1,14.94,1.03567
46211.4,34016,89032,36628,29308,81904.4,22301.8,170.15,1.03678
12352.2,11975,67600.3,5999.76,5927,66340.5,8483.28,27.39,1.03678
10172.8,10113,65923.5,3903.12,3913,65370.5,33418.3,-29.05,1.0379
11638.2,10221,74622.9,10491.8,9456,72714.6,12085.3,16.6,1.04013
12482.1,11933,68551.5,7732.14,7213,70252.8,29195.4,68.89,1.04013
9930.72,9162,71034.7,7598.76,7034,70797.9,21613,11.62,1.04013
52071.7,35052,97357.3,37000.9,24129,100497,93958.8,161.02,1.04013
11273.7,11251,65668.3,4139.46,4163,65165.4,22821.2,-21.58,1.04013
9788.6,9788,65540,4046.64,4017,66019.6,23196.4,34.86,1.04013
10219,9942,67362.2,5275.92,5126,67452.7,27257.9,21.58,1.04125
13242.3,12285,70643,5403.06,5133,68984,37784.8,76.36,1.04237
11553.9,11136,67995.3,5574.66,5396,67705.9,12177.4,70.55,1.0446
9457.44,9452,65573.7,3981.12,3964,65819,7974.72,5.81,1.04572
16462.1,15948,67648.7,6772.74,6664,66605.4,5764.98,70.55,1.04684
17127.2,16427,68329.3,8868.6,8651,67184.4,29382.6,53.12,1.04907
14278.6,14053,66588.3,6310.98,6277,65890.8,34957.3,-6.64,1.04907
6970.68,7069,64624.5,3444.48,3465,65147.9,24644.9,74.7,1.05131
10736.5,10268,68526.4,6895.98,6700,67453,10601,24.9,1.05466
8091.32,8093,65522.4,3389.88,3385,65630.5,24942.1,4.98,1.06136
15641.4,14449,70944.2,8371.74,8017,68435.9,6116.76,35.69,1.0636
10221.1,10204,65645.7,3199.56,3160,66356.4,10822.5,19.09,1.0636
20391.2,19778,67567.8,5307.12,5170,67274.2,8502,60.59,1.0636
16262.2,14169,75217.7,17114,16020,70011.3,43709.6,97.11,1.0636
14577.8,14335,66646.2,5557.5,5452,66804.2,26803.1,79.68,1.06583
14521.4,13020,73093.3,6242.34,5740,71271.4,18741.8,16.6,1.06583
12985.3,11949,71219.6,8522.28,8105,68910.1,8536.32,53.12,1.06583
15388.4,15101,66783.3,3626.22,3385,70206.2,16365.2,15.77,1.06695
14401,13188,71564,12106.4,10992,72180.1,26946.7,4.98,1.06806
11868,11253,69117.9,7938.06,7597,68478.2,6519.24,39.84,1.06806
14329.6,14185,66204.3,5207.28,5117,66692.3,8769.54,8.3,1.06918
16088.1,15805,66710,6704.1,6477,67833.9,10968.4,75.53,1.0703
11242.4,10565,69738.2,6750.9,6385,69291.6,26123.8,-15.77,1.07142
15966.4,15837,66071.5,5694.78,5737,65053.7,15078.2,24.9,1.07142
15967.1,15905,65791.8,5672.94,5637,65953.8,17613.2,4.98,1.07365
7801.64,7876,64917.3,3666,3616,66442.2,13536.1,0.83,1.07477
37096.7,28549,85157.8,27855.4,21733,83998,40801.8,128.65,1.077
6708.88,6832,64355,2759.64,2792,64776.4,17411.9,-2.49,1.077
9878.36,9946,65090.3,4664.4,4558,67065.9,7353.84,-0.83,1.07924
5665.76,5813,63876,1119.3,1125,65204,25709.6,-40.67,1.08035
11217.3,10158,72370.1,7258.68,6698,71021.9,56578.9,86.32,1.08035
8043.04,8145,64715.6,2972.58,2989,65176,7004.4,-10.79,1.08147
13997.8,12481,73500.5,7771.92,7041,72339.2,28508.2,-22.41,1.08147
22178.2,21422,67849.4,8291.4,7630,71216.9,9972.3,27.39,1.08259
17424.3,15757,72470.7,10377.1,9373,72556.8,25323.5,24.9,1.08371
13361.3,13193,66372.1,5489.64,5401,66611.6,8102.64,-9.13,1.08482
12755.4,12722,65708.3,4848.48,4834,65732.3,11230.4,34.03,1.08482
8756.36,8040,71375.2,8235.24,7676,70310.7,11485.5,-13.28,1.08594
24342,19073,83640.5,14986.9,12849,76440.4,21557.6,40.67,1.08706
12565.7,11700,70385.2,6373.38,5888,70938.5,7870.2,29.88,1.08706
18382.4,17457,69010.2,10893.5,10465,68219.3,15708.4,28.22,1.08706
8049.16,8121,64956.3,3290.04,3277,65796.8,22132.5,8.3,1.08817
11959.2,11762,66634.5,5579.34,5441,67202.3,14572,-4.98,1.09041
15458.4,13925,72752.9,13596.2,12801,69607,34107.1,81.34,1.09153
8077.72,8233,64299.9,3173.04,3181,65372,9785.88,-23.24,1.09376
14292.9,14281,65590.7,3342.3,3204,68364.8,11834.9,3.32,1.096
8873.32,8869,65567.9,3966.3,3885,66907.4,7285.98,4.15,1.09823
10057.9,9058,72770.3,5998.2,5602,70171,10687.6,40.67,1.09823
26745.1,23432,74802.2,13511.2,12028,73617.2,27766.4,34.03,1.09935
6757.84,6852,64635.4,3019.38,3052,64835.5,7499.7,22.41,1.10493
5338.68,5429,64445.7,2296.32,2309,65176.1,13003.4,-4.98,1.10717
27856.9,16889,108096,11037,7133,101405,41354.8,146.08,1.11164
14298.4,14040,66742,5653.44,5537,66914.2,25324.3,50.63,1.11275
17215.6,17005,66347.5,6369.48,6240,66895.9,7419.36,4.98,1.11611
9989.2,9256,70727.3,7344.48,7084,67945.8,5981.04,69.72,1.11834
7802.32,7813,65446.4,3251.82,3181,66995,8096.4,-5.81,1.11946
26098.4,24256,70513.9,16075,15232,69163.1,19961.8,40.67,1.12169
13062.1,11532,74231.6,8309.34,7509,72521.1,33153.1,59.76,1.12169
11019.4,10460,69040.9,5929.56,5640,68900.6,6109.74,1.66,1.12281
22328.5,21345,68555.6,10689.1,10433,67144.8,10903.6,10.79,1.12393
11961.2,11478,68294.9,4889.04,4566,70172.6,20049.1,14.11,1.12393
13403.5,12333,71224.4,11004.2,10057,71708.6,30146.2,34.03,1.12504
22380.2,21511,68184,13137.5,12483,68972.3,7264.14,81.34,1.12504
11931.3,11908,65664.1,6607.38,6596,65649.1,28974.7,68.89,1.12616
10212.2,9769,68509.5,4619.94,4393,68921.6,26701,-11.62,1.12728
15092.6,14943,66192.1,6144.84,6139,65598.3,13278.7,20.75,1.12951
16549.8,16278,66630.4,8684.52,8594,66226.3,9369.36,38.18,1.13175
11826.6,11940,64913.4,3797.82,3784,65775.3,5867.94,-11.62,1.13175
10274.8,10306,65337.6,5068.44,5010,66300.5,15480.7,-3.32,1.13286
23466.1,19013,80885.5,16061.8,13909,75679.3,31363,101.26,1.1351
11175.1,11264,65018.9,4709.64,4644,66462.3,6579.3,1.66,1.1351
8095.4,8151,65089,3495.18,3479,65840.8,18124.1,11.62,1.13622
14873,12707,76706.9,10466,9511,72116.8,16118.7,92.13,1.13733
12218.9,11121,72006,9433.32,8945,69113.7,22672.3,15.77,1.13845
17231.2,16285,69343.8,8122.14,7405,71882.9,47881.9,45.65,1.14068
16857.9,16649,66358.2,6495.06,6409,66416,17954,-13.28,1.1418
22595,16840,87932.8,20059.3,16497,79687.4,14257.6,126.16,1.14292
9704.96,9510,66879.5,6927.18,6758,67176.6,28142.4,33.2,1.14404
18988.3,18758,66340.7,5588.7,5446,67253.2,10480.9,65.57,1.14515
15346.2,14057,71546.6,12248.3,11673,68766.1,34660.1,78.02,1.14627
39768.4,28717,90756.9,24121.5,18121,87237.3,31821.7,140.27,1.14739
14170.5,13832,67139.9,7359.3,7052,68391.8,12187.5,43.99,1.15074
15595.8,15545,65750.2,5431.92,5380,66168.5,11909.8,29.88,1.15074
17429.1,16804,67973.8,9590.1,9024,69647.3,30074.5,193.39,1.15521
14911.7,14416,67789.6,7899.84,7716,67097.5,48991,47.31,1.15633
9577.12,9154,68565.2,5604.3,5266,69746.2,31255.4,23.24,1.15744
19214.8,12608,99877.7,11120.5,7692,94746.6,22604.4,77.19,1.15744
11578.4,11404,66538,3905.46,3761,68053.2,33039.2,65.57,1.15744
8507.48,8417,66240.5,4567.68,4421,67710.4,10903.6,28.22,1.15856
7403.16,7564,64142.5,3196.44,3217,65117.2,15887.8,-29.05,1.15968
8904.6,9016,64726.2,3798.6,3772,65998.2,13978.4,26.56,1.15968
13449,13433,65614.3,4621.5,4601,65828,8026.2,40.67,1.16079
14154.2,14049,66026.7,4938.18,4897,66087.1,22740.9,-8.3,1.16415
11328.8,10656,69673.8,5996.64,5492,71557.9,18695.8,61.42,1.16638
8277.64,8312,65265.1,3772.08,3720,66453.5,12563.5,-32.37,1.16638
19303.2,18890,66969.4,6771.18,6666,66570.1,7282.86,-13.28,1.16861
11164.2,10311,70959.1,5636.28,5239,70505.7,9090.9,9.13,1.16973
14553.4,14407,66201.8,5339.88,5223,67002.6,28051.1,25.73,1.17197
14085.5,13860,66602.4,5204.94,4900,69614.5,17022.7,54.78,1.17308
13351.1,12882,67922.6,5482.62,5122,70150.1,11816.2,4.15,1.1742
12456.9,12150,67191.5,5240.04,5106,67256.4,10928.6,3.32,1.17532
17166.6,16805,66946.2,7392.84,7249,66836.4,17705.2,41.5,1.17867
17495.7,16696,68675.1,12324.8,11304,71454.1,32044,48.14,1.1809
11347.2,11369,65410.1,4381.26,4340,66159,23144.9,27.39,1.1809
11870.8,11697,66509.5,4485.78,4389,66981.1,7241.52,74.7,1.18202
13230.8,13036,66515.1,4546.62,4456,66868.8,22602.8,47.31,1.18426
14826,14584,66623.7,6340.62,6216,66849.9,9389.64,25.73,1.18537
7366.44,7484,64506.5,2754.18,2728,66164.9,5920.98,6.64,1.18649
9650.56,9704,65175.1,3707.34,3720,65313,7807.02,9.96,1.18649
23111.8,18778,80661.3,13503.4,11645,75994.5,18128.8,-3.32,1.18761
42221.2,33698,82112,21817.4,16562,86331.6,26983.3,101.26,1.18872
25755.7,24611,68584.1,10747.6,10371,67915.9,13380.9,36.52,1.18872
48554.7,33193,95866.1,43251,31940,88744.5,20881.4,175.96,1.19096
12147.5,11972,66496.8,5325.06,5236,66650.7,18201.3,54.78,1.19096
8836.6,8481,68283.9,5675.28,5477,67908.6,8906.82,75.53,1.19096
32474.1,24732,86051.3,23978.8,19004,82691.6,48634.6,415,1.19208
8759.08,8290,69244.3,6746.22,6290,70289.4,10416.1,33.2,1.19543
30763.9,20125,100181,20976.5,15449,88984.3,59585.8,45.65,1.19878
12427,11669,69793.1,7548.06,6945,71226.7,24593.4,27.39,1.19878
11494.7,11391,66132.7,5401.5,5387,65712.4,15528.2,-26.56,1.19878
12517.4,12572,65251.6,4927.26,4956,65156,10822.5,1.66,1.1999
14677.1,14512,66281.7,7510.62,7288,67537.9,6339.06,25.73,1.20101
11801.4,11011,70240.4,7228.26,6787,69796.9,30632.9,43.99,1.20437
15286.4,13375,74901.6,11018.3,9772,73894.2,52864.5,9.96,1.20883
18800.6,17784,69282.4,9790.56,9004,71261,6442.8,47.31,1.21219
33559.4,23119,95131.5,33001,25980,83246.9,87179.8,141.1,1.21442
14936.9,14792,66177.9,5895.24,5816,66428.9,12430.9,0.83,1.21666
7713.92,7852,64383.5,2930.46,2940,65323.3,6867.9,-7.47,1.22001
18759.8,16773,73299,9311.64,8357,73022.3,6091.02,22.41,1.22112
10943.9,10964,65416,4462.38,4432,65985.2,7031.7,41.5,1.22112
5580.76,5638,64870.6,2986.62,2930,66802.4,7434.18,12.45,1.22448
12090.4,11912,66517.5,4215.9,4104,67322.9,7940.4,49.8,1.22671
18596.6,16868,72252.2,9320.22,8508,71792.4,21937.5,99.6,1.22783
17752.1,14967,77731,13331,11991,72859.6,15085.2,17.43,1.23006
11918.4,11189,69808,7978.62,7705,67863.3,25427.2,58.93,1.23006
60161.6,39466,99902.5,47597.2,31038,100500,61852.4,114.54,1.23341
16608.3,15253,71359.3,14568.8,13697,69707.5,37399.4,86.32,1.23341
16705.6,16265,67311.1,6828.12,6729,66501.4,28580.8,12.45,1.23341
14774.4,14194,68215.6,6744.66,6578,67196.4,5740.8,35.69,1.23341
17138,16529,67950.8,7152.6,7049,66499.2,9345.18,11.62,1.23453
11726.6,11711,65623.3,6287.58,6095,67606.7,16533.7,36.52,1.23565
17053.7,16914,66077.4,7500.48,7474,65768.2,18403.3,19.09,1.23677
7201.88,7332,64372.9,3531.84,3548,65237.5,7793.76,42.33,1.23788
10851.4,10947,64963.9,3843.06,3831,65742.3,16171.7,-21.58,1.24012
13129.4,12680,67858.9,5645.64,5532,66882.3,7575.36,2.49,1.24012
24538.5,19616,81981.8,16035.2,13620,77157.5,41638.7,29.05,1.24123
20246.3,18548,71536.7,11757.7,10560,72969.1,22233.9,20.75,1.24235
11878.9,11901,65414.4,3891.42,3929,64909.2,43992.8,2.49,1.24347
23619.1,19909,77748.9,10721.1,9129,76965.5,46786.7,-5.81,1.24459
13985.6,12248,74833.3,7660.38,6440,77955.1,55940,36.52,1.24459
11926.5,11961,65347.1,3697.2,3709,65327.5,10370.9,37.35,1.2457
15600.6,15250,67042.5,7058.22,6982,66251.4,8686.86,31.54,1.24682
11493.4,11345,66393,5088.72,5061,65895,27314.8,25.73,1.24794
6729.28,6839,64484.6,2609.1,2611,65488.3,10246.1,17.43,1.24905
15284.4,14741,67951.7,6093.36,5881,67902.5,8269.56,84.66,1.24905
13808.1,13293,68075.4,6963.84,6541,69772.5,17301.2,12.45,1.24905
9435,9421,65633.4,3543.54,3504,66275.5,7142.46,43.16,1.24905
15803.9,14126,73320.3,9132.24,8346,71709.9,29703.2,115.37,1.24905
11917,11885,65712.5,4159.74,4153,65642.4,10612.7,58.1,1.25017
10576.7,10565,65608.7,4277.52,4257,65851.9,12217.9,44.82,1.25017
32772.6,25170,85331.2,15641.3,12678,80854.3,28647.1,16.6,1.25017
10569.9,9399,73700.4,10292.1,9431,71519.8,36313.7,58.1,1.25017
15193.2,15125,65831.7,5188.56,5217,65178.7,13429.3,2.49,1.25241
11039.8,10916,66279.3,5258.76,5200,66276.6,8682.18,10.79,1.25576
15931.7,15159,68876.7,7940.4,7379,70522,10928.6,42.33,1.25576
9370.4,9325,65855.1,4092.66,4064,65998.2,21085.7,9.96,1.25688
11388.6,11528,64743.7,4314.96,4389,64430.4,8736,17.43,1.25799
18220.6,17421,68544,10927.8,10224,70047.4,19528.1,89.64,1.25911
27289.1,22654,78944.9,16978.3,13978,79602.8,31920.7,73.04,1.26246
60445.2,43664,90723.2,35136.7,26072,88321.4,77652.9,156.04,1.26358
12015.6,11264,69909,8368.62,7700,71226.7,43520.1,92.96,1.26358
32410.8,25689,82684.3,26470.1,21065,82351.9,104237,97.11,1.26581
21280.6,17501,79689.5,15013.4,12873,76432.9,43307.2,74.7,1.26581
7632.32,7669,65222.6,4355.52,4241,67305.7,12817,44.82,1.26805
17141.4,16500,68083.7,9236.76,8968,67500,9477,17.43,1.26805
17773.8,16908,68892,14233.4,13105,71179.1,20224.6,74.7,1.2714
8967.16,8843,66456.2,5525.52,5487,65996.1,19303.4,56.44,1.2714
11885.7,11899,65462.9,4864.86,4863,65561.1,5806.32,5.81,1.27252
13419.8,13349,65883.6,7019.22,6845,67204,16887,28.22,1.27475
7604.44,7787,63999.6,3216.72,3215,65571.1,9374.04,-2.49,1.27587
16383.2,15945,67337.2,6651.06,6436,67725.9,14919.1,33.2,1.28257
13123.3,11769,73077.6,8205.6,7332,73344.5,33723.3,25.73,1.28257
11033,11086,65222.7,3712.02,3738,65080.5,11715.6,-30.71,1.28481
29554.8,28284,68480.6,14366.8,13772,68366.5,24727.6,55.61,1.28481
28428.8,23884,78006.5,11650.1,10092,75653.9,44934.2,26.56,1.28704
51344.8,38953,86384.4,39723.1,31284,83214.8,85609.7,195.88,1.28816
6576.28,6621,65093.4,2939.04,2928,65783.1,6646.38,4.15,1.28816
10017.8,10000,65652.4,3807.18,3760,66358.3,13929.2,40.67,1.28816
13708.1,13556,66271.4,5016.96,4996,65811,15415.9,19.09,1.28927
51879.9,35399,96048,51919.9,38836,87615.2,38500.8,203.35,1.28927
8879.44,8955,64983,4665.18,4671,65454.3,15755.2,32.37,1.29151
9883.12,10087,64211.4,3556.8,3559,65495.5,21675.4,4.15,1.29374
8854.28,8669,66936.7,6073.86,5792,68725.2,14590.7,29.88,1.29374
13625.8,12555,71125.7,6976.32,6687,68371.5,23461.6,11.62,1.29374
11283.9,10927,67676.7,6693.18,6491,67577.3,16754.4,-9.96,1.30045
20336.1,18943,70355.6,10411.4,10044,67933.5,7243.08,62.25,1.30156
9612.48,9733,64724.5,2351.7,2361,65277.8,8319.48,5.81,1.30268
15774.6,15346,67366.5,7140.12,6978,67058.6,22770.5,105.41,1.30492
17661,15891,72835.5,11368.5,10371,71839.4,6332.04,52.29,1.30492
18218.6,17694,67478.9,8143.98,8041,66375.3,40209,23.24,1.30715
12030.6,10854,72640,9445.02,8870,69784.5,7913.1,70.55,1.30827
10776.6,10816,65297.5,4058.34,4052,65638.5,16657.7,-3.32,1.30938
9650.56,9473,66764.4,5018.52,4997,65818.2,11025.3,13.28,1.3105
22509.4,18961,77800.4,14026.7,12561,73183.4,7452.12,58.93,1.31497
28681.7,23562,79776.1,19823.7,17450,74450.8,13770.1,73.87,1.31609
9515.92,9504,65618.2,3903.12,3876,65994.6,25584,6.64,1.31721
13240.3,12940,67056.8,7009.08,6785,67700.4,16685,10.79,1.31944
20558.4,18309,73587.7,14338,13021,72164.4,25991.2,13.28,1.31944
12529.7,11748,69896.6,5693.22,5368,69506.5,5869.5,26.56,1.31944
12104.7,12014,66030.7,4984.98,4958,65892.6,5569.2,2.49,1.31944
11317.2,11395,65088.8,3141.06,3139,65579,17194.3,-14.11,1.32056
18573.5,17849,68196.2,8448.18,8189,67610.2,28207.9,63.91,1.32279
12589.5,11930,69159,9714.12,9082,70097.4,18263.7,30.71,1.32279
15506.7,15164,67017.2,6789.12,6680,66606.6,25430.3,34.86,1.32279
16297.6,16299,65530.2,6215.04,6107,66695.4,9509.76,83,1.33061
5291.08,5494,63115.4,2466.36,2486,65018.2,15537.6,14.11,1.33173
19740.4,17752,72876.7,11296,10232,72350.7,38148.2,23.24,1.33285
27824.9,19533,93356.6,25193.2,18973,87021.7,16731.8,81.34,1.33285
33460.8,27761,78991.5,21080.3,16777,82345.9,42854,70.55,1.33396
13729.9,13694,65707.7,4095.78,4062,66081,14230.3,63.91,1.33732
11077.9,8572,84694.4,11615,10328,73702.5,9905.22,34.86,1.33732
12716,12470,66828.9,5971.68,5814,67313.4,13204.6,-9.96,1.33732
19144.7,18795,66755.4,6711.9,6687,65780,17911.1,62.25,1.33732
16713,16540,66221.6,4735.38,4668,66482,15199.1,2.49,1.33732
17076.8,15923,70285,10063.6,9239,71384.9,9862.32,8.3,1.33843
36647.2,25939,92590.8,26772.7,19687,89123.6,14919.1,116.2,1.34178
17944.5,16697,70432.5,10723.4,9929,70779.7,32915.2,50.63,1.3429
12619.4,12338,67030.9,6829.68,6774,66074.7,16607,56.44,1.34402
10656.3,10518,66397.6,6619.08,6374,68055.8,37435.3,53.95,1.34514
31590.8,23193,89265.4,20952.4,16788,81792.6,26683,85.49,1.34737
16228.2,14165,75081.6,8745.36,8061,71099.8,16635.8,35.69,1.3496
18731.3,17980,68274.4,10469.9,10008,68560.9,11159.5,54.78,1.3496
15424.4,15280,66155.5,6279,6284,65483.9,10215.7,34.03,1.35072
13049.2,12757,67037.1,7449,7125,68516.2,12955,65.57,1.35184
14004.6,13945,65816.1,5276.7,5277,65532.3,8252.4,13.28,1.35184
18789.8,17592,69998,8267.22,7676,70583.7,10994.1,40.67,1.35184
6776.2,6921,64164.9,2949.18,2953,65451.2,24949.9,67.23,1.35519
11764,11619,66353.9,5376.54,5251,67102.8,13169.5,27.39,1.35519
10331.9,10020,67576.1,6445.92,6100,69252.4,15720.1,73.04,1.35519
15557.7,15468,65916.1,4698.72,4673,65896.7,9589.32,66.4,1.35854
8614.92,8553,66010.5,4074.72,4004,66693.5,33972.9,2.49,1.35966
11707.6,10929,70204.6,6282.9,5841,70494.1,7855.38,28.22,1.35966
39257.8,25472,101005,29250.8,21948,87341.9,49689.1,148.57,1.36078
8404.8,7564,72820.9,8527.74,7829,71385.1,42288.5,46.48,1.36189
17486.2,17160,66781.8,6659.64,6645,65680.4,16298.1,3.32,1.36525
9192.92,9228,65286.9,3612.96,3608,65626.1,14347.3,11.62,1.36636
11687.2,11350,67482.8,6952.92,6594,69103.2,41673.1,-17.43,1.36748
14853.2,14510,67086.3,7319.52,7226,66384.2,17098.4,79.68,1.36971
9709.72,9718,65480.2,5792.28,5669,66961.2,13927.7,68.06,1.36971
12365.1,12278,66001,5399.16,5362,65990.2,37231.7,80.51,1.36971
34933,25652,89247.1,26624.5,19412,89885.9,42357.9,75.53,1.37195
10838.5,10868,65358.2,3988.14,3920,66675.2,11430.9,69.72,1.37642
42282.4,29941,92549.3,38668.5,30961,81850.7,49362.3,106.24,1.37977
5087.08,5115,65178.3,2747.16,2731,65923.8,6775.86,34.86,1.38089
6881.6,6937,65012.6,3136.38,3197,64293.3,20119.3,27.39,1.38424
14550.6,14263,66857.7,5927.22,5843,66480.6,7732.92,29.88,1.38647
10595.8,10626,65349.5,3675.36,3670,65631.7,11470.7,-16.6,1.38759
37101.5,29500,82423.1,21505.4,18060,78038.6,13871.5,4.15,1.38759
12144.1,11982,66422.7,4937.4,4830,66993.3,28656.4,53.95,1.39318
10264.6,9980,67404.9,6175.26,6033,67081.4,6548.88,34.03,1.39429
11984.3,11415,68804.6,6305.52,5843,70723.7,32345.8,14.94,1.39541
9840.28,9771,66000.7,3511.56,3451,66686.1,21499.9,47.31,1.39541
17197.9,16941,66529.7,6829.68,6720,66605.6,10660.3,34.86,1.39988
11028.9,10777,67068,5972.46,5641,69386.8,7963.02,27.39,1.401
11595.4,10930,69525.5,8441.16,8166,67744.3,9801.48,72.21,1.40211
9095.68,8659,68841,4488.12,4167,70586.4,6123,53.12,1.40435
10780,10912,64743.5,2513.16,2532,65048.4,31023.7,18.26,1.40435
13817.6,13624,66467.3,6622.2,6316,68713.2,12951.1,33.2,1.40547
7959.4,8051,64790.4,3420.3,3399,65946.7,8250.84,3.32,1.40658
5649.44,5760,64278.1,2386.02,2368,66034.7,10800.7,2.49,1.40882
9154.16,9164,65465.6,4003.74,3957,66310.1,5598.84,-4.15,1.40882
25041.7,21844,75129.6,13113.4,11240,76458.8,44208.1,12.45,1.40993
13029.5,12897,66209.2,4890.6,4801,66759.1,8023.86,68.89,1.41105
31319.4,26979,76079.6,19673.2,15191,84872.6,49857.6,33.2,1.41217
13023.4,12885,66239.7,4669.08,4613,66332.7,16149.9,10.79,1.41329
12209.4,11988,66746.4,5294.64,5224,66422.2,24479.5,0,1.41664
6741.52,6874,64273,2680.08,2670,65783.4,18693.5,-32.37,1.41664
37874.6,22481,110411,40748,28133,94922.7,73653.8,132.8,1.41887
20691,16852,80465.7,12025.3,9888,79701.4,32902.7,59.76,1.41887
15406.1,15219,66341.6,6087.12,6051,65927.2,5940.48,37.35,1.41887
9799.48,9617,66779.5,4340.7,4281,66449.9,11360.7,-14.94,1.41887
14567,14520,65748,4524,4504,65827,32295.9,20.75,1.41999
16777,15141,72617.1,15666.3,14693,69877.3,33671.8,35.69,1.42111
8512.24,8608,64806.9,2991.3,2996,65433.2,11487.1,-16.6,1.42334
12847.2,12798,65788.2,5272.8,5162,66942.7,14385.5,14.11,1.43004
18870.7,18281,67650,7189.26,7065,66688.7,20502.3,18.26,1.4401
8992.32,8652,68113.8,6661.2,6204,70365.6,64488.8,82.17,1.44345
41303.2,26592,101792,32265.5,21052,100444,28523,156.04,1.44457
17926.2,16482,71278.3,13497.1,12258,72160.8,30548.7,86.32,1.44792
13619,13244,67391.8,6056.7,5905,67219.6,8558.16,27.39,1.44792
20349,15668,85115.7,17013.4,14068,79257,10318.6,44.82,1.44792
25268.8,21280,77820.3,9577.62,7296,86030.5,14964.3,8.3,1.44904
13731.2,13661,65873,6553.56,6329,67861.3,9282.78,24.9,1.44904
15686.9,15200,67635.4,6654.18,6496,67131.8,38247.3,-4.15,1.45127
11264.2,10969,67299.7,5658.9,5561,66689.8,18618.6,44.82,1.45909
18687.8,17485,70044.1,13032.2,12461,68540.3,58396.3,71.38,1.45909
12452.2,12381,65912.7,6895.2,6608,68384.4,9004.32,17.43,1.46021
20461.2,19677,68147.9,8555.04,8320,67387.4,26760.2,74.7,1.46133
10976.6,10960,65635,4889.82,4852,66046.8,24196.4,19.92,1.46244
107845,70741,99909.6,74680.3,47141,103822,16376.9,317.89,1.46356
10161.2,9432,70603,7567.56,6924,71627.3,23601.2,53.95,1.4658
6892.48,6925,65228.2,3455.4,3389,66820,6814.08,33.2,1.46691
10832.4,10678,66483.6,4893.72,4822,66510.8,6379.62,50.63,1.46691
11149.3,10879,67164.2,7161.96,6652,70560.2,11817.8,12.45,1.46803
13020,12137,70303.7,6232.2,5604,72882.5,13341.1,14.94,1.46915
33298.2,27152,80371,18559.3,15356,79207.1,21414.9,39.01,1.46915
10285,10177,66231.5,2896.92,2845,66732,30903.6,-18.26,1.47026
15142.9,14317,69316.6,8023.08,7705,68241.5,11121.2,9.96,1.47026
13360,13156,66552,4733.82,4640,66861.1,24892.1,-0.83,1.47026
12424.3,11748,69308.6,7597.2,7048,70642.8,47257.1,20.75,1.47026
12654.8,12472,66496.5,4610.58,4552,66379.4,10456.7,2.49,1.47026
14567,14341,66568.6,5769.66,5697,66371.9,32880.1,28.22,1.47138
16754.5,15272,71897.9,8310.9,7564,72007.3,51540.1,-1.66,1.4725
17025.2,16099,69306.2,7524.66,7008,70367.6,6071.52,-6.64,1.47697
19760.8,19066,67924.3,9436.44,9130,67735.6,8792.16,70.55,1.47809
15583.6,14884,68616.2,8456.76,8168,67852.9,40740.2,18.26,1.48032
10640.6,10041,69449.8,8409.18,8061,68366.7,49154.8,94.62,1.48255
16037.8,15593,67405.5,4953.78,4841,67062.8,41974.1,91.3,1.48255
7214.8,7280,64949.1,3208.14,3200,65702.7,5842.98,-2.49,1.48479
11612.4,11201,67942.8,5830.5,5669,67403,14619.5,111.22,1.48479
5679.36,5704,65252.9,3371.16,3288,67193.5,9328.8,53.12,1.48479
10083.7,9947,66436.8,5998.98,5851,67193.5,8643.18,28.22,1.48926
5614.76,5697,64589.9,2588.04,2561,66228,14971.3,14.94,1.49037
30748.2,16044,125599,15190.5,7468,133305,27876.4,51.46,1.49149
14477.2,14049,67533.5,8876.4,8577,67823.7,19476.6,68.06,1.49373
31745.8,23223,89587.6,25066.9,18823,87275.2,18482.9,160.19,1.50043
15768.5,15333,67397.5,8913.06,8409,69464.4,11285,27.39,1.50155
19489.5,18728,68200.7,11595.5,11345,66982.9,8213.4,66.4,1.50266
15822.2,15564,66623.4,5925.66,5740,67655.8,7932.6,56.44,1.50602
14175.3,13419,69229.5,7853.82,7531,68345.2,18932.2,-53.12,1.50825
9382.64,9381,65547.5,3541.98,3537,65628.3,9410.7,-9.96,1.50937
13430,13261,66371.2,5014.62,4937,66566.4,26111.3,-20.75,1.50937
15085.8,14805,66779,5516.16,5409,66834.4,5798.52,17.43,1.51048
24994.8,23121,70847.1,13320.8,12165,71762.8,20212.9,34.86,1.51272
12443.3,12492,65280.6,4575.48,4588,65357.2,30902,30.71,1.51384
24750,19328,83920.4,22845.4,18960,78966.1,9031.62,117.03,1.51495
21121.5,19564,70753.3,12504.2,11452,71557.3,12284.2,57.27,1.51942
25557.8,20477,81796.9,13798.2,11513,78544.2,35705.3,40.67,1.52166
18997.8,18392,67694.8,7335.9,7052,68174.4,57078.8,58.93,1.52277
13287.2,13002,66973.5,5793.84,5674,66920.2,41687.1,73.87,1.52613
10550.9,10548,65553.9,3927.3,3896,66062.5,7159.62,-18.26,1.52724
9207.88,9217,65471.2,3120,3149,64932.5,5697.9,29.05,1.52836
14685.3,13625,70635.9,8309.34,7588,71766.1,13016.6,24.07,1.52948
17108.8,16657,67313.6,8736,8417,68019.8,28208.7,117.03,1.52948
14210,13044,71394,7547.28,6772,73038.8,7760.22,0.83,1.52948
15189.2,15084,65992.9,4807.14,4760,66185,15263.8,-26.56,1.53059
7435.12,7561,64444.9,3811.08,3833,65161.2,18262.1,9.13,1.53283
11166.3,10116,72340.2,7417.8,6992,69527,24406.2,-5.81,1.53283
5709.28,5920,63203.3,2305.68,2344,64464.6,6506.76,-34.86,1.53395
10030,9779,67218.1,5435.82,5319,66975.4,27872.5,45.65,1.53842
10226.5,10249,65392.3,3648.06,3604,66337.2,5644.08,53.12,1.54177
25437.4,19860,83941,13760,10660,84594.2,10372.4,90.47,1.54177
11777.6,11780,65522.6,3658.2,3588,66818.2,7125.3,48.97,1.54288
9222.16,9248,65352.9,3236.22,3236,65540.5,8487.96,53.12,1.54288
13969.9,13208,69316.5,8090.94,7617,69613.7,17419,97.11,1.544
9528.16,9648,64722,3172.26,3172,65541.4,26584,53.95,1.54512
28179.9,23246,79445.8,18310.5,15726,76306.6,6325.8,60.59,1.54624
15512.8,13986,72690.5,9712.56,8742,72812,27119,41.5,1.54624
14386.8,14061,67054.3,6502.08,6157,69209.1,6025.5,-6.64,1.54624
10617.5,10514,66181.3,4451.46,4422,65972.6,19478.9,14.11,1.54624
11938.8,11720,66759.3,5513.04,5496,65739.2,6881.94,9.96,1.54735
12563.7,12461,66076,5482.62,5433,66134.5,15532.1,10.79,1.54847
6101.64,6239,64093.1,2530.32,2539,65312,9030.84,56.44,1.54959
6750.36,6861,64479.2,2771.34,2777,65402.4,6540.3,-21.58,1.54959
11502.2,11593,65022.7,4669.08,4644,65889.9,24859.4,68.89,1.54959
48539.1,30840,103147,30383.3,20289,98142,30760.1,215.8,1.5507
12728.2,11885,70185.8,6503.64,5904,72192.2,25197.1,73.04,1.55182
16025.6,15765,66619.2,5598.06,5489,66838.1,6931.86,28.22,1.55294
15012.4,12843,76605.9,9668.88,8511,74451.9,12647.7,68.06,1.55406
6306.32,6440,64175.6,3354.78,3308,66462.8,15511.9,-19.09,1.55406
16430.8,16204,66453.4,5788.38,5740,66088.4,8364.72,39.84,1.55517
12699.7,12797,65037.6,7089.42,6953,66821.8,11422.3,79.68,1.55517
13243,12390,70047.9,6313.32,5906,70055.8,10429.4,13.28,1.55629
11923.8,11932,65491,4399.98,4264,67626,6185.4,2.49,1.55853
10302,10400,64918.5,3290.04,3312,65101.5,8914.62,29.05,1.56076
13779.5,13744,65705.4,4585.62,4592,65444.9,19938.4,25.73,1.56411
8752.28,8837,64907.7,3257.28,3253,65622.2,12884,56.44,1.56523
13090,12640,67869.2,8250.06,7796,69353,26144,24.9,1.56635
22686.8,21015,70749.7,11281.9,10679,69236.1,30538.6,35.69,1.5697
13710.8,13745,65373.1,5559.84,5541,65758.8,14742.8,57.27,1.57081
19057,16078,77678.8,10940.3,9630,74453,7973.16,8.3,1.57193
25424.5,20844,79937.7,19595.2,17288,74282.1,51831,28.22,1.57193
36248.8,23300,101957,25516.1,17728,94326.8,22442.2,105.41,1.57193
11802.8,11695,66139.9,5983.38,5947,65936.9,6645.6,-8.3,1.57305
11417.2,11400,65634.9,4729.14,4700,65942.3,14716.3,-29.05,1.57417
36762.8,29357,82068.7,27339.8,22720,78861.8,7065.24,122.01,1.57417
6596.68,6763,63924.3,2672.28,2687,65177,23200.3,39.01,1.5764
11296.8,10611,69771.9,6759.48,6339,69883.2,28955.2,34.03,1.5764
11800.7,11171,69230.3,7978.62,7363,71015.5,29058.9,34.86,1.5764
20624.4,19346,69866.7,9556.56,9282,67474.5,12922.3,-28.22,1.57864
9666.88,9711,65238.3,3602.04,3611,65373.4,11338.9,-11.62,1.57864
14723.4,13668,70596.3,5889.78,5328,72446.1,41301,22.41,1.57975
23910.8,22900,68428.9,10055.8,9716,67827.7,7212.66,59.76,1.57975
14270.5,12864,72701.4,9145.5,8344,71831.2,5664.36,-34.03,1.58199
17709.2,17428,66593.6,7425.6,7248,67141.9,33593.8,32.37,1.5831
8402.76,8412,65464,3842.28,3848,65438.6,5959.98,39.01,1.58422
44637.2,31539,92753.3,33650,26343,83714.3,31168.8,104.58,1.58534
11415.2,11281,66315.4,6179.94,6113,66253.6,8466.9,-3.32,1.58646
22596.4,17801,83190.7,13789.6,11892,75993.6,27545.7,97.11,1.58646
13430,13498,65205.8,4846.92,4862,65332.7,6775.08,63.08,1.58757
16181.3,16025,66175.1,5651.1,5645,65606.8,20227.7,2.49,1.59092
14257.6,14213,65741.5,4162.86,4101,66524.6,9343.62,29.05,1.59092
12930.9,11696,72455.4,7442.76,6736,72412.2,34978.3,59.76,1.59316
9203.8,9205,65527.5,4137.12,4105,66048.8,7627.62,46.48,1.59316
10688.2,10749,65165.6,3869.58,3869,65545.8,16199.8,1.66,1.59428
12750,12565,66500.9,4832.1,4761,66514.7,16151.5,15.77,1.59763
13408.9,13017,67509.2,6019.26,5929,66533.7,15374.6,51.46,1.60098
27051.8,25673,69055.6,15253.7,14180,70498.2,14618,53.95,1.60321
16222.8,16081,66113.7,7512.96,7477,65851.2,13440.2,48.97,1.60433
21311.2,20628,67706.6,9545.64,9376,66721.7,10966,34.86,1.60545
25917.5,21180,80195,13831,12065,75128.5,45257.2,68.89,1.60545
6971.36,7168,63738.1,1720.68,1768,63781.9,5915.52,15.77,1.60657
12937,12941,65515.7,4031.04,4057,65116.6,24901.5,34.86,1.60768
15940.6,15057,69381.7,9875.58,9273,69794.7,19764.4,18.26,1.6088
13932.5,13737,66468.8,5977.92,5949,65854.6,13926.1,0,1.6088
13447.7,12681,69498.2,7278.96,6781,70348.6,17891.6,65.57,1.61103
59920.9,41385,94888.9,46622.2,35901,85107.1,16178,185.92,1.61103
12197.2,11813,67667.2,6310.2,6029,68592.7,11147,35.69,1.61103
13330,11862,73646.7,8484.06,7890,70470.4,29381.8,34.86,1.61103
10500.6,9805,70185.1,7257.12,6896,68967.9,5569.2,36.52,1.61327
22354.3,17816,82230.2,15060.2,13020,75805.5,85203.3,92.96,1.61327
8542.16,8605,65057.4,3318.12,3353,64854.3,6199.44,-11.62,1.61439
22328.5,19168,76341.8,11173.5,9876,74146.1,53696,63.08,1.61439
19815.9,17812,72908.9,10704.7,9712,72234.8,9559.68,45.65,1.61997
9608.4,8055,78174.6,8652.54,7747,73196.4,7611.24,20.75,1.62221
10185,10097,66107.4,4343.82,4333,65699.6,24171.4,19.92,1.62332
31343.9,25596,80253,20547.5,17048,78988.9,33863.7,131.14,1.62444
27268.7,23079,77433.2,16219.3,14035,75735.6,26542.6,72.21,1.62444
12456.2,12473,65447.9,5856.24,5737,66898.1,23525.6,30.71,1.62556
13149.8,13029,66143.8,4853.94,4645,68483.9,22786.1,28.22,1.62556
20744.8,18032,75395.3,13147.7,11908,72358.6,6308.64,46.48,1.62668
6929.88,6959,65261.8,3180.06,3215,64823.8,23031.8,13.28,1.62779
16906.8,16758,66118.1,5620.68,5494,67047.1,12017.5,41.5,1.62779
13455.8,12974,67969.9,8538.66,8074,69307.6,7768.8,23.24,1.62891
17977.8,17229,68384.5,9665.76,9289,68194.1,37397.9,45.65,1.63003
17391.7,15521,73434.8,11444.9,10337,72560.3,39747.2,28.22,1.63338
12492.3,11343,72176.1,9492.6,8687,71613.6,29954.3,97.11,1.63561
15492.4,15024,67579.4,7222.8,7152,66184.8,10003.5,40.67,1.63785
6799.32,6956,64059.8,2847.78,2856,65347.4,6091.8,-28.22,1.63785
9984.44,10128,64607.1,4619.94,4644,65196.5,13582.1,20.75,1.63785
12957.4,12804,66321.2,5945.16,5860,66488.4,35298.1,4.15,1.63785
16210.5,15231,69750.7,8566.74,7903,71040.1,34254.5,26.56,1.63897
16583.8,14533,74784.2,12310.7,10921,73875.7,40877.5,118.69,1.63897
17672.5,17019,68052.6,9275.76,9023,67371.8,13413.7,26.56,1.64008
10696.4,10405,67371.4,7196.28,7037,67019.4,30678.2,64.74,1.6412
10487,10334,66506,6029.4,5854,67499.6,17908.8,30.71,1.64232
9495.52,9463,65761.2,4861.74,4839,65844,8109.66,0.83,1.64343
9655.32,9854,64214.6,2080.26,2122,64246.9,17979.8,32.37,1.64343
8919.56,8729,66966.7,4091.88,3844,69762.1,9055.02,13.28,1.64343
11617.8,11148,68297.8,7372.56,6956,69460.6,19625.6,67.23,1.64455
13218.5,11400,75990.3,7582.38,6936,71643.4,6059.04,-27.39,1.64567
7314.08,7408,64705.1,3009.24,3024,65216.1,16464.2,-23.24,1.64679
17752.8,16892,68875.5,9860.76,9281,69629.9,5962.32,-2.49,1.64679
32474.8,17658,120527,11793.6,6458,119682,9861.54,47.31,1.6479
9670.28,9692,65389.1,4342.26,4149,68588.7,12356,30.71,1.65125
13136.9,11736,73359,7227.48,6620,71549.9,13561.9,14.94,1.65461
11780.3,11734,65794.7,4035.72,4054,65240.5,17473.6,14.11,1.65684
9669.6,9525,66530.9,3667.56,3637,66086.7,11698.4,-17.43,1.65684
11827.9,11549,67118.8,6733.74,6569,67179.5,11327.9,-4.15,1.66019
12959.4,12637,67208.2,5891.34,5789,66694.6,30219.5,-32.37,1.66131
22153,20764,69920.1,16228.7,15089,70486,27410.8,34.03,1.66354
17435.2,17276,66139.9,4006.08,4001,65619.2,13888.7,-11.62,1.66354
13988.3,13562,67595.9,7870.2,7626,67634.6,28606.5,32.37,1.66466
7900.92,7993,64781,2553.72,2548,65683.1,30831.8,-3.32,1.66801
19402.4,18929,67175.1,5452.2,5317,67202.4,25559.8,-16.6,1.67025
17966.3,17376,67762.3,8815.56,7520,76826.7,5684.64,22.41,1.67025
7434.44,7475,65180.4,3176.16,3143,66227.4,6318,1.66,1.67136
15583.6,14980,68176.5,7812.48,7508,68193.8,6299.28,-0.83,1.67136
8769.96,8787,65408.9,4293.12,4243,66310.1,8213.4,8.3,1.67248
24718,19749,82025.4,13891.8,11345,80248,32181.2,70.55,1.67695
14686.6,14202,67772.4,5669.82,5274,70454.6,38162.3,63.91,1.67807
11430.1,10285,72832.7,9652.5,8985,70404.7,38129.5,43.99,1.67807
12914.6,12488,67774.6,6118.32,5989,66951.1,5850,31.54,1.67919
11234.3,11302,65143.3,4366.44,4322,66209.9,8589.36,40.67,1.68142
25172.2,21089,78225.1,15289.6,13381,74883.5,59018.7,76.36,1.68365
17204.7,16962,66473.6,6130.8,6018,66764.4,30511.3,25.73,1.68365
10533.9,9866,69972.5,7459.92,7038,69464.8,7768.02,-16.6,1.68477
26794.7,22829,76920.5,17596,15376,74998.2,47571.4,55.61,1.68477
22325.1,21741,67296.7,12090,11497,68916.3,40800.2,3.32,1.68477
16404.3,14525,74015.4,12334.1,11049,73158.7,38552.3,19.09,1.68589
12432.4,12293,66279.4,4557.54,4493,66477.4,7105.02,-9.13,1.68701
12833,12720,66118,4339.92,4292,66267.7,15441.7,11.62,1.68812
8790.36,8701,66209.1,4740.84,4669,66544.4,13703,-39.84,1.68812
10979.3,10884,66109.7,5427.24,5312,66957.8,32139.9,34.86,1.69036
16755.9,16344,67187.6,5637.84,5560,66453.5,34426.9,10.79,1.69036
25782.9,24293,69555.3,12307.6,11729,68769,15368.3,31.54,1.69147
12329.8,11384,70980.6,8572.98,7957,70609.4,24031.8,5.81,1.69147
20130,19099,69073.9,11288.9,10859,68130.8,28406,10.79,1.69483
14896.1,12561,77719.1,10179,9097,73330.9,7200.96,11.62,1.69594
17061.9,16560,67522.2,9951.24,9780,66683.5,15901.1,60.59,1.69594
17845.9,17000,68797.1,7234.5,6984,67886.6,17307.4,17.43,1.69594
11862.6,11720,66333.4,4750.98,4668,66701,11062.7,19.92,1.69818
13066.2,11161,76723.1,10083.8,9028,73200.5,33674.9,51.46,1.6993
6366.84,6456,64630.9,2638.74,2680,64527,10590.1,-33.2,1.70041
15741.3,13405,76958.1,16391.7,14544,73861.8,28985.6,86.32,1.70265
8776.76,8952,64253.1,2773.68,2780,65387,10782.7,-7.47,1.70376
17281.5,16861,67170.5,6634.68,6505,66842.5,20414.9,240.7,1.70488
17151.6,16672,67421.4,6704.88,6592,66658.2,11530.7,9.96,1.70712
22681.4,20044,74159.3,14723.3,12881,74909.2,17913.5,15.77,1.70823
92452.8,58088,104307,82258.8,51153,105388,183265,464.8,1.70935
17512,16945,67729.1,5585.58,5345,68485.8,32128.2,107.9,1.71047
16041.9,15195,69188.6,7344.48,6859,70174.6,16460.3,43.99,1.71047
35992.4,25888,91115.5,22676.2,17888,83078.3,26703.3,27.39,1.71047
6876.16,6916,65158.5,3170.7,3104,66944.3,16014.2,9.96,1.71047
9673,9732,65138.7,3290.82,3268,65993.6,10172,19.92,1.71047
17650.1,15176,76220.1,12781.9,11315,74032,25067.6,80.51,1.71158
5679.36,5752,64708.4,2922.66,2876,66599.3,17172.5,34.86,1.7127
17688.2,17267,67134.5,9186.06,8915,67528.6,20201.2,78.85,1.71494
20914.1,17365,78930.3,16101.5,13889,75976,40046.8,80.51,1.71717
21787.9,21176,67429.7,8187.66,7868,68198.6,8221.98,-4.15,1.71829
21698.1,20785,68415.1,12186.7,11441,69807.6,6281.34,15.77,1.72164
10722.2,10593,66335.6,4128.54,4069,66495,34237.3,-11.62,1.72387
7792.12,7920,64477.8,2273.7,2272,65585,9622.08,-1.66,1.72611
14482,13189,71960.7,7764.9,7117,71502.1,22535.8,46.48,1.73058
10822.9,10795,65705.3,3920.28,3919,65557.4,9005.88,-29.05,1.73169
5732.4,5820,64549.6,3070.08,2977,67585.1,7115.94,29.88,1.73616
15710.7,15481,66508.5,5565.3,5485,66495.4,7914.66,14.94,1.73952
9357.48,9304,65912.7,4323.54,4268,66388.8,7643.22,73.87,1.74175
17673.2,17311,66907.2,6156.54,6015,67078.1,5760.3,15.77,1.7451
9131.04,9057,66071.8,4533.36,4469,66479.8,15669.4,7.47,1.74734
7137.28,7137,65538.6,3034.98,3009,66101.8,30802.2,74.7,1.7518
14513.9,14258,66712.3,5378.88,5350,65889.8,16304.3,79.68,1.7518
15719.6,15218,67696,5876.52,5670,67923,7635.42,56.44,1.7518
29393.7,24509,78597.4,19007,16221,76792.1,12020.6,89.64,1.75516
9919.16,9960,65267.3,3585.66,3569,65841.9,8101.08,61.42,1.75739
25306.2,24179,68591.2,11420,10951,68342.6,21460.9,34.86,1.76409
8417.72,8298,66481.5,4075.5,4030,66275.9,10932.5,13.28,1.76409
6944.84,6952,65468.5,1655.16,1676,64721.1,10718,11.62,1.76521
15238.1,14681,68023,6983.34,6685,68460.8,22825.1,28.22,1.76856
11900.7,11868,65716.5,3787.68,3804,65254.8,18988.3,16.6,1.76968
12135.3,11673,68131.4,7690.8,7373,68360.8,36391.7,19.92,1.77303
14367.7,13672,68870.9,8923.98,8396,69657.2,23516.2,83.83,1.77303
10559,9797,70633.6,7957.56,7361,70847.3,14350.4,-11.62,1.77638
14245.3,14125,66094.3,4984.2,4925,66323.8,9116.64,54.78,1.77638
18615,16377,74491.8,9959.04,8729,74770.9,29377.9,38.18,1.78085
15261.2,13036,76723,9170.46,8264,72724.5,8425.56,4.98,1.7842
12638.5,11624,71255.6,9877.14,8988,72019.2,23002.2,63.08,1.79426
13994.4,13784,66536.4,5041.92,4940,66888.1,8713.38,7.47,1.79426
14957.3,14653,66896.9,5481.84,5421,66271.5,23658.2,52.29,1.79761
29176.8,19008,100596,25406.9,18592,89558.4,63634.7,103.75,1.80096
11726.6,11578,66377.1,5165.16,5082,66608.4,13859,-26.56,1.80096
25359.9,23718,70072.8,10824.8,10354,68516.2,22012.4,44.82,1.80208
14411.2,14193,66543.7,5048.94,5045,65587.2,17679.5,17.43,1.80208
27157.8,15262,116617,9013.68,4718,125206,8275.8,20.75,1.80431
13837.3,13576,66797.5,5798.52,5688,66809.4,7204.08,-2.49,1.80431
16446.5,16237,66381.5,6466.98,6448,65728.9,5720.52,14.94,1.80655
17358.4,15001,75834.8,8127.6,7337,72597.8,12555.7,-15.77,1.80655
22668.5,21425,69339.6,16039.9,15017,70000.1,16514.2,-3.32,1.80767
18293.4,17832,67231.6,7686.12,7541,66797.2,21879,44.82,1.8099
11658.6,11293,67657.7,5939.7,5824,66837.9,7311.72,35.69,1.8099
23655.2,22412,69171.2,12660.2,11749,70618.6,14308.3,48.14,1.81213
17109.5,16560,67710.6,6894.42,6728,67157.1,40503.8,77.19,1.8166
15011,14721,66827,6654.18,6533,66751.6,35073.5,50.63,1.8166
33908.2,26714,83185.1,22441.4,18094,81282.1,14923.7,55.61,1.81772
14779.1,13824,70064,8204.04,7460,72072.4,15681.9,21.58,1.81884
9138.52,9084,65929.3,2742.48,2725,65956.4,8564.4,51.46,1.81996
17178.8,16279,69158.6,6186.96,5751,70504,17112.4,-6.64,1.82331
11320,11136,66618.6,5729.1,5600,67046.8,16062.5,-36.52,1.82442
14280.7,13874,67457,7030.92,6834,67424.4,35448.7,2177.92,1.82666
9968.8,9252,70613.4,6977.88,6480,70571.4,11793.6,48.14,1.82778
17601.1,17116,67393.5,13248.3,12632,68733.4,12831,6.64,1.83001
20804.6,19865,68635.8,10357.6,10073,67387.8,36452.5,54.78,1.83001
14284.8,13100,71463.1,8269.56,7416,73079,27019.2,19.09,1.83113
27846.7,21147,86298.8,23148.1,18623,81460.1,38237.2,94.62,1.83224
16191.5,15865,66884.6,6935.76,6889,65980.8,25411.6,-17.43,1.83224
12741.2,12721,65639.9,4938.18,4817,67184.7,16965.8,3.32,1.83336
13083.2,13149,65208.1,4580.94,4589,65420.9,9949.68,19.92,1.83336
22211.5,13976,104154,22583.3,16376,90377.5,45509.9,97.11,1.83448
14260.3,14097,66295.1,5168.28,5093,66504.7,14718.6,-25.73,1.8356
8026.72,8025,65550.1,3085.68,3069,65892.2,6644.82,-24.9,1.83671
9871.56,9887,65433.7,4310.28,4271,66138.7,9884.94,-33.2,1.83895
12954,12276,69155.5,7843.68,7524,68320.5,11273.3,-20.75,1.83895
29988,25917,75830.3,11085.4,9677,75073.9,66051.2,55.61,1.84007
17708.6,16281,71282.4,7164.3,6377,73627,19411.9,60.59,1.84118
9761.4,9693,65998.5,4862.52,4704,67744.5,14374.6,9.96,1.84118
9537,9493,65839.8,4268.94,4209,66469.3,9745.32,19.92,1.84118
12178.8,11981,66618,5840.64,5725,66859.8,6112.86,-6.64,1.84342
12699.7,11252,73967.8,9162.66,8120,73951.2,41183.2,98.77,1.84342
36130.4,25852,91592.3,26756.3,20136,87083,46378.8,67.23,1.84565
12334.5,12305,65693.2,3860.22,3837,65932.6,12453.5,11.62,1.84677
14409.2,12946,72943.1,8663.46,7622,74490.8,44261.1,69.72,1.84677
15958.2,14080,74278.4,9503.52,8580,72590.1,25226.8,6.64,1.84789
17267.9,16499,68590.2,10677.4,10211,68529.6,35470.5,15.77,1.85012
15264,13951,71703.8,14274,12879,72634.6,10343.6,4.15,1.85124
13525.2,13092,67704.5,7367.1,7044,68542.1,26711.1,40.67,1.85459
18177.8,16825,70805.2,10712.5,9769,71865.7,22381.3,65.57,1.85459
11632.8,11471,66460.2,5198.7,5103,66765,8310.12,39.01,1.85571
11974.1,11936,65745.3,4111.38,4064,66300,31430.1,12.45,1.85906
14707,14449,66706.4,7422.48,7105,68464.4,8622.12,49.8,1.86129
10183.7,10213,65347.9,3636.36,3585,66474.9,31998.7,63.91,1.86129
23225.4,18781,81044.7,15699.1,12733,80802.1,11876.3,99.6,1.86241
9558.08,9516,65825.8,5085.6,4988,66818.3,8364.72,18.26,1.86464
12207.4,11976,66802.1,6379.62,6264,66745.7,18259,12.45,1.86576
13776.1,13720,65804.1,4424.16,4380,66196.8,7544.16,45.65,1.868
12479.4,12223,66910.5,5261.88,5131,67207.7,38564.8,84.66,1.87246
14676.4,14476,66443.4,4750.98,4597,67731.2,7516.08,19.92,1.8747
12313.4,12037,67041.1,5431.14,5273,67501.5,12983.9,-21.58,1.87582
11060.9,10844,66846.7,8251.62,7944,68073.8,11579.9,56.44,1.87582
11480.4,10993,68441.9,5374.98,5073,69437.2,16100,-19.09,1.87582
13910.8,13581,67127.3,4991.22,4800,68146.8,6264.18,45.65,1.87693
17698.4,17369,66778.7,8803.08,8461,68185.6,13114.1,8.3,1.87693
10710,10619,66097.6,4460.82,4395,66517.5,6097.26,18.26,1.87805
7327.68,7345,65381.5,2526.42,2441,67829.4,8540.22,0.83,1.87917
13850.9,13896,65323.4,4314.18,4325,65372,8130.72,66.4,1.88029
32525.1,23713,89890.1,25970.9,20849,81635.9,16731,107.9,1.88252
8079.08,8115,65245.9,3445.26,3427,65885.2,18172.4,46.48,1.88252
16811.6,16624,66275.7,5271.24,5124,67419.2,9662.64,48.14,1.88364
19316.1,18871,67081.7,7867.08,7751,66517.5,18106.9,34.03,1.88475
16664.1,16173,67526,9530.04,8960,69705.4,38060.1,53.95,1.88475
12841.8,12193,69023.2,8753.16,8181,70119.4,53022.1,84.66,1.88587
12200.6,11853,67457.7,6736.86,6416,68813.4,6605.04,-19.09,1.88587
10516.9,10457,65911.3,4027.92,3993,66109.1,6463.86,16.6,1.88811
27201.4,22021,80953.1,17892.4,15205,77119.2,29587.7,86.32,1.88811
15298,14997,66851.2,7725.9,7589,66718.2,48629.1,47.31,1.88922
15963.7,15333,68231.6,9287.46,8577,70964.6,13431.6,43.16,1.89146
12471.2,12315,66367.2,3963.96,3899,66627.9,25025.5,62.25,1.89257
35224,29869,77285.5,28550.3,25104,74533,28979.3,105.41,1.89481
16116.7,15645,67511.8,7217.34,7005,67522.6,48589.3,25.73,1.89481
5952.72,6033,64663.9,2274.48,2305,64668.3,5577.78,51.46,1.89816
11531.4,11429,66123.4,4669.08,4529,67563,9632.22,-4.15,1.89928
32506,26057,81756,17626.4,14265,80979.1,14290.4,43.16,1.89928
12284.2,12004,67065.8,6654.96,6528,66810.6,6590.22,52.29,1.89928
21477.8,14021,100390,9753.12,7157,89308.4,31084.6,27.39,1.90151
10693,10709,65438.1,4446,4417,65966.3,8052.72,52.29,1.90151
14371.1,13713,68681.2,9962.16,9589,68086.4,18443.9,-12.45,1.90375
6129.52,6221,64572.3,2781.48,2768,65855.2,16305.9,14.11,1.90486
9927.32,9949,65393.2,3549.78,3545,65624.4,33290.4,6.64,1.90598
10342.8,10177,66603.7,5088.72,4993,66792.4,15880.8,16.6,1.9071
23294.8,22127,68994.7,10544,10251,67409.5,16817.6,43.99,1.91045
18753,17196,71470.1,7161.96,6604,71073,34138.3,30.71,1.91492
15139.5,14812,66985.1,7402.2,7304,66417.1,17986,24.07,1.91492
16530.1,13264,81673.6,12896.5,10716,78871.4,40601.3,45.65,1.91604
13283.1,13112,66391.3,5192.46,5116,66515.5,16348,50.63,1.91715
15583.6,15408,66282.7,5571.54,5524,66100,24821.9,-11.62,1.91827
19728.8,19093,67718.5,7313.28,7025,68225.4,10315.5,6.64,1.91939
10030,9965,65963.5,6843.72,5981,74989.1,20947.7,128.65,1.91939
5943.88,6021,64696.6,2532.66,2529,65630.8,18592.9,12.45,1.91939
13494.6,13180,67100.3,6925.62,6757,67171.4,40622.4,-6.64,1.92051
18337.6,18113,66348.5,4617.6,4549,66524.3,6058.26,0,1.92051
14221.5,14084,66175.9,5456.88,5404,66177.3,10236.7,88.81,1.92162
12002.7,11836,66458.9,6489.6,6296,67551.2,22449.2,42.33,1.92274
25192.6,18562,88946.5,22424.2,15618,94096.1,44502.9,112.05,1.92386
9729.44,9744,65438.1,4655.82,4544,67148.7,6203.34,18.26,1.92497
13314.4,13105,66583.2,6055.14,5837,67985.2,32871.5,-25.73,1.92609
17184.3,15388,73186.2,8123.7,7256,73373,51354.4,83.83,1.92609
12671.8,12344,67276.3,6774.3,6437,68970.1,21615.4,53.95,1.92833
8767.92,8705,66009.7,3889.86,3865,65957.5,24111.4,28.22,1.93168
14258.9,13824,67597.9,6183.06,6016,67355.9,21053,37.35,1.93279
30836,23856,84711,27030.1,20936,84612.4,6905.34,99.6,1.93279
23970,18338,85663.5,15093,11922,82967.2,7362.42,54.78,1.93503
10633.2,10552,66040.1,4696.38,4616,66677.2,11596.3,39.84,1.93726
10443.4,9782,69967.4,6557.46,6066,70845.6,23093.5,90.47,1.93726
14097.8,14080,65618.7,4928.04,4900,65911,6070.74,18.26,1.93838
13560.6,13282,66910.5,6115.2,5954,67310.3,12435.5,52.29,1.94285
9732.16,9693,65800.8,3570.84,3481,67227.4,11742.1,34.86,1.94285
20302.8,17341,76729.2,13387.1,12096,72531.4,9969.18,51.46,1.94285
19171.9,18613,67504,7344.48,7237,66509.3,18887.7,9.96,1.94397
7261.72,7285,65326.6,3545.1,3509,66210.2,9916.14,36.52,1.94508
15140.9,15009,66111.8,4203.42,4149,66395.6,7052.76,22.41,1.94508
41014.9,29419,91367.9,36241.9,26875,88377.7,27235.3,138.61,1.94508
11610.3,10673,71291.5,6258.72,5717,71745.9,14807.5,-24.07,1.9462
16329.5,16028,66768.9,5928.78,5836,66577.9,13001.8,27.39,1.94732
10147.6,9620,69130.5,6161.22,5700,70838.9,36529,61.42,1.94732
7952.6,7483,69648.8,6227.52,5743,71065.1,6337.5,19.92,1.95067
25627.8,24026,69905.4,13609.4,13050,68345.5,31874.7,21.58,1.95067
6209.08,6319,64396,2775.24,2767,65731.2,22339.2,-24.9,1.95067
6832.64,6898,64915,2711.28,2706,65663.9,30912.2,9.96,1.95179
12759.5,11861,70500.6,6731.4,6213,71004.2,14550.1,99.6,1.95179
9929.36,9896,65756.9,4563.78,4536,65937.4,12554.1,2.49,1.9529
15502,13265,76587.8,9284.34,8385,72565.1,14650,-6.64,1.95402
20655.7,19700,68715.3,8967.66,8228,71427.4,8253.96,-7.47,1.95402
35952.3,27357,86126.7,24008.4,19193,81978.6,13784.9,90.47,1.95402
12873.1,12819,65812.5,4991.22,4931,66336.4,15668.6,19.92,1.95514
7189.64,7296,64580.6,3020.16,3028,65366.3,8663.46,88.81,1.95737
12151.6,12120,65706.9,5146.44,5148,65516.1,24505.3,-27.39,1.95737
14603,13682,69947.5,6946.68,6342,71784.5,16385.5,67.23,1.95849
6035,6125,64573,3121.56,3072,66593.3,13113.4,22.41,1.95849
7025.76,7142,64469.4,2833.74,2842,65345.5,15033.7,-23.24,1.95961
6690.52,6797,64509.3,2481.96,2473,65773.4,24426.5,48.14,1.95961
41335.2,29423,92068.8,33342.7,25019,87339.4,32927.7,117.03,1.95961
12444,12357,65997.4,5307.9,5249,66271.4,13705.4,34.03,1.96073
13213.8,13056,66327.9,5090.28,5044,66137.3,13174.2,3.32,1.96073
32060,22080,95157.7,19989.8,14536,90124.8,7789.86,94.62,1.96073
17444,15065,75885.3,10647.8,9524,73268.9,12293.6,52.29,1.96184
9285.4,9334,65194.8,3948.36,3906,66246.7,26771.2,58.1,1.96184
11362.1,11193,66526.2,5009.94,4925,66666.3,11642.3,63.08,1.96296
17031.3,16116,69258,9135.36,8832,67787,19386.1,5.81,1.96408
12188.3,11845,67435.5,5735.34,5597,67155.8,14177.3,85.49,1.96408
8221.88,8131,66268.5,3076.32,3011,66957.7,25464.7,46.48,1.96519
15985.4,12858,81476.3,13972.1,11194,81800.8,31694.5,-9.96,1.96743
9514.56,9537,65381.8,3701.88,3697,65622.5,20274.5,22.41,1.96966
11051.4,10894,66482.6,4641.78,4510,67450.9,7766.46,17.43,1.97078
11798.7,11673,66241.6,4917.12,4889,65912.9,21191.8,42.33,1.97078
10072.8,9944,66385.1,5342.22,5260,66560.4,18843.2,25.73,1.97301
12173.4,12083,66026.1,5080.92,5047,65976.5,6166.68,-14.94,1.97301
9575.08,9343,67163.9,5875.74,5727,67238.1,7560.54,8.3,1.97301
11095.6,10153,71620.1,8753.94,8201,69954.7,10060.4,45.65,1.97637
29847.2,23420,83521.3,18089,14300,82900.6,19138.9,58.93,1.97748
16228.9,16185,65713.7,2435.16,2436,65513.4,16564.1,-25.73,1.98084
9061.68,9031,65758.6,3605.94,3523,67078.9,26800.8,8.3,1.98084
23414.4,18053,84999.1,22408.6,19489,75353.9,35823.8,87.15,1.98307
6691.2,6744,65022.9,2701.92,2684,65973.6,31739.8,-8.3,1.98307
14533,14185,67143.6,7284.42,7092,67314.1,8934.9,41.5,1.98419
17503.9,17073,67190,5683.08,5557,67022.9,6025.5,69.72,1.98419
9239.16,7993,75753.5,10103.3,9065,73042.7,25064.5,170.15,1.9853
32306.1,24501,86413.4,19505.5,15889,80452.5,27853.8,53.95,1.98866
19727.5,19128,67589.9,7443.54,7301,66815.5,17968.1,-33.2,1.98866
21950.4,21171,67948.7,7945.08,7731,67350.8,19786.3,49.8,1.98866
14872.3,14417,67605.6,9310.86,9077,67224.5,16946.3,-34.86,1.99201
8496.6,8553,65103.8,3534.96,3524,65739.8,15905.8,-60.59,1.99201
17155.7,16146,69634.4,9154.86,8862,67701.8,12302.2,36.52,1.99201
18479.7,18108,66881.2,6045.78,5884,67337.9,7709.52,15.77,1.99536
8867.2,8764,66307.7,4417.92,4305,67255,6448.26,30.71,1.99536
9056.24,7996,74225.8,6425.64,5884,71568.8,21523.3,97.11,1.99871
10058.6,9784,67375.1,5959.2,5772,67661.5,17475.1,64.74,1.99871
10879.3,10937,65190.4,3310.32,3316,65423.7,7043.4,9.96,2.00095
12150.9,11933,66732.8,4259.58,4176,66847.7,9601.02,10.79,2.00095
13730.6,13333,67490.1,6701.76,6565,66901.2,17752.8,24.07,2.00206
15406.8,15106,66840.8,5080.14,5042,66031.7,11703.1,0.83,2.00206
7817.28,7736,66224.6,3580.2,3528,66505.7,10498.8,-11.62,2.00318
8270.16,8248,65712.1,3263.52,3224,66339.4,11516.7,-35.69,2.0043
6814.96,6803,65651.2,2915.64,2883,66278,27867.8,51.46,2.00541
11718.4,11656,65887.1,4225.26,4225,65540,33767,-6.64,2.00653
12672.5,12611,65855.5,6123.78,5939,67575,17376.8,58.1,2.00765
10646.8,10624,65676.4,3947.58,3928,65862.7,10046.4,23.24,2.00765
14730.2,14344,67300.3,7601.1,7285,68379.6,9338.16,20.75,2.00877
8099.48,8172,64954.4,2952.3,3004,64408.1,12877,-39.84,2.011
30532.7,19525,102483,17036.8,11845,94261,36908.8,111.22,2.011
15450.3,14824,68304.8,8721.18,8449,67647.2,17981.3,46.48,2.01212
23773.5,19223,81049.7,14031.4,11907,77228.8,6355.44,29.05,2.01212
13576.9,13465,66080.5,5928.78,5865,66248.7,10253.9,20.75,2.01547
16123.5,15590,67778.6,5973.24,5558,70432.2,5656.56,43.16,2.01547
17844.6,15880,73643.6,8784.36,7733,74446.1,16294.2,33.2,2.01547
9750.52,9692,65931.7,3753.36,3740,65770.1,11155.6,10.79,2.02106
16174.5,14868,71294.8,9682.92,9316,68117.2,10445,3.32,2.02329
25519.7,19793,84497.6,19271.5,14577,86641.6,45426.4,56.44,2.02441
27834.4,23399,77958.8,16514.2,14343,75456.5,52110.2,89.64,2.02552
23358,21660,70673.6,12754.6,11420,73194.6,33428.5,39.01,2.02664
16000.4,15576,67321.7,6237.66,6168,66276.1,6097.26,13.28,2.02888
15465.2,14736,68779.2,7692.36,7396,68162.1,27023.9,80.51,2.02888
16142.5,15841,66783.4,7550.4,7537,65652.5,18658.4,39.01,2.02888
14654.7,14390,66741.4,6793.02,6678,66664.8,23346.2,39.01,2.02888
12987.3,12918,65887.7,4026.36,4038,65347.1,14092.3,6.64,2.02999
6628.64,6752,64338.7,3603.6,3636,64952,12930.1,22.41,2.03111
12956.7,12821,66229.8,5104.32,5077,65888.7,10421.6,34.86,2.03111
8824.36,8941,64681.1,3538.08,3561,65114.2,6903,1.66,2.03111
15648.2,15357,66778.5,5813.34,5753,66223.4,28906.8,22.41,2.03223
13259.3,13189,65885.4,4084.08,4077,65649.8,47070.7,49.8,2.03223
13251.8,13231,65639.2,6984.9,6843,66895,24116,-34.03,2.03558
24803,22159,73355.7,15929.2,14991,69637.3,15569.6,69.72,2.03781
14966.1,14643,66982.2,4718.22,4659,66369,24141,-15.77,2.03893
18961.1,16053,77408.3,17865.9,16177,72378,53433.1,12.45,2.04005
19573.8,18863,68005.6,8337.42,7787,70168.4,18231.7,64.74,2.04117
8068.2,8200,64482.6,2431.26,2424,65732.3,7482.54,-16.6,2.04228
9948.4,10064,64783.2,3941.34,3936,65624.9,14467.4,9.96,2.04452
12922.7,11820,71650,5186.22,4776,71165,7121.4,18.26,2.04452
11432.8,11450,65437.8,3591.9,3578,65790.6,8207.94,17.43,2.04675
6923.76,7005,64776,2275.26,2256,66095.5,13523.6,18.26,2.05122
16475.7,16340,66080.3,4378.14,4344,66051,11508.1,49.8,2.05234
16494.1,15905,67963.3,6881.16,6641,67906,19886.1,-2.49,2.05457
6842.84,6323,70924,5125.38,4851,69242.8,15254.5,-1.66,2.05457
18999.9,17247,72196.7,10928.6,9787,73180.3,18321.4,34.03,2.05681
9565.56,9424,66520.4,4140.24,4080,66503.6,8662.68,17.43,2.05792
12378,11978,67724.8,6471.66,6270,67643.8,19468,43.16,2.05792
9685.24,9668,65652.9,4229.16,4212,65803,18468.1,-27.39,2.06016
11241.8,11181,65892.1,3855.54,3776,66916.5,17703.7,25.73,2.06128
15310.9,15077,66552.6,6736.08,6625,66634.8,9363.9,27.39,2.06351
15826.3,15352,67560.8,4814.16,4520,69801.1,7189.26,48.14,2.06463
13434.1,13296,66216.6,5118.36,4784,70116.4,6446.7,28.22,2.06686
32168.8,24463,86179.6,24246.3,18715,84905.4,19914.2,186.75,2.06798
16289.4,14139,75503.4,9019.92,8159,72451.2,30519.1,37.35,2.06798
25581.6,22716,73803.3,9836.58,8789,73347.4,18010.2,56.44,2.07021
14157.6,13814,67166.1,5916.3,5782,67058.2,20968,50.63,2.07133
15825,14829,69937.6,9493.38,8928,69686.2,27731.3,51.46,2.07245
11157.4,11040,66233.2,4798.56,4712,66739.9,6126.12,-9.96,2.07356
8808.72,8821,65444.8,3519.36,3461,66641.1,6947.46,-48.97,2.07356
14817.2,14346,67688.6,4939.74,4522,71590.2,17841.7,30.71,2.0758
7152.24,7274,64439,3405.48,3354,66541.9,8333.52,45.65,2.07692
27139.5,24649,72157.6,17025.8,15229,73268.5,45501.3,80.51,2.08027
20570.7,19237,70079.5,8615.88,8149,69290.8,25417.1,32.37,2.08139
10798.4,10269,68914.6,7140.12,6813,68682.6,32912.9,20.75,2.08362
15363.9,14448,69690.6,8959.86,8424,69704.8,27998.9,-11.62,2.08585
8225.28,8233,65474.6,3010.8,2989,66014,6269.64,-41.5,2.08697
6997.2,7048,65063.6,3346.98,3304,66388.5,13353.6,12.45,2.08697
16463.5,16035,67287.2,6926.4,6775,67000.5,33161.7,-10.79,2.08921
13716.3,13354,67313.9,5971.68,5806,67406.1,24178.4,-0.83,2.08921
18115.2,17461,67991.4,9073.74,8461,70282.1,14483,56.44,2.09032
13326,12409,70378.8,5399.94,4937,71681.3,18998.5,1.66,2.09032
10169.4,10029,66453.5,4561.44,4457,67071.7,15821.5,7.47,2.09479
11337.6,10589,70169.4,6991.92,6461,70921.3,10096.3,16.6,2.09703
11162.2,10999,66508.4,3878.16,3815,66621,8396.7,9.13,2.09703
11921.1,11212,69680.7,6253.26,5708,71796.4,14100.8,44.82,2.09814
13063.5,12805,66858.9,4566.12,4397,68056.7,14759.9,39.01,2.09926
12743.9,12368,67527.7,6314.88,6196,66793.4,24722.1,68.89,2.09926
13583,13449,66189,5031.78,4937,66794.2,8031.66,-39.84,2.10261
7017.6,7065,65096.3,3229.2,3204,66051.5,9313.98,-3.32,2.10596
16479.1,15456,69874.2,8760.96,8020,71590.8,19667.7,-34.86,2.1082
11717.8,11530,66603.2,4354.74,4237,67357.1,25914.7,24.07,2.11043
12772.4,12545,66724.2,5361.72,5045,69650.3,8814,-18.26,2.11043
13685,12492,71794.8,6890.52,6300,71678.9,18513.3,55.61,2.11267
29835.7,23872,81908.1,18099.9,14548,81536.6,30973,38.18,2.11602
12909.8,12779,66206.8,4846.92,4811,66025.3,37166.2,76.36,2.11602
12779.2,12117,69117.8,7742.28,7141,71054.2,25318.8,14.94,2.11602
22841.9,18141,82518.4,9945,7424,87790.3,61053.7,24.07,2.11937
36720,25449,94561,38498.5,30729,82106,18932.2,111.22,2.12049
16203,14979,70891.4,12139.1,11207,70986.9,35882.3,81.34,2.12272
15300,14662,68387.7,6676.02,6486,67456,21046,49.8,2.12272
12340.6,12045,67144.6,6011.46,5901,66762.8,6378.06,29.05,2.12384
14044.7,13961,65929,3779.88,3753,66005.4,12749.9,57.27,2.12719
13789,13325,67818.3,6407.7,6256,67125.2,5763.42,6.64,2.12719
48387.4,33257,95351.9,25167.5,17012,96953.7,43049,88.81,2.12719
23538.9,22292,69201.7,9605.7,9396,66998.6,17113.2,37.35,2.12831
11248.6,11111,66347.4,5321.16,5271,66159.6,18232.5,-1.66,2.12831
20204.8,19613,67513.6,7298.46,7152,66878.1,7503.6,9.96,2.12943
11241.8,11081,66486.8,4739.28,4761,65237,8867.04,-5.81,2.12943
26501,22413,77489.3,16870.6,14752,74948,46104.2,52.29,2.13054
14084.8,13873,66536.7,4608.24,4609,65525.2,7002.06,34.03,2.13389
8461.24,8268,67067.7,5073.12,4152,80075.1,26986.4,-2.49,2.13389
28849.7,21145,89415.6,18142,14681,80986,34805.9,14.94,2.13389
9128.32,9008,66411.4,4109.04,4116,65425.2,6197.88,43.16,2.13389
18839.4,17207,71753.3,8357.7,7571,72345.8,35683.4,63.08,2.13501
5495.76,5565,64720.6,2354.82,2365,65253.9,8532.42,53.12,2.13613
19424.9,14710,86541.7,12721,9954,83753.7,32156.3,39.01,2.13836
17529.7,16942,67809.5,5701.02,5246,71220.4,17330,-39.01,2.13948
10944.6,10950,65503.7,3541.98,3558,65240.9,13087.6,87.98,2.14283
11695.3,11461,66875.9,5385.12,5281,66828.1,5662.02,36.52,2.14507
5673.92,5760,64556.6,2538.12,2512,66217.4,15532.9,54.78,2.14507
17129.2,16785,66879.9,5823.48,5721,66709.9,26190.1,123.67,2.14618
5091.16,5120,65166.9,2258.88,2244,65970.6,6598.02,-8.3,2.14842
14163,13460,68959.1,7645.56,7348,68189.9,22567.7,6.64,2.14842
6296.8,6368,64803.3,1709.76,1716,65297.7,7154.94,22.41,2.14954
9957.24,9877,66068.4,4771.26,4669,66971.4,5823.48,-6.64,2.14954
12845.2,12676,66410.8,5287.62,5240,66131.6,6737.64,21.58,2.15065
19674.4,18949,68045,10622.8,10381,67062.6,30285.8,34.86,2.15065
13973.3,12889,71049.4,8697,8153,69908.8,38229.4,-6.64,2.154
26485.3,22874,75882.8,17332.4,15054,75454.7,41146.6,60.59,2.15512
18547,18012,67482.6,7766.46,7656,66481.5,24361.7,90.47,2.15512
25698.6,20988,80244.9,18488.3,15948,75975.2,17046.1,101.26,2.15512
22440,21524,68325,10826.4,10628,66759.4,11322.5,28.22,2.15512
10510.8,10492,65653.2,4091.1,4040,66364.9,16938.5,43.16,2.15736
13797.2,13560,66682.4,6513,6453,66145.4,12667.2,29.05,2.15736
17400.5,15722,72532.8,12271.7,11230,71615.4,39415,70.55,2.16071
8351.76,8451,64766.4,2968.68,2995,64960.1,6300.84,3.32,2.16071
19089.6,15256,82004.4,16595.3,14248,76332.7,6679.14,95.45,2.16294
17680.7,16321,70995.7,7569.9,7173,69162.3,17146,-0.83,2.16518
14203.8,13412,69405.2,7151.82,6884,68085.7,60492.9,31.54,2.16629
13625.2,13481,66236.8,5225.22,5172,66210.4,13092.3,52.29,2.16741
15959.6,15651,66828.2,7556.64,7360,67286.9,10046.4,5.81,2.17188
16227.5,15932,66751.6,7009.08,6933,66255.2,12728,-25.73,2.17188
13581.6,13494,65961.6,3920.28,3890,66046.1,6135.48,4.98,2.173
14495.6,12785,74304.4,10133,9189,72268.5,9468.42,31.54,2.17411
21210.6,16860,82446.9,13943.3,11928,76608.6,7795.32,33.2,2.17411
9186.12,9226,65252.7,3858.66,3822,66164.6,25791.5,42.33,2.17523
10717.5,10724,65496.2,3774.42,3792,65232.2,12831.8,-19.92,2.1797
10591,10440,66483.9,5079.36,4972,66951.1,29540.2,38.18,2.18082
14337.1,14082,66723.3,5714.28,5606,66801.8,36327.7,76.36,2.18194
12563.7,12548,65617.9,3764.28,3728,66173.8,8996.52,40.67,2.18194
17078.9,15717,71214.7,9394.32,8669,71019.3,14795,87.98,2.18194
10411.5,10372,65785.5,4116.84,4048,66650.5,7614.36,43.99,2.18417
17518.8,17600,65233.8,5926.44,5904,65785.1,25226,-20.75,2.18529
14234.4,13841,67398.9,7722.78,7397,68422.4,13999.4,32.37,2.18752
15538,13392,76037.8,10481.6,9280,74022.1,11965.2,30.71,2.18864
9620.64,9540,66090,3941.34,3880,66572.1,7554.3,-4.15,2.18864
23366.8,21884,69976.7,10344.4,10108,67068.5,9655.62,24.9,2.19199
14063.1,13869,66453.1,6754.02,6525,67836.2,10530,9.96,2.19311
13277.7,12624,68929.5,8115.9,7792,68260.2,15390.2,34.86,2.19422
10907.9,10946,65307.8,3850.08,3858,65401.5,14423,48.14,2.19422
17703.1,15674,74020.1,7829.64,7102,72250.5,40808.8,-18.26,2.19646
20721,19566,69404.5,6364.8,5710,73051.4,8824.14,-21.58,2.20205
19611.2,19137,67159.9,6333.6,6157,67415.8,10992.5,36.52,2.20316
17121.7,15643,71731.1,5023.98,4511,72988.6,15438.5,0.83,2.20763
14218.8,13772,67662.2,7158.84,6840,68590.9,8064.42,46.48,2.20763
45173.8,29816,99292.6,34084.4,25253,88455.1,85669,133.63,2.20763
12618.1,12432,66516.9,4846.14,4780,66442.8,26837.5,4.15,2.20763
9128.32,9266,64562.2,3453.84,3474,65155.7,13193.7,-24.07,2.20875
12882.6,12514,67466.4,6862.44,6466,69554.1,13394.2,43.99,2.20987
13011.8,12726,67007.8,5606.64,5494,66879.6,7089.42,73.04,2.21098
12703.1,12728,65407.7,3889.86,3912,65165.1,27252.4,7.47,2.21098
18096.2,17689,67044.5,7661.94,7284,68936.4,17913.5,33.2,2.2121
18943.4,18216,68153.1,9193.08,8965,67203.3,10480.9,3.32,2.2121
18356.6,15994,75216.8,14279.5,12813,73036.7,7041.84,-29.05,2.21322
12518.8,12585,65191.3,4459.26,4468,65407.8,6337.5,-18.26,2.21322
30575.5,21445,93438.9,21156.7,15905,87175.5,5924.88,102.92,2.21433
11111.2,10911,66738.5,5545.02,5467,66471.3,19651.3,39.84,2.21433
12991.4,12172,69947.8,9441.12,8892,69583.1,40822.9,47.31,2.21657
21049.4,18360,75135.8,12054.1,10620,74385.9,11119.7,99.6,2.21657
13940,13928,65592.5,4676.1,4632,66160,10167.3,-2.49,2.21657
13815.6,13615,66501.4,5732.22,5503,68265.8,14597.7,-21.58,2.22327
12493.6,12224,66981.6,4786.86,4620,67903,20138.8,-5.81,2.22886
22265.9,20808,70127.8,14768.5,14017,69049.7,14476.8,67.23,2.23109
24966.9,24492,66806.7,6314.1,6152,67262.8,15130.4,-29.88,2.23221
10568.6,10105,68542.4,4972.5,4701,69320.9,16390.1,43.99,2.23333
9581.2,9628,65217.4,3564.6,3544,65916.9,6800.04,29.88,2.23556
11130.2,10839,67296.9,6583.98,6359,67854.7,12368.5,-11.62,2.23556
24701,23484,68932.2,15539.2,14924,68237.4,6261.84,28.22,2.24115
9418,9325,66189.6,4599.66,4525,66617.3,32367.7,58.93,2.24338
8770.64,8644,66496.1,5092.62,4948,67451.5,7155.72,0,2.24338
19801.6,18240,71146.8,15871.4,14814,70214,17780.9,97.94,2.24562
19199.8,18468,68132.9,9599.46,9344,67327.7,17992.3,86.32,2.24562
15598.5,14144,72275.5,9042.54,8256,71779.5,41983.5,86.32,2.24562
14349.4,14279,65858.9,6191.64,6055,67014.9,7475.52,17.43,2.24673
15416.3,15421,65515.9,5724.42,5648,66422.7,8271.9,23.24,2.24785
10957.5,10997,65300.7,3914.04,3937,65153.8,10770.2,9.96,2.25009
13251.8,13294,65328.2,3400.8,3390,65744.8,33230.3,76.36,2.25009
31484,24532,84107.9,17394.8,14532,78446.5,10824.8,30.71,2.25455
19151.5,18389,68253.5,8934.12,8701,67291.9,13163.3,-36.52,2.25567
9123.56,8815,67830,6129.24,5807,69172.7,17319.9,48.14,2.25567
10861.6,10137,70220.8,6013.02,5549,71016.3,14466.7,26.56,2.25791
10000.8,9397,69746.7,6818.76,6369,70164,9105.72,32.37,2.25791
22123.8,19280,75202.6,15479.1,12896,78663,9317.88,29.88,2.25791
53836.3,41612,84788.4,34285.7,26869,83626,31302.2,136.12,2.25902
14157.6,13965,66439.8,5642.52,5542,66724.7,19063.2,4.15,2.26014
13912.1,13529,67391.9,5477.94,5289,67877.2,9292.92,-1.66,2.26126
13061.4,13016,65764.8,5029.44,4972,66293.1,14190.5,6.64,2.26238
17008.2,16344,68199.1,8958.3,8593,68322,35433.8,20.75,2.26349
16479.8,15985,67564.6,6492.72,6361,66893.1,14261.5,-4.15,2.26349
8905.96,8717,66956.6,5457.66,5337,67017.6,20525.7,24.9,2.26349
36888,24420,98996.3,32380.9,22316,95093.9,49285.9,105.41,2.26461
12622.8,12366,66897.2,7144.02,7018,66712.8,6378.84,38.18,2.26461
11245.2,11257,65467.1,4244.76,4201,66218.7,9108.84,-4.15,2.26684
13408.2,12676,69321.7,6186.18,5848,69325.8,15302.8,3.32,2.26908
14484,13048,72748.6,7513.74,6933,71025.6,25414.7,-10.79,2.2702
7461.64,7624,64140.4,2757.3,2764,65377.1,8709.48,33.2,2.2702
19632.3,16760,76767.4,11094.7,9644,75394.4,49679.8,24.9,2.2702
29374.6,20657,93193.4,22212.8,16705,87144,64003.7,92.13,2.27243
16311.2,16110,66354.3,5303.22,5134,67696.1,6605.82,67.23,2.27355
30615,23023,87146.9,24916.3,19071,85623,71183.6,68.06,2.27466
10070.1,10048,65680.3,4221.36,4168,66375,21845.5,-28.22,2.27578
12531.7,11928,68853,6374.16,6060,68933.5,13847.3,14.11,2.27578
33205.8,26888,80934.7,19475.8,15144,84282,20609.9,78.85,2.27802
30754.4,23446,85964.3,18190.4,14642,81418.2,26917,4.15,2.27913
11859.9,11690,66488.4,4897.62,4810,66729.8,26888.9,58.1,2.27913
13052.6,12104,70672.1,5147.22,4648,72574.9,7420.92,18.26,2.28025
13618.4,13520,66012.8,4673.76,4652,65842.5,5727.54,42.33,2.28137
8367.4,8208,66808.7,4836.78,4560,69513.9,7819.5,11.62,2.28249
25357.2,21483,77354.6,15729.5,13499,76364.7,5619.12,46.48,2.28249
11906.8,11268,69251.3,5904.6,5428,71290.3,6746.22,24.9,2.28472
10722.9,9337,75263.7,6700.2,6137,71550.3,37355,-8.3,2.28472
23938.7,20517,76465.8,14111.8,12657,73068.5,17404.9,24.07,2.28584
31636.3,24675,84025,20581.9,17331,77828.9,28445.8,136.12,2.28695
8495.92,8456,65845.4,4664.4,4620,66165.8,16578.1,40.67,2.28695
10439.4,9869,69323.5,7817.16,7312,70063.7,24292.3,75.53,2.28807
13470.8,13261,66572.8,5596.5,5517,66480.4,16635.8,-6.64,2.28807
13026.1,12827,66553.1,6179.16,6079,66615.8,7406.1,9.13,2.28807
14288.8,14078,66517.5,5684.64,5578,66788.9,11710.9,47.31,2.28919
12391.6,11541,70366.4,6068.4,5605,70954.3,17904.1,-40.67,2.29142
15451.6,15196,66638.5,6796.92,6593,67563,11660.2,33.2,2.29142
10934.4,10601,67597.1,6873.36,6569,68572.5,8913.06,56.44,2.29142
11412.4,10678,70043.6,7864.74,7234,71250.1,32118.1,43.99,2.29254
8599.28,8308,67833.7,5857.8,5616,68357.7,5609.76,-0.83,2.29254
17754.8,17137,67898.6,8434.14,8069,68501.6,8254.74,60.59,2.29477
18256.6,17557,68147.6,8201.7,7977,67382.1,12619.6,9.13,2.29589
24796.2,19518,83258.7,12142.3,10190,78091.8,48515.2,-3.32,2.29589
7485.44,7540,65061.8,3055.26,3060,65434.5,32120.4,21.58,2.29589
16812.3,14337,76851,9062.82,8045,73827.3,30744.5,-19.09,2.30036
12124.4,11952,66481.3,5301.66,5200,66817.2,12317.8,-7.47,2.30036
20052.5,19294,68112.5,10115.8,9754,67967,6593.34,83,2.30148
23045.9,22205,68017.8,10430.2,9737,70201.4,8962.98,74.7,2.3026
41201.2,31240,86432.8,21994.4,18440,78168.5,87858.4,117.86,2.30371
10519.6,9790,70420.1,7035.6,6522,70696.9,9482.46,30.71,2.30371
10485.6,10257,66996.6,4687.02,4541,67643.4,10035.5,92.96,2.30483
20259.2,17107,77612.1,13709.3,11907,75455.7,34942.4,55.61,2.30595
15142.9,15053,65927.5,4850.04,4765,66705.6,29232.1,14.94,2.30595
15408.8,14693,68728.7,7389.72,7093,68277.5,12542.4,23.24,2.31042
15404.7,14000,72111.7,6805.5,6124,72829.1,56134.3,-1.66,2.31042
11305.7,11348,65291.6,2958.54,2948,65770.3,10317.8,85.49,2.31153
8000.88,7943,66013.6,3827.46,3767,66587.8,28175.2,18.26,2.31377
7367.8,7396,65286.1,2426.58,2420,65714.2,10590.8,-20.75,2.31824
13185.2,13068,66123.8,4257.24,4220,66114.3,10550.3,63.08,2.31824
33309.1,27809,78497.8,29771,25669,76009,46782.8,106.24,2.31824
20268.1,16636,79844.3,12500.3,10696,76591.1,10831.1,45.65,2.31935
17520.9,14372,79894.8,14637.5,12896,74386,36059.4,68.89,2.31935
19559.5,18719,68478.7,8380.32,8155,67346.7,17879.2,40.67,2.32047
7616.68,7678,65012.6,3291.6,3290,65567.9,14908.1,30.71,2.32159
16644.4,15965,68324.8,9384.96,8729,70460.9,46764.9,14.94,2.32382
17303.3,17069,66435.5,6764.94,6605,67123,19673.2,7.47,2.32494
6626.6,6688,64934.3,3212.04,3156,66699.7,33411.3,46.48,2.32717
10258.5,9733,69074.3,7539.48,7177,68845.9,9863.1,19.92,2.32941
16092.9,15551,67819.6,7314.84,7099,67528.6,15458,58.93,2.32941
10915.4,10872,65797.4,3726.06,3688,66212.3,18372.1,43.99,2.33164
12547.4,11476,71654.2,8899.8,8228,70886.9,11186,-33.2,2.33276
15439.4,14575,69422.8,7959.9,7579,68829.7,30517.5,107.07,2.33388
17437.2,16713,68375.9,8219.64,7940,67844.1,34478.3,44.82,2.33388
16341.8,15560,68828.6,9533.16,8709,71737.9,17394.8,59.76,2.33499
23338.3,14396,106245,12132.9,8277,96066.4,33083.7,44.82,2.33499
16341.8,14888,71935.4,7834.32,7116,72151.5,39167.7,22.41,2.33611
11956.4,11889,65907.8,4559.88,4441,67290.3,25736.1,2.49,2.33835
12584.1,12336,66853.9,6126.9,5984,67101,27317.9,63.08,2.34058
10875.9,10924,65247.6,4329,4284,66224.4,12480.8,-3.32,2.3417
24059.1,20492,76944,16138.2,14060,75222.8,54263,83.83,2.34393
14419.4,13973,67629.7,7231.38,7021,67499.8,19362.7,50.63,2.34505
9415.28,9432,65419.8,3756.48,3685,66807.3,5569.2,52.29,2.34617
11646.4,11527,66214.6,4347.72,4279,66588.5,15488.5,24.07,2.34617
10478.8,10381,66153.4,3683.94,3552,67970.4,39529.6,78.02,2.3484
18655.1,18010,67883.5,8306.22,8030,67790.3,16372.2,44.82,2.35064
15782.1,15212,67992.2,5447.52,5244,68079.5,10480.9,-23.24,2.35064
10963.6,11020,65200.8,4159.74,4172,65343.4,10087,-4.15,2.35622
12218.9,12220,65530.2,4316.52,4232,66844.9,40889.2,29.05,2.35734
23408.3,17865,85871.1,23240.9,18841,80840.4,64080.9,176.79,2.35734
11963.9,11792,66491.5,5706.48,5548,67408.1,15199.1,-1.66,2.35846
14020.9,12916,71142.4,9970.74,9280,70414,23407.8,53.12,2.36069
19601,19078,67332.6,7875.66,7714,66909.4,8703.24,20.75,2.36404
8721.68,8548,66867.6,4725.24,4596,67378.9,15108.6,36.52,2.36404
32012.4,25136,83464.4,21689.5,18632,76290.3,9119.76,68.06,2.36404
15331.3,13309,75494.1,8658,7837,72401.5,17574.2,15.77,2.36516
7123,7162,65179.1,2789.28,2743,66641.7,6900.66,-3.32,2.36628
25829.1,24375,69445.6,13882.4,12804,71055.9,35341.8,34.03,2.36739
5960.88,6037,64709.7,2811.9,2801,65791,10185.2,-22.41,2.36851
14154.9,12852,72179.8,9910.68,8944,72619.2,33353.6,14.11,2.36851
19108.7,12160,102986,10487.1,7008,98071.1,27899.8,-16.6,2.36851
13418.4,12977,67765.3,5704.92,5361,69740.3,56181.8,109.56,2.36963
23307,21964,69543.2,12549.4,12044,68286.2,14685.8,-2.49,2.36963
14779.8,14464,66966.9,4180.8,4112,66632.5,37649,1.66,2.37075
12103.3,11861,66874.9,4672.2,4537,67488.9,10796,53.95,2.37186
15280.3,15037,66596.3,4829.76,4736,66833.4,25101.2,23.24,2.3741
17112.2,16627,67448.4,8679.06,8352,68102.4,18918.1,30.71,2.37633
13192.7,12772,67694.6,6510.66,6360,67088.5,22250.3,29.88,2.37857
20772.6,17968,75765.6,13106.3,11764,73014,14879.3,71.38,2.37968
11389.3,11389,65537.8,4549.74,4505,66186.8,7198.62,-1.66,2.37968
12494.3,11428,71651,7243.86,6572,72235.8,27729.8,-1.66,2.3808
28430.1,22910,81326.8,14941.7,12378,79109.5,7690.8,92.13,2.38192
10446.8,10179,67260.4,5420.22,5255,67596.5,7410.78,26.56,2.38527
12446,12279,66427.5,5031,4935,66810.9,8385.78,32.37,2.38639
14251.4,13920,67096.4,5254.08,5108,67410.2,17113.2,-26.56,2.38862
17332.5,14289,79495,12959.7,10785,78750.8,41265.9,113.71,2.39086
7788.72,6812,74932.7,7113.6,6472,72032.9,18731.7,47.31,2.39309
13502.1,13271,66677.1,6459.18,6327,66905.1,10033.9,19.09,2.39309
12728.9,12669,65846,4308.72,4281,65960.3,10830.3,14.94,2.39421
22586.2,20522,72127.9,9767.16,8702,73557.9,49341.2,38.18,2.39644
16393.4,14820,72494,9926.28,9088,71581.1,9405.24,34.03,2.39979
13164.8,12780,67509.3,5509.92,5301,68118.9,18052.3,4.15,2.40203
18471.5,16389,73863.5,9967.62,8897,73422.3,20309.6,79.68,2.40315
12575.2,12433,66285.8,4069.26,3857,69142.6,29368.6,70.55,2.40426
20084.5,19280,68270.6,11001.9,10176,70855,20410.3,43.99,2.40426
61137.4,45044,88950.9,45123,30988,95429.9,11511.2,167.66,2.40426
14694.8,14380,66970.7,6148.74,6021,66926.4,11961.3,0.83,2.40426
12299.2,11632,69294.9,5842.2,5600,68370.4,7885.02,28.22,2.40538
11130.9,10265,71064.4,7272.72,6697,71169.9,13324.7,19.09,2.40761
22042.2,21328,67730.6,8395.92,8088,68031,11235.1,51.46,2.40985
16999.3,16575,67213.7,6820.32,6683,66882.6,12792.8,1.66,2.40985
14649.9,12603,76180.1,6992.7,6251,73312,25064.5,-24.07,2.40985
10182.3,10224,65268.8,4144.92,4088,66448.5,18526.6,58.93,2.41097
21260.2,17180,81100.6,13428.5,11288,77963.2,22535.8,76.36,2.4132
10315.6,9895,68321.7,5491.2,5319,67657.7,7875.66,25.73,2.41432
14354.1,14192,66284.6,6186.18,6064,66856.4,17982.9,32.37,2.41543
8475.52,8493,65401.1,6106.62,5808,68905.6,7889.7,41.5,2.41543
39318.3,30645,84084.3,28505.9,21061,88702.4,96412.7,163.51,2.4199
17298.5,15016,75497.9,9759.36,8764,72979.2,37193.5,-15.77,2.42102
16210.5,15682,67744.7,7767.24,7558,67350.3,21757.3,11.62,2.42437
9184.76,9212,65342.2,3319.68,3272,66491,27567.5,33.2,2.42437
15729.8,14887,69246,7878,7335,70387.5,44464.7,62.25,2.42437
7609.88,7663,65081.7,3124.68,3083,66422,6103.5,40.67,2.42549
33009.2,23956,90302.8,23902.3,17872,87649,71249.1,133.63,2.42661
12220.3,12101,66182,3604.38,3581,65963.9,20719.1,29.88,2.42661
15508.1,15084,67378.5,5648.76,5525,67004,7954.44,-11.62,2.42772
21339.1,19473,71816.3,13282.6,12529,69478,46517.6,72.21,2.42996
9651.24,9347,67669.2,5518.5,5303,68199.2,16754.4,14.94,2.42996
11215.2,11075,66365.9,4434.3,4259,68233.5,10598.6,39.01,2.43108
24497.7,22825,70338.7,12479.2,11833,69115,13059.5,58.93,2.43219
14378.6,14364,65602.6,5876.52,5877,65530.6,11969.9,20.75,2.43331
13153.2,12133,71046.8,7787.52,7105,71831.5,9614.28,32.37,2.43331
19463,19070,66886.5,7230.6,7230,65541.4,26520,55.61,2.43554
14212,12876,72335.9,11224.2,9976,73735.9,6824.22,57.27,2.43778
17752.8,17441,66707.5,6736.86,6613,66763.5,11445.7,46.48,2.4389
11825.2,11777,65804.2,4488.12,4425,66470.8,8211.06,-20.75,2.44001
14363,14316,65751,4404.66,4392,65724.9,21887.6,26.56,2.44113
10997,10969,65703,3812.64,3785,66014.6,12015.9,26.56,2.44113
21137.8,16001,86575,16981.4,13773,80802.4,17511.8,85.49,2.44113
18866.6,14473,85430.9,12945.7,11181,75879.3,11224.2,54.78,2.44225
12159.1,10888,73186.8,9283.56,8161,74550.6,22878.2,116.2,2.44225
26631.5,25378,68773.1,11303.8,10870,68151.2,9688.38,27.39,2.44337
9974.92,9967,65588.1,3836.04,3835,65553.8,5825.82,-4.15,2.44448
16190.8,15604,68000.5,7390.5,7208,67195.3,6558.24,9.13,2.4456
10582.2,10480,66174.9,4399.98,4352,66258.5,33866.8,-18.26,2.44672
10807.9,10497,67477.2,6289.14,5917,69657.8,15754.4,45.65,2.44672
11256.7,10988,67138.7,5672.16,5548,67002.6,20234,93.79,2.4523
12257,12255,65546.7,5233.02,5231,65561.3,8706.36,11.62,2.45342
17984.6,17648,66786.1,10324.1,10124,66831.2,35255.2,47.31,2.45454
15226.6,14872,67098.4,4602.78,4481,67317.1,22918,-25.73,2.45565
13627.9,12832,69600.8,8026.2,7696,68347.8,11208.6,17.43,2.45677
14317.4,13080,71735.9,8278.92,7596,71428,28875.6,36.52,2.45677
22940.5,21494,69946.4,9415.38,9062,68091.6,20056.1,78.02,2.45901
24572.5,18003,89450.8,9594,6720,93564.3,7792.98,36.52,2.46012
30522.5,23668,84515.9,23751.8,19900,78220.9,68594.8,91.3,2.46459
8270.16,8276,65489.8,3551.34,3524,66044.4,6470.1,-39.01,2.46571
19977.7,17185,76186.2,11143.9,9953,73377.3,12498.7,41.5,2.46683
11508.3,11157,67599.7,6297.72,6089,67782.5,22227.7,-19.92,2.4713
8110.36,8088,65717.2,3534.18,3484,66479.9,13721,39.84,2.47241
13152.6,13020,66203.2,4595.76,4501,66915.7,8353.8,0,2.47241
12319.6,12209,66129.5,4764.24,4717,66192.3,8026.2,-7.47,2.47353
15238.8,14303,69823.8,6244.68,5708,71697.8,16601.5,41.5,2.47576
22457,16607,88621.8,16553.2,12956,83731.7,36187.3,83,2.478
51835,35745,95036,40970.3,31021,86555.2,54362.1,195.88,2.478
13400.8,12068,72773.6,9446.58,8636,71687.3,8679.06,29.05,2.48247
12896.9,12573,67224.2,5185.44,5085,66830.5,20868.9,13.28,2.48359
11741.6,11726,65623,5156.58,5114,66081.7,8850.66,38.18,2.48582
18294,17959,66758.6,5671.38,5572,66704.9,13862.9,59.76,2.48582
12342.7,12121,66734.6,4739.28,4644,66880.6,8759.4,-22.41,2.49029
8954.24,8160,71914.8,7924.8,7284,71301.4,27236.8,92.13,2.49364
24926.8,19621,83257.7,16815.2,13957,78957.1,35777,109.56,2.49364
20106.9,19249,68456.9,16031.3,15153,69334.8,47963,29.05,2.49587
10995.6,10965,65718.9,4620.72,4553,66510.8,7425.6,-71.38,2.49699
27102.8,20369,87201.5,13083.7,10897,78687.2,45903.8,18.26,2.49699
42721,32560,85987.8,30663.4,24068,83494.8,18627.2,195.05,2.49923
6138.36,5908,68091.3,4922.58,4640,69527.2,6062.16,45.65,2.50034
12049.6,11569,68258.5,6828.9,6581,68004.7,7767.24,54.78,2.50034
7800.28,7777,65732.2,3389.88,3349,66336,31969.9,3.32,2.50258
52129.5,32129,106333,57543.7,43681,86334.7,48512.1,242.36,2.5037
7971.64,7873,66357.1,4169.1,4101,66624.3,23827.4,20.75,2.5037
65291.6,51685,82789,29013.7,23685,80280.3,21050.6,97.94,2.5037
11753.8,11612,66336.3,6074.64,5932,67111.9,20682.5,-17.43,2.50481
8769.96,8748,65700.5,5357.82,5249,66894.7,10768.7,8.3,2.50593
12797.6,12851,65263.7,4632.42,4627,65612.8,8385.78,-22.41,2.50705
16214.6,15264,69617.4,10652.5,9940,70233.4,43141.8,132.8,2.50705
14605,14397,66483,6499.74,6345,67134.3,19913.4,14.94,2.50928
12080.2,10004,79137.1,9173.58,7840,76683.6,29926.3,-7.47,2.51152
14892.7,14575,66964.4,6262.62,6059,67738.4,23612.9,-46.48,2.51263
15772.6,15294,67586.8,6690.84,6158,71206.7,25687,5.81,2.51487
14679.8,14183,67831.8,6773.52,6583,67432.7,9097.14,39.01,2.51487
18336.2,16971,70807.9,8178.3,7515,71320.4,43614.5,46.48,2.51598
17953.4,17237,68259.6,11299.9,10813,68486.8,11575.2,19.09,2.51934
18320.6,16756,71655.3,12219.5,11228,71323.1,53440.9,5.81,2.51934
11939.4,11229,69682.4,7161.18,6697,70078.4,11522.2,68.89,2.52045
22534.5,21744,67918.6,8393.58,8180,67247.1,11489.4,29.05,2.52157
18900.6,16945,73099.4,11711.7,10565,72649.1,30090.1,32.37,2.52269
39043.6,28391,90125.7,29587.7,23191,83612.7,14271.7,57.27,2.52269
22744,18232,81754.5,12598.6,10684,77280,39633.4,-7.47,2.52381
18345.7,17853,67344.7,8406.84,8265,66660.7,21822.1,-24.07,2.52827
20471.4,19653,68265.1,8633.04,8361,67668.3,10874.8,44.82,2.52939
8834.56,8883,65178.6,3625.44,3571,66535.1,7123.74,23.24,2.53051
13709.5,13701,65576.6,4894.5,4865,65933.4,7905.3,14.94,2.53274
16451.9,16148,66769.4,6728.28,6532,67505.3,18667,-6.64,2.53386
49434.6,34441,94066.6,25155.8,18461,89302.3,102435,125.33,2.53386
24016.2,18769,83857.9,17590.6,14017,82244.1,42556,61.42,2.53945
9755.96,9545,66984.5,5324.28,5229,66730.2,23939,39.01,2.53945
10300,10061,67092.6,5642.52,5341,69235.8,6925.62,33.2,2.54056
11738.8,11447,67206.8,6321.9,6115,67753.4,14905,77.19,2.54392
24980.5,23197,70574.7,12102.5,11597,68392.5,6700.2,66.4,2.54503
12864.2,12746,66144,5596.5,5502,66661.6,9741.42,30.71,2.54503
16354,16191,66195.8,6677.58,6687,65443.7,20904,22.41,2.54615
22085.7,21220,68209.7,10338.9,9904,68413.8,27679.9,88.81,2.54727
11464.1,11261,66718.1,4548.18,4445,67057.3,21479.6,-13.28,2.54838
15128.6,14313,69270.6,8392.02,8009,68670.2,18656,51.46,2.54838
16050.7,14906,70568.9,5466.24,4814,74415.4,17785.6,22.41,2.5495
12069.3,10620,74479.8,9319.44,8600,71018.5,16032.9,94.62,2.55174
6043.16,6060,65353.9,2928.9,2897,66257.6,7837.44,8.3,2.55174
11959.8,11825,66283.3,5311.8,5249,66320.1,5573.88,51.46,2.55285
12808.5,10900,77010.7,7710.3,6864,73616.3,11293.6,29.05,2.5562
21254.8,20353,68439.6,9524.58,9317,66996.1,13423.8,-6.64,2.55732
12593.6,12411,66500.2,4197.96,4111,66922.3,6848.4,-5.81,2.55732
15247,14993,66646.1,7315.62,7313,65559.5,10940.3,-18.26,2.55844
13842.8,13315,68133.6,6627.66,6455,67289,21070.1,12.45,2.56067
11137,11006,66316.3,4624.62,4602,65858.1,10788.2,50.63,2.56067
22353,20521,71386.6,13742.8,12589,71542.6,29473.9,12.45,2.56179
14061.7,13838,66595.5,5793.06,5550,68406.1,23728.4,7.47,2.56179
7034.6,6920,66621.3,3933.54,3884,66371.9,7991.1,26.56,2.56291
13806.7,13164,68735.7,7200.18,7048,66951.1,59493.7,23.24,2.56626
15846,15429,67307.4,9027.72,8517,69465.9,11304.5,96.28,2.56626
17600.4,15066,76560.6,8124.48,7390,72049.5,24664.4,68.06,2.56738
9633.56,9396,67193,5243.16,5208,65978.4,14688.2,40.67,2.56961
15336,14158,70989,9369.36,8570,71648.8,10335,4.15,2.56961
14526.8,13870,68639.6,6877.26,6718,67089.6,12206.2,69.72,2.57073
6532.76,6449,66387.2,2901.6,2933,64834.4,7100.34,34.86,2.57185
14558.1,14168,67340.6,5917.08,5896,65770.3,32711.6,76.36,2.57185
9422.08,9108,67795.9,4248.66,4180,66612.5,9739.08,26.56,2.57185
13485.1,13288,66508,5806.32,5756,66108.9,15762.2,24.07,2.57296
8217.12,8128,66254.6,3310.32,3280,66141.8,7304.7,-8.3,2.5752
13691.1,13541,66262.6,5389.8,5377,65692,31303,27.39,2.58078
9684.56,9464,67063.3,5195.58,5173,65822.1,10080.7,117.03,2.58078
13508.9,13222,66958,5808.66,5830,65296.1,41747.9,49.8,2.58302
8995.04,9007,65449,3393,3407,65266.7,9199.32,39.84,2.58302
16179.9,15372,68980.4,6501.3,6072,70169.5,7014.54,34.86,2.58525
28746.3,27297,69015.6,22091.9,21077,68691.8,11086.1,66.4,2.59531
24580.6,19733,81635.7,12061.1,10273,76943.3,45133.9,49.8,2.59754
7977.76,8029,65117.8,3233.88,3225,65716.5,28223.5,63.08,2.59978
8317.08,7569,72013.2,4053.66,3893,68240.6,24804,14.94,2.59978
10514.2,10547,65331.9,4360.2,4343,65795.5,10345.1,-0.83,2.60089
31187.5,23747,86070,22013.9,17607,81939.3,37023.5,71.38,2.60201
14308.6,14076,66618.8,7335.9,7228,66514.3,17125.7,17.43,2.60313
28741.6,17913,105153,29203.2,20212,94689.3,39658.3,81.34,2.60425
13835.3,12176,74466.9,9592.44,8512,73854.6,58442.3,5.81,2.60536
13270.9,12911,67362.8,5052.06,4828,68577.4,44619.9,-7.47,2.6076
12547.4,11709,70228.4,8464.56,7837,70783.9,54142.1,17.43,2.60983
10178.9,10122,65904.5,3885.96,3870,65806.3,29197.7,18.26,2.61095
12057.1,12014,65771,4586.4,4506,66705.4,8476.26,-15.77,2.61318
10850.1,10237,69460.9,8604.96,8313,67837.7,15461.2,28.22,2.61542
11830,11625,66691.5,5691.66,5609,66501.8,11612.6,43.99,2.61653
12992.8,11639,73158.6,6192.42,5715,71010.8,24674.5,-0.83,2.62436
13032.2,12784,66808.4,5651.88,5476,67640.9,17890.1,34.03,2.62436
14486,12128,78278.1,13768.6,12616,71523.2,31061.9,36.52,2.62436
6227.44,6197,65857.9,3127.8,3129,65510.9,11834.2,22.41,2.62547
14184.8,13692,67894.8,7580.82,7368,67429,6839.82,3.32,2.62771
15083.1,14692,67280.5,6470.88,6308,67228.2,18779.3,69.72,2.62771
15966.4,14061,74416.8,9735.18,8777,72690.5,13887.1,38.18,2.62771
13530.6,13321,66567.4,5501.34,5373,67101.4,11336.5,-14.94,2.62994
16122.8,15968,66171.3,6366.36,6244,66820.3,49539.4,53.95,2.63106
13336.8,13180,66315.9,5632.38,5432,67953.6,13877.8,2.49,2.63329
9381.28,9471,64915.2,4156.62,4139,65815,6984.9,42.33,2.63329
11089.4,11158,65133.3,4942.08,4918,65856.9,7835.88,-12.45,2.63441
23137,21713,69834,12072.8,11569,68390.1,11106.4,53.12,2.63776
11910.2,11813,66075.2,5506.02,5381,67058.6,17193.5,12.45,2.63776
11796.6,11724,65942,4591.08,4488,67041.2,11302.2,21.58,2.64111
19067.9,15665,79772.3,12782.6,9953,84167.9,17714.6,10.79,2.64223
11165.6,11053,66203.6,5007.6,4957,66205,25595.7,-9.96,2.64223
10876.6,10713,66536.8,4558.32,4484,66622.2,7564.44,51.46,2.64893
13410.3,13242,66368.8,5708.04,5610,66681.3,11912.2,34.86,2.64893
15308.8,14537,69015.6,9831.12,9325,69093,6878.04,50.63,2.64893
21228.2,18097,76875.4,14962.7,12725,77060.8,59028.8,89.64,2.65005
7685.36,7817,64432.4,3163.68,3156,65695.5,5842.2,-23.24,2.65452
10727,10609,66264.9,5680.74,5617,66279.7,7396.74,34.86,2.65452
11794.6,11789,65567.1,5360.94,5280,66540.6,14496.3,-22.41,2.65452
5129.24,5226,64322.6,2662.14,2634,66236.1,7095.66,2.49,2.65564
13823,12438,72833.8,8104.98,7414,71643.9,25418.6,34.86,2.65564
9218.08,9288,65042.6,3618.42,3628,65362.9,13998.7,71.38,2.65564
26339.8,22008,78435.4,20060.8,16888,77848.5,47097.2,136.12,2.65564
7223.64,6937,68244,4069.26,3860,69088.9,18965.7,4.15,2.65675
9473.08,9398,66059.6,4499.82,4422,66689.3,10974.6,80.51,2.65787
12910.5,12709,66575,4877.34,4845,65973.4,14474.5,34.03,2.65787
11145.2,11040,66160.5,4436.64,4352,66810.6,23630.9,43.99,2.66011
11297.5,11328,65359.7,4097.34,4100,65493.5,10467.6,-9.96,2.66122
13569.4,12508,71097.2,9277.32,8437,72063.3,23997.5,42.33,2.66234
12678.6,12409,66959.9,5718.18,5577,67195,26309.4,19.92,2.66234
14452,14296,66251.3,4724.46,4716,65653.6,14147.6,-16.6,2.66346
10368,10204,66589.1,5389.02,5304,66586.5,7070.7,-9.96,2.66458
30704.7,23460,85774.3,19734.8,16992,76114.6,9856.86,55.61,2.66569
41181.5,27368,98614.1,32918.3,23272,92701,18982.1,55.61,2.66793
10125.9,10220,64932.5,3488.16,3477,65746.3,17620.2,36.52,2.67128
8988.24,8897,66208.1,4745.52,4633,67127.6,14167.9,43.16,2.6724
14333.7,14393,65266.1,4119.18,4105,65762.4,5651.1,25.73,2.67463
11668.8,11517,66399.8,5894.46,5833,66226.5,8441.16,-4.98,2.67463
12887.4,12681,66602.5,5587.92,5533,66186.5,10802.2,19.92,2.6791
16690.6,16354,66884.9,5460,5174,69158.6,11973,4.98,2.68022
13164.1,12817,67310.9,7309.38,7153,66968.8,11353.7,-4.15,2.68022
25160.7,22180,74343.1,13982.3,12204,75085.4,13960.4,43.99,2.68133
10413.5,9643,70772.6,6619.86,6091,71226.3,32025.2,29.05,2.68133
9753.92,9772,65414.7,3855.54,3816,66215.1,27530.1,19.09,2.68245
10609.4,10443,66580,7788.3,7643,66781.9,12702.3,12.45,2.68357
23110.5,20100,75351.7,17185,13624,82665.4,90236.6,85.49,2.68469
17878.6,16713,70106.5,10200.1,9613,69538.2,30499.6,19.92,2.68804
10797.7,10849,65226.2,4157.4,4177,65228.5,6524.7,44.82,2.69027
9109.28,9273,64378.9,2769,2793,64972.9,10420,6.64,2.69027
21338.4,20110,69539.2,10503.5,9738,70687.6,39071.8,33.2,2.69027
16109.2,15395,68576.3,8116.68,7491,71009.8,35021.2,3.32,2.69139
18481.7,18061,67062.6,7732.14,7369,68765.6,6945.9,54.78,2.69251
19960,19217,68070,7605.78,7393,67422.2,8233.68,56.44,2.69362
7793.48,7885,64775.3,3672.24,3629,66316.9,15908.1,-10.79,2.69474
14124.3,14092,65686.1,5640.18,5660,65306.5,17007.1,17.43,2.69474
18793.8,17157,71788.4,14409.7,13297,71020.2,15461.2,51.46,2.69586
15910,15320,68059.7,6723.6,6456,68252.5,13773.2,48.97,2.69586
19134.5,18507,67758.1,8377.98,8223,66771.2,40933.6,-4.15,2.69586
23810.9,20168,77373.6,10707.8,9633,72848.4,25815.7,42.33,2.69586
5504.6,5616,64236,2177.76,2144,66568,23468.6,0.83,2.69697
17095.2,14845,75469.9,12193.7,10669,74902,36127.3,98.77,2.69809
17497.1,17449,65716.6,6477.9,6445,65870.5,13742.8,-25.73,2.69921
16883,16689,66298,6305.52,6149,67204.2,6055.92,-48.14,2.70033
9709.72,9310,68349.8,7786.74,7406,68905.2,8681.4,60.59,2.70033
8847.48,8916,65032.4,3205.8,3212,65409.5,11290.5,73.87,2.70368
11428.1,11372,65859.2,5144.88,5084,66320.8,16711.5,33.2,2.70368
12539.2,12587,65287.1,5023.2,5035,65382.4,26782.9,-13.28,2.70368
21197,18201,76323.5,8044.92,6653,79247.2,18770.7,68.89,2.70926
24381.4,20146,79314,18035.2,15622,75659.5,16621.8,42.33,2.71262
9362.24,9452,64913.6,3349.32,3340,65718.9,10360,-53.95,2.71373
13026.8,12644,67519.9,6387.42,6224,67256.7,18136.6,-18.26,2.71373
9430.24,9388,65830.9,5379.66,5141,68578.4,11706.2,14.11,2.71485
13143,12834,67114.1,8174.4,7718,69411.4,37419.7,48.97,2.71485
12474.6,12240,66792.1,6426.42,6252,67364.3,28147.1,49.8,2.71485
10457.7,10397,65918.7,4542.72,4541,65560.8,31751.5,9.13,2.71597
16642.3,16212,67275.5,6828.9,6704,66757,15935.4,-14.11,2.71708
13488.5,12769,69228.7,4793.88,4437,70807.2,16966.6,21.58,2.71932
12785.4,12693,66012.9,4715.88,4689,65911.7,13349.7,126.16,2.71932
8473.48,8598,64586.9,2240.94,2270,64697,8498.1,21.58,2.71932
16117.4,14780,71466,7073.04,6296,73624.3,17060.2,87.98,2.72267
16941.5,15560,71354.7,8602.62,7749,72755.4,20304.2,9.13,2.72267
12368.5,12322,65783.4,3981.12,3958,65918.8,21901.6,-29.05,2.72379
9551.28,9550,65544.8,3644.16,3646,65502.9,13724.1,9.96,2.72714
7790.08,7925,64420.3,3034.98,2997,66366.5,29081.5,75.53,2.72826
11625.3,10444,72948.5,8075.34,7425,71276.2,6463.08,36.52,2.73049
7968.24,7725,67599.6,5733.78,5577,67378.3,7557.42,34.86,2.73273
13843.4,13585,66782.8,5296.98,5233,66337.3,25973.2,48.97,2.73384
15886.2,15399,67609.3,6831.24,6659,67231.1,6326.58,-7.47,2.73496
15714.8,15361,67045.5,4623.84,4405,68791.8,5649.54,21.58,2.73496
7262.4,7309,65118.2,2412.54,2397,65960.9,12983.9,33.2,2.73608
11362.1,10585,70347.5,8870.16,8493,68446.4,17866.7,1.66,2.73719
15548.2,15186,67099.1,5325.84,5254,66432.1,30401.3,84.66,2.73831
9749.84,9676,66036.1,2952.3,2936,65899.8,19320.6,26.56,2.73943
13323.2,12650,69023.9,7211.88,6682,70733,25522.4,30.71,2.73943
15096,14740,67118.8,5110.56,5012,66824.8,18145.9,45.65,2.73943
19809.8,18889,68730.6,8381.88,8185,67112.4,7009.86,117.03,2.73943
8154.56,8220,65014.3,1993.68,1980,65988.8,11512.8,-13.28,2.73943
16437.6,16302,66081.3,4037.28,3998,66179.9,12160.2,13.28,2.74055
14324.2,14241,65918.9,5330.52,5077,68808.5,7937.28,-0.83,2.74055
6963.88,6994,65253.8,3351.66,3346,65646.9,21041.3,43.99,2.74278
21703.6,20836,68264.8,9756.24,9572,66797.4,7445.1,23.24,2.74278
17155,16920,66446.4,6403.8,6257,67073.6,21535,13.28,2.74278
13370.2,12925,67793.2,6727.5,6585,66954.2,11457.4,28.22,2.7439
13733.3,13493,66703.1,5989.62,5945,66027.9,34079.8,58.93,2.74613
13143.7,13207,65222,4307.16,4339,65055.1,10525.3,66.4,2.74725
22749.4,17145,86958.6,17075.8,13721,81559.4,11221.9,68.06,2.74948
29080.2,19183,99348.4,20894.6,14140,96842.4,12607.1,142.76,2.74948
16250,16212,65689.5,5340.66,5308,65939.2,12281.9,-15.77,2.75284
15967.1,15672,66769.9,7098.78,6892,67502.3,20763.6,5.81,2.75507
25235.5,21057,78540.8,10384.1,8885,76593.7,34458.8,58.1,2.75842
10280.2,10157,66331.2,4363.32,4109,69592.3,6846.84,12.45,2.75954
13561.2,13418,66235.6,7689.24,7130,70676.3,7744.62,72.21,2.76513
9878.36,10079,64231.4,4138.68,3999,67825.1,8698.56,49.8,2.76513
23092.1,20341,74399.8,9515.22,8273,75376.5,19895.5,-10.79,2.76624
26641,20951,83334.8,12165.7,9987,79832.6,12303.7,99.6,2.76624
8221.88,8353,64507.3,3645.72,3557,67170.6,20101.4,9.13,2.76736
11649.8,11520,66274.2,5000.58,4852,67542.9,5668.26,4.98,2.77071
10448.9,10157,67419.3,6417.84,5952,70665.3,18037.5,37.35,2.77406
37970.5,26250,94797.6,30283.5,23198,85553,87866.2,192.56,2.77518
9474.44,9597,64699.1,3413.28,3405,65695.4,8682.18,5.81,2.7763
11023.5,10617,68045.1,6575.4,6313,68260,19113.9,57.27,2.7763
6123.4,6176,64977.8,2915.64,2884,66255,5921.76,55.61,2.77741
26526.8,17033,102064,13466.7,8041,109757,15564.9,89.64,2.77741
7263.76,7396,64364.2,3303.3,3284,65921.2,9445.8,10.79,2.77965
10375.4,10416,65280.8,4111.38,4096,65782.1,8204.04,-4.15,2.78188
14128.4,13955,66350.1,5571.54,5479,66642.9,32379.4,63.91,2.78188
13406.9,11468,76616.1,7927.14,7153,72628.7,17545.3,34.03,2.78188
6615.72,6773,64014.1,2917.2,2953,64741.5,20773.7,9.13,2.78412
34196.5,29360,76331.9,22960.9,19688,76430.5,59562.4,131.97,2.78524
23413.8,17044,90028.4,20842.4,15992,85413.1,34142.9,133.63,2.78747
23579,23052,67034.2,8388.9,8248,66655.5,24222.9,0.83,2.7897
14902.2,13463,72541.8,7087.86,6292,73825.5,16387,24.07,2.7897
13386.5,12389,70812.5,5579.34,5057,72305.2,27613.6,45.65,2.79082
17706.5,17359,66848,7980.96,7807,66996.3,5563.74,46.48,2.79194
14617.3,13844,69196.6,7253.22,6900,68890.9,48154.9,40.67,2.79529
5016.36,5137,63996.9,2127.06,2109,66097.2,8084.7,5.81,2.79641
9581.2,9208,68192.2,7518.42,7096,69437.3,7061.34,14.11,2.79864
9082.08,9222,64541.7,3526.38,3494,66143.3,22170.7,21.58,2.79976
13860.4,13821,65723,4445.22,4393,66315,23473.3,42.33,2.80088
13451.8,11476,76819,6842.94,6144,72991.4,12463.6,68.06,2.80199
14643.8,14477,66291.1,5509.14,5389,66997,19741.8,70.55,2.80311
22523.6,21885,67448.5,7871.76,7728,66755.1,10837.3,49.8,2.80423
16101,15767,66924.4,6581.64,6411,67280.4,7686.12,-10.79,2.80646
12075.4,11928,66346.1,4292.34,4225,66580.5,28466.9,43.16,2.80758
12416.8,11833,68769.3,6960.72,6612,68992.4,18734,57.27,2.81093
10253,10256,65517.1,4200.3,4132,66619.3,10012.1,-5.81,2.81428
13612.9,13481,66177.3,6839.04,6633,67571.7,9886.5,53.12,2.81875
10275.5,9317,72278,5694,5173,72136.5,25178.4,34.03,2.81987
14775.7,14619,66238.6,4992,4907,66671.2,8769.54,14.11,2.82099
27395.2,19160,93704,24047.4,18392,85687.8,16836.3,53.12,2.82322
13678.2,13217,67822.8,5792.28,5569,68163.6,38138.9,53.95,2.82434
14381.3,12909,73010.6,7935.72,7225,71982.8,66654.9,26.56,2.82657
13204.9,12895,67111.1,5284.5,5186,66780.8,7984.08,14.94,2.82992
18234.2,17520,68207.6,10106.5,9408,70401.5,34571.9,14.11,2.82992
16314.6,15520,68891.2,6984.12,6516,70244.2,10729.7,32.37,2.83216
15189.8,14520,68559.3,7187.7,6940,67875.1,20023.4,60.59,2.83328
13153.2,12827,67202.8,5119.92,5000,67107.8,35862.1,53.95,2.83328
27621.6,15922,113692,15181.9,10050,99001.2,219780,38.18,2.83439
14809.7,14490,66982,6393.66,6302,66489.2,13330.2,22.41,2.83886
8212.36,8021,67099.5,5343.78,5141,68121,15200.6,51.46,2.83998
25754.3,18137,93060.3,21458.6,15732,89391.7,7573.8,59.76,2.8411
15020.5,14308,68799.6,6790.68,6404,69493.1,24197.9,43.99,2.84221
11881,11788,66052.8,6028.62,5836,67699,9445.02,34.03,2.84333
14583.3,14257,67035.8,6773.52,6513,68157.4,6639.36,14.94,2.84333
23561.3,20237,76301.6,13722.5,11929,75389.4,34118,95.45,2.84445
9078.68,9017,65984.3,3574.74,3533,66310.3,10962.1,28.22,2.84557
12095.2,11854,66869.3,4407,4333,66655.2,8799.18,1.66,2.8478
11731.4,11444,67181.6,5984.16,5820,67384.5,16482.2,14.11,2.84892
12645.3,12427,66687.1,5363.28,5295,66381.1,21901.6,4.98,2.84892
18011.2,17697,66699.4,4919.46,4653,69289,10060.4,-11.62,2.85227
10903.8,9914,72079,6483.36,5930,71651.5,12079.1,28.22,2.85339
9615.88,9565,65884.6,4266.6,4205,66496,6183.84,-13.28,2.8545
8995.72,9015,65395.8,3658.2,3619,66245.9,13231.9,18.26,2.85897
13869.3,13280,68444.1,7861.62,7560,68150.7,10562.8,29.05,2.86344
7367.12,7326,65903.8,3415.62,3373,66364.1,8566.74,30.71,2.86679
16082,15585,67625.9,8203.26,7621,70543.1,6678.36,7.47,2.87126
9544.48,9601,65150.2,3847.74,3809,66202.5,16128.8,15.77,2.87238
11279.2,10572,69919.7,7748.52,7512,67599.4,6162.78,1.66,2.87461
13691.8,13567,66138.9,4595.76,4543,66297.1,33611,66.4,2.87796
15421,14807,68253.8,8791.38,8467,68046.8,15642.1,35.69,2.87796
13126.7,11533,74592.3,7936.5,7168,72562.3,20911,52.29,2.87796
12696.3,11060,75231.8,8983.26,8132,72396.3,32083.7,103.75,2.8802
20736.6,14963,90823.6,15834.8,12163,85320.1,55889.3,32.37,2.8802
6613,6616,65506.3,3258.06,3228,66146.3,17335.5,-15.77,2.88132
10063.3,9901,66610.4,4630.86,4525,67069.2,10597.1,-1.66,2.88243
21911,20790,69069.6,11651.6,11190,68239.7,7115.16,22.41,2.88355
15172.8,14200,70025.9,11072.1,10353,70088,29905.2,56.44,2.88579
23009.2,19089,78994.6,11247.6,9653,76362,17741.1,39.84,2.88579
11922.4,11157,70032.2,8482.5,8025,69272.2,33306.8,34.86,2.8869
27858.9,22285,81927.9,14316.1,11613,80790.6,48542.5,18.26,2.88914
15742,15630,66005.6,5535.66,5498,65984.9,13339.6,23.24,2.89025
26789.3,22950,76499.4,13427.7,11714,75123.6,45237.7,39.01,2.89361
13800.6,12513,72279.7,7278.96,6749,70682.2,14267.8,58.93,2.89472
21589.3,20918,67639.3,8076.9,7558,70035.4,5715.06,68.06,2.89584
15164,14748,67384.6,6558.24,6364,67536.3,21095.9,10.79,2.89696
13157.3,12953,66569.8,6428.76,6313,66737.7,16414.3,-20.75,2.89807
14257.6,14067,66423.8,6178.38,6019,67271.4,32177.3,78.85,2.89919
17544.7,16056,71612.4,11388.8,10252,72802.9,30984.7,26.56,2.89919
15693,15561,66092.1,5304,5065,68628.4,23127.8,50.63,2.89919
17705.2,16157,71815.6,9977.76,8688,75265,8334.3,42.33,2.90031
9364.96,8980,68345.4,5994.3,5768,68107.2,11699.2,-4.15,2.90031
60326.9,39345,100485,50389.6,34993,94371.2,14956.5,179.28,2.90031
22545.4,21640,68278,8647.08,8471,66898.3,14747.5,34.03,2.90143
13454.5,12889,68411.3,7258.68,7033,67639,13977.6,31.54,2.90254
31885.9,29365,71162,17346.4,16217,70100.2,15387.1,60.59,2.90254
35471.5,27337,85037.2,24950.6,19469,83988.1,10664.2,122.01,2.90254
9515.92,9516,65535.4,4226.82,4165,66508.7,25346.1,39.84,2.90701
23621.8,22217,69680,11755.4,11348,67888.7,25545.8,45.65,2.90701
16440.4,15977,67436.6,6708.78,6605,66565.7,6300.84,32.37,2.91148
13462,13317,66249.4,5754.06,5701,66146,12977.6,-15.77,2.91148
14516.6,14376,66177.1,5445.18,5416,65889.1,7200.96,-34.86,2.9126
12614.7,11440,72265.4,7727.46,7024,72099.5,45566.8,-13.28,2.9126
10032,9857,66699.8,5424.9,5349,66465.9,8001.24,22.41,2.91483
20665.9,19616,69043.6,12292.8,11844,68019.3,12767.8,61.42,2.91483
14790.7,14632,66246.7,4770.48,4673,66903.1,6656.52,62.25,2.91595
8697.88,8754,65115.9,3063.06,3057,65665.9,25350.8,9.13,2.91707
23035.7,21072,71643.2,11069.8,9728,74575.2,12980,39.84,2.91818
26161.6,24740,69301.9,11503.4,11188,67383.7,12164.9,79.68,2.91818
16341.1,15868,67489.9,6596.46,6504,66467.6,10012.9,-1.66,2.9193
14184.8,13941,66682.1,4470.96,4373,67004.1,12372.4,3.32,2.92489
26600.9,23401,74497.6,15192.8,13780,72255.3,32072.8,69.72,2.92489
31099.8,25811,78964.6,12607.1,10359,79758.8,31776.4,92.96,2.92489
15306.1,14058,71354.5,7055.88,6234,74176.2,58502.3,117.86,2.92601
10854.8,10829,65692.4,5371.86,5296,66474.7,5615.22,34.86,2.92824
18732.6,17752,69156.3,10816.3,10492,67561.4,6864.78,26.56,2.93047
15974.6,15696,66699.1,5694,5584,66827,11179,20.75,2.93271
6041.8,6094,64974.6,2737.02,2734,65608.4,10377.1,43.16,2.93494
12803.7,12480,67236,7265.7,7104,67027.7,24831.3,-4.15,2.93941
12756.1,12537,66681.4,5793.06,5657,67112.3,33058.7,43.99,2.94053
8289.2,8297,65474.4,3655.08,3625,66079.8,12864.5,12.45,2.94053
23856.4,20028,78063.5,9611.16,8284,76035.4,18461.8,87.98,2.94276
11494.7,11527,65352.5,5183.88,4931,68896.9,7571.46,8.3,2.945
12947.2,12410,68372.9,7660.38,7370,68118.1,11203.1,39.01,2.94612
18562.6,16865,72132.9,7427.16,6633,73382.5,6798.48,4.15,2.94723
10406.7,9853,69219,8470.02,8041,69032.6,17077.3,17.43,2.9517
12415.4,12225,66556.9,4841.46,4753,66755.7,21616.1,-16.6,2.95394
15247.6,14846,67309,6358.56,6218,67017.5,18341.7,2.49,2.95617
4991.2,5017,65199,2591.94,2532,67087.4,14825.5,9.96,2.96176
11031.6,11022,65593.3,3534.18,3530,65613.6,9192.3,29.88,2.96176
12059.1,11941,66184.3,5305.56,5193,66956.5,11150.1,53.12,2.96399
11339.7,11345,65505.3,4087.2,4073,65764.5,7408.44,-3.32,2.96511
18997.2,18266,68159.3,8732.88,8490,67410.8,8611.98,2.49,2.96511
9355.44,9385,65329.6,3753.36,3741,65752.5,7289.88,6.64,2.96511
16311.8,15272,69998.2,10263.2,9740,69056.6,8275.02,18.26,2.96734
17160.5,16888,66593.4,3397.68,3349,66488.6,14269.3,0,2.97628
27945.3,20068,91260.8,20143.5,14628,90246.4,9817.08,87.98,2.97851
18603.4,17597,69284.3,9721.14,9341,68203,8491.86,83.83,2.98187
54912.7,31266,115101,44821.9,29094,100964,41577.1,206.67,2.9841
15718.2,15301,67322.9,7596.42,7025,70866.8,11909.8,-9.13,2.98634
28322.7,22105,83969.9,19262.9,16253,77672.6,12703.9,78.02,2.98745
13026.8,12834,66520.3,5920.98,5810,66787.8,9680.58,-3.32,2.9908
10359.1,10227,66382.6,4862.52,4759,66961.6,28658.8,30.71,2.99192
24609.2,20424,78965.4,15121.1,13096,75670.1,19696.6,8.3,2.99192
6239.68,6268,65239.9,2956.2,2924,66257.7,15940.1,21.58,2.99304
5784.08,5800,65356.1,2447.64,2469,64969,27169,-2.49,2.99416
19747.2,18109,71464.6,10725,9584,73338.2,12048.7,-18.26,2.99527
14755.3,14445,66943.9,6047.34,5885,67343.8,13493.2,-21.58,2.99527
13081.2,12713,67433.9,6427.98,6269,67198,20331.5,58.1,2.99527
47120.6,29071,106226,34388.6,21931,102763,15022,215.8,2.99639
12961.5,12645,67176.2,7303.14,6909,69274.7,19422,38.18,2.99751
18426,14929,80887.1,12171.9,10373,76901.3,13569.7,73.04,2.99862
13391.9,13130,66843.3,6276.66,6154,66842.2,15179.6,49.8,2.99974
11857.2,11537,67354.7,6501.3,6273,67921.1,9278.1,23.24,3.00086
13294.7,12848,67814.5,6343.74,5924,70179.5,28541.8,48.97,3.00198
19799.6,19212,67540.3,7691.58,7368,68414.1,9654.84,-36.52,3.00533
18738.1,18579,66097.1,6215.82,6119,66573,9540.18,24.9,3.00533
11337.6,11361,65401.2,3473.34,3425,66461,8998.86,-10.79,3.00645
13677.5,12267,73071.7,7968.48,7163,72905.5,36474.4,63.91,3.00756
9787.92,9344,68649.5,6692.4,6476,67725.9,15037.6,146.08,3.00756
9469.68,9555,64950.8,3990.48,3952,66174.1,13792.7,48.97,3.00868
16604.2,16297,66771.5,6037.2,5881,67276.6,26979.4,47.31,3.0098
8806.68,8882,64980.3,3562.26,3558,65614.5,7753.98,-14.11,3.0098
14741,14545,66419.3,5140.2,5061,66561.6,8303.88,38.18,3.01091
8735.28,8733,65553.1,3812.64,3769,66294.8,7197.06,18.26,3.01203
21388.7,18077,77542.2,13861.4,11625,78143.6,37912.7,67.23,3.01315
14647.9,13268,72351.8,11741.3,10708,71860.3,15514.2,32.37,3.01315
13504.8,11860,74624.8,8944.26,7972,73528.7,41692.6,54.78,3.01427
12858.8,12209,69024,6774.3,6501,68291.1,6858.54,13.28,3.01427
24497,21128,75986.2,9427.86,8300,74441.5,30402.1,-4.98,3.0165
15207.5,14927,66767.6,5334.42,5199,67243,6073.86,48.14,3.01762
25856.3,24033,70508,13331,12837,68057.9,25491.2,39.01,3.01762
74661.3,53881,90811.3,48422.4,35954,88263.1,116963,168.49,3.01985
11669.5,11317,67577.2,5192.46,5073,67079.3,19642.7,19.09,3.0232
43530.9,33881,84201.8,30093.2,24233,81384.3,58532,105.41,3.02432
9486.68,8629,72049.9,6458.4,5929,71387.7,8349.12,44.82,3.02544
8854.96,8932,64970.7,3403.14,3372,66141.2,11228.9,3.32,3.02544
16340.4,16104,66498,6059.04,5896,67348.2,13579.8,0,3.02656
8752.28,8752,65538.1,3456.96,3408,66477.5,28678.3,-38.18,3.02656
14834.9,14696,66155.3,6674.46,6552,66760.9,21759.7,-10.79,3.02656
11393.4,10408,71740.8,6350.76,5752,72358,26802.4,11.62,3.02879
11307,11079,66884.9,5847.66,5751,66637.5,6469.32,38.18,3.02991
16162.2,15609,67858.8,9523.8,8985,69466,13526,62.25,3.02991
29911.8,26540,73862.2,16564.1,14700,73846.5,15963.5,60.59,3.03102
6458.64,6518,64939.2,3189.42,3141,66546.3,7287.54,23.24,3.03438
11600.8,11756,64670.8,3690.18,3708,65221,7438.86,-9.96,3.03661
10474,9729,70554.7,7061.34,6509,71097.2,17186.5,-1.66,3.03773
18557.2,15732,77305.1,16323.1,14284,74891.4,50934.8,98.77,3.03996
23668.8,22101,70184.9,14656.2,14217,67560.6,7276.62,73.04,3.04108
21083.4,18782,73566.3,14381.6,13578,69414.9,35438.5,27.39,3.04443
12786,12096,69274.6,7183.02,6628,71023.9,40189.5,-0.83,3.04443
12862.9,11501,73296.4,8585.46,7865,71539.3,26959.1,29.05,3.04667
51689.5,37312,90789.1,33905.8,23644,93979.5,14144.5,106.24,3.04778
14665.6,13857,69360.1,9091.68,8561,69598.5,20088.1,-12.45,3.05002
6590.56,6565,65791.2,2712.06,2713,65513.3,23910.1,76.36,3.05225
9319.4,9351,65314.5,3634.02,3603,66100.2,19651.3,1.66,3.05225
12922,12781,66259.2,5586.36,5517,66359.9,20580.3,2.49,3.05337
5068.04,5164,64318.2,2336.1,2300,66564.6,7486.44,-2.49,3.0556
6683.72,6116,71619.4,6658.08,6128,71204.9,14250.6,10.79,3.05672
12025.8,11341,69493.2,9113.52,8672,68872.6,6112.86,70.55,3.05672
16890.5,15277,72457.8,4416.36,4144,69843.3,16064.1,-11.62,3.05784
17418.2,14926,76478.6,11618.9,10542,72230.6,40370.5,85.49,3.06007
14708.4,14244,67672.7,6872.58,6244,72133.5,24429.6,17.43,3.06231
14371.8,13448,70037.9,9335.04,8709,70247,45952.9,-15.77,3.06231
28424.7,20904,89114,17404.9,13692,83307.7,31444.9,30.71,3.06566
7578.6,7036,70590,5063.76,4748,69894.4,6640.92,123.67,3.06678
26111.3,23783,71951.9,14573.5,13123,72779.9,17681,70.55,3.06678
9884.48,9632,67253.9,4934.28,4736,68279.8,6284.46,39.84,3.07348
20081.8,16843,78138,11928.5,10399,75175.4,18751.2,82.17,3.07348
14159,13960,66470,6883.5,6664,67694.6,17770,39.84,3.0746
24011.5,22460,70063.1,11083.8,10613,68443.2,27652.6,106.24,3.07571
11886.4,11710,66523.2,6469.32,6298,67318.7,12611.8,37.35,3.07795
15928.3,15333,68080.5,6438.12,6089,69293.6,10719.5,9.96,3.08242
12786.7,12462,67243.7,5921.76,5422,71576.6,13164.8,33.2,3.08242
9097.04,8949,66620.1,4283.76,4169,67340,13073.6,-21.58,3.08242
15846,13057,79534.8,8367.84,7013,78196.9,51817.7,70.55,3.08353
10652.9,10509,66433.3,3874.26,3753,67653.5,6156.54,-15.77,3.088
18774.8,14862,82790,15005.6,12686,77519.3,34089.9,75.53,3.088
14409.2,14138,66793.1,5601.18,5469,67119.9,18872.9,19.92,3.09024
10820.2,10488,67611.6,6120.66,5861,68439.4,6602.7,14.11,3.09247
15002.2,14752,66647.3,7881.12,7428,69533.8,6651.06,31.54,3.09247
7757.44,7807,65120,2607.54,2559,66779.1,29009.8,34.03,3.09471
15161.3,14772,67263,5647.2,5492,67388,5938.92,19.09,3.09582
11942.8,11896,65794.1,4443.66,4344,67039.5,10038.6,7.47,3.10029
15210.9,13881,71814.9,9837.36,8868,72699.7,29661.8,49.8,3.10029
16528.1,15386,70400.6,6874.92,6218,72459.8,46602.7,54.78,3.10141
17841.8,17185,68040.9,5984.16,5729,68454.9,24238.5,4.15,3.10364
10009.6,9884,66368.8,3303.3,3244,66734,6615.18,1.66,3.10588
12975.8,12548,67770.1,6579.3,6320,68224.8,18571,38.18,3.107
9951.12,9401,69371,3421.86,3140,71418.8,17518,78.02,3.10811
9549.92,9444,66271,4036.5,3940,67141.1,27579.2,17.43,3.10923
11471.6,11245,66856.6,4579.38,4429,67761.2,23199.5,23.24,3.11035
12992.8,12544,67880.5,6286.02,6128,67225.9,19904.8,44.82,3.11146
14074.6,13792,66879,4246.32,4188,66448.6,6250.14,62.25,3.11146
19265.1,19020,66380.5,4533.36,4488,66198.4,47044.1,63.08,3.11258
9668.92,9306,68091.8,6163.56,5886,68626.4,17109.3,58.93,3.11258
6576.96,6619,65119.8,3026.4,2975,66668.3,10553.4,-5.81,3.11482
38228.2,30527,82069.2,25808.6,19343,87442.2,5888.22,78.02,3.11593
14199.8,14143,65799,4916.34,4875,66091.8,7066.02,46.48,3.11593
15388.4,14943,67489.4,17996.2,17371,67894.6,13784.9,55.61,3.11817
11418.6,10941,68396.6,6811.74,6525,68416,32445.7,91.3,3.11929
11252,10617,69455.4,7790.64,7428,68735.5,25442.8,49.8,3.1204
10469.3,10390,66036.1,3541.2,3462,67035.3,19262.1,55.61,3.12152
9513.2,9203,67745,4967.82,4771,68239.6,9649.38,5.81,3.12152
15708,15293,67314.4,5956.08,5801,67288,7595.64,-8.3,3.12264
17035.4,16578,67344,5258.76,5142,67024.1,20728.5,6.64,3.12375
12885.3,12796,65993.5,4004.52,3969,66122.5,11315.5,-34.03,3.12822
15559.8,15341,66470.5,5617.56,5504,66888.2,22089.6,28.22,3.12934
19186.2,18734,67117.9,8015.28,7870,66745.8,15211.6,9.13,3.13046
13447.7,13108,67234.3,7054.32,6800,67987.1,13536.9,34.03,3.13269
6775.52,6884,64503.3,3060.72,3044,65896,6750.12,21.58,3.13269
15156.5,11957,83072.5,10178.2,8181,81535.2,34977.5,61.42,3.13493
13693.8,12598,71236.7,9187.62,8390,71766.4,50242.1,71.38,3.13604
12505.9,12173,67328.1,7577.7,7257,68432.1,6909.24,1.66,3.13716
35312.4,26738,86552.2,22646.5,17174,86419.1,8822.58,52.29,3.13716
17399.8,16676,68380.7,10433.3,9488,72065.3,6123.78,61.42,3.14051
21395.5,19620,71466.7,16677.2,15396,70989.6,25760.3,139.44,3.14051
10859.6,10830,65715.1,2574.78,2526,66801.6,7754.76,41.5,3.14051
11351.9,11179,66549.7,4424.94,4383,66163.1,7739.94,-24.07,3.14163
25077,21510,76404,13267,11318,76821.6,12806,83.83,3.14275
9741.68,9706,65776.9,4326.66,4270,66405.6,14820.8,3.32,3.14722
9329.6,8729,70045.2,6282.12,5593,73610.8,16830.8,28.22,3.14945
12568.4,12513,65826.4,4746.3,4741,65609.3,27205.6,33.2,3.15057
14405.8,12960,72847.1,8312.46,7476,72868.6,6884.28,15.77,3.15392
13255.9,13027,66687.6,5860.14,5735,66966,27580.8,-14.94,3.15392
9205.16,9157,65880.7,4500.6,4433,66535.4,21209.8,45.65,3.15392
15439.4,15285,66198,4029.48,4045,65284.5,9901.32,-24.9,3.15504
15915.4,14775,70594.4,11689.9,10583,72390.3,31603.3,52.29,3.15615
12399.1,12359,65748.7,3857.1,3811,66328.8,10851.4,-24.9,3.15727
10922.8,10620,67404.8,5974.8,5804,67464.6,6996.6,-9.96,3.1595
14664.2,10285,93440.3,6244.68,4192,97626.8,14690.5,0,3.16174
13443.6,13280,66343.4,3759.6,3716,66304.9,18613.1,19.09,3.16286
8199.44,8027,66943.9,3464.76,3371,67358.8,21003.8,45.65,3.16286
15140.2,14853,66803.2,5382,5285,66738.8,7566.78,31.54,3.16286
19331,18629,68005.8,11258.5,10413,70857.4,11960.5,50.63,3.16509
17312.1,17095,66368.4,4345.38,4243,67117.3,7968.48,10.79,3.16509
13363.4,13195,66372.2,5825.82,5743,66481.1,11970.7,21.58,3.16509
22405.3,16777,87521.9,12922.3,10585,80006.9,28240.7,63.08,3.16509
10833.1,10493,67660,6332.04,5856,70863.5,9884.16,24.9,3.16621
8821.64,8927,64762.5,2481.96,2495,65193.5,23421.1,-11.62,3.16844
16679.7,16357,66829,5640.18,5529,66853.8,20727.7,38.18,3.16844
27982,22404,81852.7,20053,16596,79187.4,37431.4,34.86,3.17291
15136.1,14831,66884.3,4548.96,4427,67341.5,10292.9,-18.26,3.17291
20869.2,18428,74217.7,16101.5,14117,74748.9,6305.52,23.24,3.17515
20894.4,19812,69116.3,9817.86,9336,68918.5,13139.9,8.3,3.1785
19383.4,18609,68263.2,10500.4,10281,66934.3,17672.5,4.98,3.1785
20240.2,19489,68062.1,4388.28,4241,67811.9,9385.74,30.71,3.17962
58724.8,38729,99372.3,41135.6,27645,97517.3,105196,161.02,3.18073
13645.6,13411,66682.2,4402.32,4311,66924.3,32188.3,42.33,3.18297
26451.3,24099,71933,14196.8,13227,70341,21781.5,0.83,3.18408
11859.9,10255,75792.2,7629.18,6523,76649.7,56065.6,16.6,3.18408
8093.36,8195,64723.2,3397.68,3367,66133.2,5679.96,21.58,3.1852
11889.1,11794,66064.6,4937.4,4854,66662,7929.48,12.45,3.18967
12127.1,11628,68349.1,6006.78,5688,69208.9,27286,64.74,3.18967
4921.16,5011,64361,2421.9,2375,66830.2,6487.26,27.39,3.19079
15695.8,15626,65828.6,6056.7,5946,66756.1,25000.6,47.31,3.19079
12365.8,11620,69742.3,7063.68,6532,70870.4,11221.1,18.26,3.19302
13390.6,13157,66699.4,5965.44,5829,67070,14271.7,-24.9,3.19414
32164.7,21333,98811.4,33260.8,23341,93388.3,43432,141.1,3.19526
16273.8,14434,73889.2,13565.8,12086,73560,34517.3,67.23,3.20308
8698.56,7764,73424.6,7668.96,6880,73051.3,25187,46.48,3.20643
15979.3,15609,67090.8,5146.44,5005,67388,15860.5,-34.03,3.20643
16805.5,16399,67160.6,12125.1,6799,116875,14838.7,81.34,3.20755
5135.36,5234,64300.9,2489.76,2454,66491,9261.72,43.99,3.20866
8957.64,8988,65314.6,4392.96,4309,66813,29943.4,-9.13,3.20866
11492.7,11424,65930,4687.02,4592,66892.1,20441.5,9.13,3.20866
10878.6,10813,65933.8,4569.24,4509,66411.6,12156.3,-10.79,3.20978
6393.36,6333,66160.6,7185.36,6889,68355.3,40832.2,278.88,3.2109
10557,10488,65967.2,3906.24,3736,68522.3,6366.36,83.83,3.2109
7875.08,7898,65345.8,3416.4,3418,65505.3,34749.8,20.75,3.21313
17802.4,16856,69215.6,10067.5,9740,67739.3,20017.9,33.2,3.21425
12652.8,12505,66310.4,6100.38,5988,66766,16200.6,51.46,3.21537
10409.4,9909,68845.8,4836,4457,71108.8,39273,58.1,3.21648
13136.2,12170,70739.2,4882.8,4414,72496.4,30442.6,41.5,3.2176
9875.64,9768,66258.2,3899.22,3816,66965.2,18357.3,-9.13,3.21872
9483.96,9413,66030,3548.22,3477,66878.4,11083,11.62,3.21872
18735.4,18205,67445.2,9826.44,9392,68567.5,12409.8,26.56,3.22207
15527.1,15305,66487.1,6592.56,6500,66469.2,17699,-20.75,3.22207
8602,8707,64745.7,1907.88,1875,66685.2,9477.78,44.82,3.2243
9720.6,9644,66056.5,4363.32,4300,66501,11010.5,33.2,3.22766
13439.5,11845,74358.2,14328.6,13441,69863.8,48495.7,78.85,3.22766
12516.8,12326,66550.3,4216.68,4134,66846.7,11724.2,-16.6,3.23324
20847.4,19222,71077.8,13473.7,12822,68867.1,26002.1,48.97,3.23324
8204.2,8174,65778.1,3630.9,3578,66504.9,9071.4,62.25,3.23324
13773.4,13520,66764.3,5651.88,5628,65814.1,20647.4,56.44,3.23548
11949.6,11475,68246.8,7413.9,7191,67567.4,6952.92,28.22,3.23548
7027.12,6737,68358.2,4968.6,4497,72408.8,8548.02,48.97,3.23659
33114,24480,88650.2,29753.9,23704,82262.5,34639,105.41,3.23659
11921.1,11735,66575.2,6495.06,6343,67107.1,8394.36,17.43,3.23994
12317.5,11466,70403,8367.84,7790,70397.3,15400.3,-1.66,3.24218
16042.6,15869,66252.8,5945.94,5865,66440.4,15919,42.33,3.24218
15242.2,14822,67393.9,6084.78,5874,67887.7,9955.14,9.96,3.24441
33706.9,25193,87683.8,15819.2,13012,79674.6,15149.9,0.83,3.24553
12496.4,12265,66772.2,5615.22,5385,68337.8,11882.5,11.62,3.24665
22626.3,20572,72080.4,15887,14524,71686.4,25523.9,71.38,3.24777
21301.7,19893,70176.8,10656.4,10277,67955.2,21699.6,18.26,3.24888
10606,10504,66172.1,4053.66,4033,65871.7,18739.5,-13.28,3.25
15272.1,14717,68008,8759.4,8512,67440.8,8028.54,87.15,3.25447
13141.7,13000,66250.2,5413.2,5356,66235.9,24120.7,80.51,3.25447
13200.8,12924,66939.8,5644.86,5500,67262.1,17085.1,34.86,3.25559
13810.8,13181,68667.4,6934.98,6720,67632.6,7588.62,14.11,3.2567
21593.4,20708,68338.1,5668.26,5536,67101.7,19641.2,-12.45,3.25782
11536.9,10661,70920.3,7896.72,7281,71078.1,39769.1,67.23,3.26005
14970.2,13917,70495.6,9007.44,8253,71526.9,18696.6,-7.47,3.26564
10934.4,11017,65044.7,3400.02,3401,65517.1,15683.5,-12.45,3.26564
13056.7,12871,66481.4,6243.9,6071,67402.4,7813.26,24.07,3.26676
12610.6,12366,66832.3,5103.54,5038,66388.6,25640.2,29.05,3.26899
13857.7,13128,69178.8,5863.26,5372,71529.1,21357.2,-0.83,3.27011
5457,5419,65995.6,2318.94,2267,67037.5,14958.1,12.45,3.27123
11923.1,10824,72190.8,5782.92,5388,70339.5,18756.7,-39.01,3.27234
9686.6,9548,66487.3,4237.74,4188,66314.4,12963.6,-7.47,3.27234
13348.4,13134,66605.8,4758,4654,67000.5,6147.96,40.67,3.2757
13997.1,13980,65616.3,4240.08,4232,65661.1,31697.6,35.69,3.27793
16041.9,15654,67159.9,7115.16,6930,67287,23660.5,-34.86,3.28128
7359.64,7346,65657.7,3497.52,3477,65922.8,11307.7,39.84,3.28352
12339.3,12251,66008.3,4431.96,4399,66027,6480.24,26.56,3.28687
12296.4,11843,68045.2,7101.9,6867,67777.8,7932.6,14.94,3.28687
13646.9,13009,68749.7,9308.52,8725,69919,17276.2,3.32,3.28799
7813.2,7878,64996.9,2888.34,2850,66417.6,9676.68,-31.54,3.29022
11736.1,11645,66048.8,4519.32,4384,67558.9,10403.6,3.32,3.29134
32356.4,24005,88336.3,16562.5,12837,84555.7,15093.8,84.66,3.29134
10475.4,10181,67431.1,6476.34,6269,67703.5,14313.8,38.18,3.29245
14211.3,14221,65491.4,3365.7,3341,66020.5,5892.12,-34.86,3.29357
16243.2,15830,67246.5,7665.06,7446,67464,9358.44,4.15,3.29469
14100.5,13373,69101.1,7650.24,7033,71287.7,11956.6,143.59,3.29804
15089.9,14610,67688.6,7167.42,6930,67781.2,8452.86,47.31,3.29804
22831.7,20025,74721.4,11810,10429,74214.1,53222.5,-4.15,3.29804
7461.64,7605,64300.6,2789.28,2789,65542.6,5907.72,-29.88,3.29916
14496.2,14569,65208.7,4569.24,4578,65410.6,5621.46,-11.62,3.30027
10412.2,10178,67043.8,5261.1,5122,67315.8,6959.16,37.35,3.30027
9382.64,9415,65310.7,3254.16,3283,64960.3,6437.34,33.2,3.30251
6825.16,6874,65070.4,2541.24,2522,66036,10306.1,-5.81,3.30363
19744.5,17688,73155.5,13228.8,12076,71792.2,45780.5,46.48,3.30698
34336.6,27770,81032.9,19239.5,16142,78111.7,71600.1,107.07,3.30698
26035.2,24162,70616.7,14913.6,14102,69307.7,14128.9,129.48,3.30698
13034.9,12667,67439.5,5873.4,5739,67070.8,11479.3,93.79,3.30921
24640.5,20277,79638.9,15628.9,13833,74044.2,38958.7,19.09,3.31033
16557.3,14577,74439.2,11764.7,10609,72675.5,20258.2,21.58,3.31033
17755.5,16945,68670.6,9405.24,9093,67786.4,17447,31.54,3.31256
35521.8,25760,90371.1,23942.9,18256,85950.9,46500.5,78.85,3.31368
13319.2,13389,65194.2,6988.8,6889,66485.4,16378.4,18.26,3.3148
13679.6,12012,74634,7045.74,6405,72092.1,18812.8,73.87,3.31592
21010,17556,78429.5,11082.2,9776,74292.7,12083,38.18,3.31815
5890.84,5964,64732.1,2388.36,2373,65960.2,7339.8,-19.09,3.31815
13901.9,13176,69146.6,8071.44,7441,71088.5,13235,39.84,3.31815
19925.4,19645,66471.3,7460.7,7405,66029,14511.1,83.83,3.31927
20359.9,19860,67185.6,7080.06,6932,66935.8,7508.28,37.35,3.32262
26371.1,24877,69472,12857.5,12137,69426.6,9591.66,62.25,3.32374
12282.8,12204,65959.4,5034.12,4965,66448.4,8701.68,16.6,3.32374
12299.2,12240,65852.8,7116.72,6816,68427.4,17063.3,38.18,3.32485
14437.8,14452,65471.4,4211.22,4124,66922,13246.7,43.16,3.32597
10631.8,10360,67255.4,6323.46,5948,69672.9,16019.6,-7.47,3.32597
7560.24,7028,70499.1,4105.92,3920,68644.3,12834.1,26.56,3.32932
12552.8,12580,65394.3,4254.9,4208,66266.4,17093.7,2.49,3.33044
9202.44,9229,65347.4,4303.26,4249,66372.9,23718.2,-2.49,3.33044
15170.8,14768,67323.5,6704.88,6520,67394.3,14807.5,5.81,3.33044
15455,15008,67488.1,7130.76,6932,67415.1,33996.3,78.85,3.33379
8455.12,8554,64778.4,3613.74,3630,65242.4,17629.6,15.77,3.33603
24147.5,23316,67873.1,9783.54,9544,67180.9,20921.9,112.05,3.33826
9376.52,9393,65421,3514.68,3517,65492.8,39180.2,-26.56,3.33938
10678.7,10120,69154.2,8227.44,7656,70427.6,15208.4,24.9,3.33938
87323.6,50775,112710,71451.1,39859,117480,130954,273.9,3.34161
12283.5,12180,66093,4882.8,4832,66225,11583.8,31.54,3.34273
11287.3,10660,69392.7,6883.5,6372,70796.8,45605,64.74,3.34273
11836.1,11672,66457.3,5108.22,4984,67169.4,30361.5,47.31,3.34273
11457.3,11282,66554.4,7587.06,7202,69039.9,30621.2,31.54,3.34385
14774.4,14413,67179.1,6875.7,6729,66964.8,37922,17.43,3.34385
15097.4,14764,67015.8,6513.78,6152,69390,7299.24,61.42,3.34496
20312.3,16145,82451.9,14327.8,11081,84738.6,42657.4,139.44,3.3472
12898.9,12705,66536.3,4931.94,4893,66057.6,8629.14,40.67,3.34832
8444.92,8479,65272.6,3011.58,3003,65723.3,9413.82,57.27,3.35055
7044.8,7133,64725.6,2751.06,2733,65969.1,20537.4,18.26,3.35055
14570.4,13952,68440.6,6910.02,6524,69413.7,24675.3,27.39,3.35167
8684.28,8192,69474.2,5383.56,5132,68748.4,17750.5,36.52,3.35725
8137.56,8140,65516.4,2218.32,2172,66933.6,13575.9,-4.15,3.35725
8816.2,8732,66167.9,4043.52,4005,66166.3,35295.8,55.61,3.3606
12728.2,12380,67379.5,6348.42,6241,66664,15700.6,39.84,3.3606
8836.6,8146,71092,6272.76,5810,70755.9,6631.56,45.65,3.36172
11143.8,10976,66538.1,4431.18,4324,67160.5,6407.7,29.05,3.36172
24488.8,20175,79549,17841.7,15947,73322.6,7002.06,64.74,3.36284
12762.2,12264,68198.5,7098.78,6680,69644.6,7743.06,16.6,3.36731
15262.6,14977,66785.7,5920.98,5881,65981.5,27503.6,14.94,3.36954
5671.2,5769,64425,2320.5,2324,65437.3,10643.9,49.8,3.37289
11669.5,11710,65309.2,3694.86,3706,65339,9734.4,-4.15,3.37625
17430.4,16674,68509.1,10268.7,9590,70174.1,18615.5,5.81,3.37736
11076.5,10438,69545,6775.08,6534,67954,9484.8,41.5,3.37736
12710.6,12563,66305.8,5080.14,5047,65966.3,10554.2,34.86,3.3796
27538,21072,85645.8,20629.4,16436,82256.7,33898.8,155.21,3.38071
12574.6,12484,66011.4,3131.7,3116,65866.2,27006.7,48.14,3.38518
9404.4,9393,65615.5,4416.36,4405,65705,8860.02,15.77,3.39077
9800.16,9841,65264,3318.12,3341,65087.2,5695.56,8.3,3.39077
31102.5,19665,103653,11938.7,7353,106407,13073.6,57.27,3.39077
15206.8,14224,70064.4,10342,9556,70926.6,15854.3,28.22,3.393
12938.4,12569,67461.9,6468.54,6260,67719.2,16382.3,13.28,3.393
10525.7,10281,67096,5828.94,5668,67396.9,6443.58,9.13,3.39412
20131.4,17301,76257.5,10302.2,9025,74810.8,5970.12,25.73,3.39524
9273.84,9308,65295.5,2607.54,2613,65399.1,8618.22,21.58,3.39747
45555.2,26117,114313,48755.5,33329,95869.6,14847.3,175.96,3.39747
11300.9,10629,69678.9,7076.94,6593,70346.5,10423.1,67.23,3.40082
16054.1,15759,66763.3,6186.18,6075,66735.4,14836.4,40.67,3.40194
15115.7,14817,66857.2,4695.6,4609,66767.4,11597.8,35.69,3.40194
33253.4,25199,86483.3,18914.2,14767,83941.4,23700.3,67.23,3.40194
17013.6,16516,67510.5,7323.42,7040,68174.4,44973.2,-6.64,3.40418
11555.9,11564,65490.2,4226.04,4188,66131.3,11141.5,8.3,3.40418
11793.2,11011,70191.8,7717.32,7127,70964.3,13150.8,-0.83,3.40418
6925.8,7021,64647.4,3093.48,3072,65994.2,8009.04,-19.92,3.40529
13047.2,11925,71703,7743.84,7069,71792.4,29097.1,59.76,3.40641
14364.3,13692,68754,10495.7,9900,69479.3,32327.9,62.25,3.40753
35997.2,29084,81113.7,17250.5,14225,79474.7,6505.2,96.28,3.40865
23916.3,22288,70323.8,12172.7,11684,68277,26170.6,42.33,3.40976
13525.9,13416,66072.8,4240.86,4168,66681.6,13926.1,25.73,3.41088
11390,10499,71097.7,6940.44,6439,70639.7,15567.2,55.61,3.41088
16896.6,15145,73115.8,10385.7,9209,73910,8879.52,65.57,3.412
35805.4,30537,76842.6,27077.7,23757,74696.5,7263.36,75.53,3.41311
17721.5,13589,85465.8,15756,12853,80338.1,26856.2,50.63,3.41311
12467.8,12380,66000.8,4782.96,4716,66466.5,22965.5,35.69,3.41535
8537.4,8636,64787.8,3453.06,3404,66480.5,15260.7,53.12,3.41647
14026.4,13939,65946.7,3701.88,3651,66449.3,28580.8,75.53,3.41758
15541.4,14329,71081.1,10113.5,9524,69592.3,32125.9,151.06,3.41982
9738.96,9683,65914.8,3902.34,3831,66756.4,20336.9,-0.83,3.41982
12510.6,12348,66399.2,4700.28,4648,66273.1,10016,-34.03,3.42205
21095,17994,76830,10909.9,9594,74524.6,16624.9,16.6,3.42317
16374.4,15037,71364.8,10923.1,10077,71038.8,27988.7,10.79,3.42429
15354.4,15270,65898.2,4788.42,4770,65789.1,11864.6,36.52,3.42652
16027.6,15965,65793,6436.56,6368,66241.6,18148.3,53.12,3.42764
18797.2,17992,68469.1,6864,6648,67665.3,6248.58,6.64,3.43099
6921.04,6989,64898.7,2851.68,2813,66437.1,21407.1,16.6,3.43211
11028.9,10839,66684.3,5350.02,5255,66721,6698.64,3.32,3.43322
20381,18538,72051.3,7507.5,6606,74479.5,37585.1,59.76,3.43322
22217.6,18355,79327.4,15447.9,12947,78195.2,6670.56,97.11,3.43434
13843.4,13409,67659.3,7109.7,6913,67400.7,18145.1,23.24,3.43546
29375.3,22252,86515.4,25502.1,18661,89561.4,38018.8,109.56,3.43658
33011.3,25621,84439.6,16141.3,13225,79987.7,38728.6,142.76,3.43769
25713.5,21868,77060.6,14816.9,12744,76195.8,55667,89.64,3.43769
35252.6,21511,107401,31810,19843,105060,38628.7,109.56,3.43769
8076.36,8136,65055.6,3303.3,3269,66223.6,6901.44,-29.88,3.43881
5478.76,5562,64555.2,2589.6,2570,66035.8,7493.46,0,3.43881
12241.4,12337,65027.9,4864.86,4857,65642.1,21296.3,-14.94,3.44216
56038.8,40526,90622.3,39188,28590,89829.4,91324,131.97,3.4444
60224.9,30852,127930,41135.6,26564,101486,47953.6,168.49,3.44663
7029.84,7217,63836.4,1613.04,1661,63643.7,5565.3,39.84,3.44775
24752,20212,80256.6,20355.7,16132,82694.6,8080.8,67.23,3.44887
15400,14133,71411,9348.3,8501,72068,44635.5,34.03,3.44887
13807.4,12493,72431.1,7529.34,6928,71224.4,8962.2,17.43,3.45445
18780.9,17437,70587.1,9480.9,8480,73271.3,8183.76,12.45,3.45557
36588.8,26732,89700.8,22143.4,17228,84234.5,24797.8,68.89,3.4578
7374.6,7444,64925,2602.08,2584,65994.5,6119.88,-52.29,3.45892
9907.6,8972,72370.1,9941.1,9468,68810.7,16199,-3.32,3.46004
8296,8412,64632.3,3142.62,3141,65569.8,16765.3,29.88,3.46562
12539.2,12265,67001.1,6804.72,6637,67192.1,10438,2.49,3.46786
22121.8,20796,69714,11845.9,11413,68021.6,7383.48,19.09,3.46786
36397,30681,77745.6,23729.2,19673,79048.1,34425.3,57.27,3.47009
10781.4,10756,65690.8,4221.36,4188,66058,6016.14,63.08,3.47344
16689.9,16361,66853.5,4988.88,4905,66656.7,38437.6,-1.66,3.47791
24888.7,22148,73645.7,18402.5,16100,74908.6,73010.3,105.41,3.47903
24177.4,19761,80182.7,18192.7,15777,75570.6,53784.1,75.53,3.48015
13282.4,13131,66291.8,5682.3,5576,66785.4,8550.36,-20.75,3.48238
8671.36,8811,64497.4,3956.94,3947,65701,29891.2,39.84,3.48573
14313.3,13650,68720.7,6669.78,6278,69625.8,10867.7,15.77,3.48685
10941.9,10132,70774.5,7451.34,6952,70243.3,41774.5,7.47,3.48685
10650.8,10329,67578,6349.98,5929,70189.3,8315.58,21.58,3.48685
17892.2,17032,68845.8,9427.08,9080,68041.1,27711.1,-5.81,3.4902
17326.4,16050,70747.9,6206.46,5538,73446.5,61545.1,53.12,3.49244
11672.2,11249,68001.5,5762.64,5445,69359.1,12196.1,68.89,3.49355
17948.6,17467,67343,8217.3,7787,69157.4,31320.1,36.52,3.49691
28668.1,22081,85086.5,18550,14389,84487.5,47432.6,60.59,3.49691
18891.1,18228,67920,8629.92,8096,69858,8962.2,35.69,3.49802
32791.6,20756,103538,37526.6,25080,98059.9,61275.2,146.08,3.49802
19748.6,16196,79911.2,11104.1,9024,80642.4,34974.4,39.84,3.49914
8366.72,8167,67138.6,6533.28,6247,68539.3,5672.16,5.81,3.50137
15681.5,15208,67576.4,7729.02,7404,68412.9,21144.2,-28.22,3.50361
16481.8,16072,67207.2,7257.9,7112,66880.4,23325.1,-8.3,3.50361
15384.3,15171,66457.5,6863.22,6707,67062.5,11685.2,25.73,3.50696
15964.4,15602,67058.1,10724.2,10598,66316.5,12708.5,14.94,3.50696
30166.2,18665,105919,34126.6,23364,95725,27493.4,188.41,3.50808
9420.04,9221,66950.6,5339.88,5173,67650.2,8705.58,75.53,3.51031
6967.28,7024,65006.8,2549.04,2532,65977,12254.6,12.45,3.51143
26010.7,18884,90268.8,24915.5,20096,81253.2,88002.7,102.09,3.51255
16927.2,15480,71663,8636.16,7880,71824.8,23527.1,42.33,3.51366
15723.6,13991,73652,10634.5,9543,73031.9,14885.5,90.47,3.51366
13272.9,13164,66078.3,5481.84,5384,66726.9,14104,30.71,3.51478
16927.2,16212,68427.3,8700.9,8408,67819,10242.2,63.91,3.51478
13649,11540,77512.8,9781.98,8416,76173,18472,32.37,3.51702
16809.6,16448,66976.8,7314.06,7152,67021,23226.1,-15.77,3.51813
8020.6,7340,71612.8,4601.22,4264,70718.9,24598.1,31.54,3.52037
19873,19332,67370,7349.16,7108,67759.5,13204.6,11.62,3.52149
11570.9,10952,69239.3,8523.84,8136,68660.1,34472.1,9.96,3.52149
26563.5,22548,77207.1,17096.8,14060,79691.1,14749,-21.58,3.52149
11407,10944,68308.6,4765.8,4532,68916.9,22005.4,65.57,3.5226
11305.7,10982,67467.6,5942.82,5510,70684,16912.7,-20.75,3.52484
15672.6,15221,67480.6,6541.08,6321,67817.8,24488.1,-10.79,3.52595
14368.4,13914,67676.3,6750.9,6458,68508.4,22830.6,24.07,3.53042
6107.08,6037,66296.8,2634.84,2577,67006.9,6069.96,66.4,3.53154
13671.4,13584,65957.7,4523.22,4420,67066.5,10861.5,56.44,3.53489
17905.1,17501,67049.2,6112.08,6025,66483.2,6319.56,24.9,3.53601
14053.6,13872,66393.8,4518.54,4464,66336.7,12870.8,4.15,3.53601
18935.3,18652,66531.3,6424.08,6348,66321.4,14102.4,29.05,3.53936
14572.4,13876,68825.1,8046.48,7668,68770.8,28204.8,31.54,3.53936
12731,12696,65716.5,4612.92,4620,65435.6,35971.3,34.03,3.53936
12608.6,12328,67027.5,6444.36,6245,67628.1,17078.9,15.77,3.54048
14926,14180,68983.8,5419.44,4960,71606.5,9168.12,21.58,3.54159
13871.3,13716,66278.1,5162.04,4960,68205.5,15454.9,-3.32,3.54159
16065,15721,66970,5701.8,5613,66572.8,23124.7,48.14,3.54271
13170.2,12570,68665.5,8623.68,8350,67684,7318.74,43.99,3.54495
15729.1,14956,68923.6,8280.48,7964,68140.3,8069.1,40.67,3.5483
14915.8,14658,66688.6,5755.62,5670,66525.6,14500.2,83.83,3.54942
12020.4,11277,69856,5084.82,4717,70646.3,23029.5,-18.26,3.55053
17916,17260,68026.7,11275.7,10588,69792.5,14735,60.59,3.55165
12534.4,12033,68267,7286.76,7029,67939.3,47530.1,26.56,3.55165
11114.6,11117,65521.9,5188.56,5209,65278.8,30277.3,14.94,3.55165
21956.5,21001,68517.8,10074.5,9796,67399,19505.5,70.55,3.55277
11173.1,11148,65683.4,3943.68,3880,66611.6,6531.72,34.03,3.55277
24487.5,17720,90565,17351.9,13761,82637.4,47859.2,55.61,3.55388
57689.8,37408,101068,41530.3,26912,101134,76603,127.82,3.55612
20414.3,19873,67321,7264.92,7097,67086.6,12312.3,57.27,3.55724
10644,10642,65548.6,4824.3,4769,66295.9,8877.96,19.92,3.56059
12276.7,11772,68345.8,7714.2,7080,71406.5,25853.1,-2.49,3.56617
15230.6,15132,65963.2,6314.88,6145,67347.8,14462.8,21.58,3.56617
11845.6,11812,65722.4,4268.94,4204,66548.4,5800.86,6.64,3.56953
18099.6,17894,66288.9,4956.12,4870,66694.9,7448.22,18.26,3.56953
15057.9,14940,66053.3,5100.42,5036,66374.3,11765.5,40.67,3.57064
31388.1,20820,98801.7,10364.6,6202,109522,9542.52,45.65,3.57176
19101.2,16640,75229.3,11159.5,9824,74444.9,79060.8,46.48,3.57288
29616,22589,85923.1,23627.8,18253,84833.7,10480.9,83,3.57399
10943.9,10915,65709.6,5437.38,5367,66395.4,26385.1,29.88,3.57399
12009.5,11789,66761.7,6041.88,5885,67283,10705.5,78.85,3.57623
12208,11829,67636,6668.22,6453,67721.8,46082.4,73.87,3.57846
10903.8,10933,65361,4061.46,4061,65543.4,28511.3,57.27,3.5807
8266.08,8293,65323.3,3235.44,3205,66158.4,21207.4,36.52,3.58405
17648.7,16404,70508.8,16600,15636,69576.3,41636.4,69.72,3.58517
16350.6,15857,67576,6054.36,5909,67148.2,22430.5,33.2,3.58517
14930.1,14647,66802.6,5750.16,5639,66827.9,9817.08,22.41,3.58628
20920.9,20404,67196.2,7270.38,7160,66546.3,13870,18.26,3.5874
11603.5,11497,66143.2,4431.96,4324,67172.3,11966.8,67.23,3.5874
50288.7,33052,99713.2,40318.2,26492,99739.3,121643,199.2,3.58852
8223.92,8175,65928.2,3825.12,3759,66688.8,13798.2,48.97,3.58964
14059,13684,67332,7107.36,6904,67466.4,18029.7,2.49,3.59187
17134.6,14520,77337.2,10923.1,9525,75155.6,27807,66.4,3.59299
5367.24,5388,65283.5,3098.16,3073,66072.6,5566.08,68.06,3.5941
15183,14725,67574.6,7157.28,6897,68009.2,30090.8,45.65,3.59522
12766.3,12157,68820.7,6664.32,6153,70982.1,15432.3,8.3,3.59746
15229.3,14745,67688.4,6211.14,6013,67695.5,5776.68,7.47,3.59857
17329.1,15558,72996.6,7410.78,6518,74512.6,79598.2,121.18,3.59857
9481.92,9005,69006.9,5875.74,5629,68408.7,5832.84,43.16,3.59969
7631.64,7588,65912.9,3154.32,3104,66598.4,13969,14.94,3.60304
36180.1,25304,93704.5,19983.6,14920,87777.8,11384.1,62.25,3.60304
12582.7,12321,66928.1,6135.48,5997,67049.3,42304.9,2.49,3.60416
16062.3,15318,68720.3,7452.9,6966,70116.8,12139.1,61.42,3.60416
20386.4,19397,68878.9,9590.88,9141,68761.4,13101.7,39.84,3.60528
16684.5,15490,70589.7,10060.4,9190,71743.3,19042.1,47.31,3.60863
10119.8,10235,64798.1,2921.1,2943,65048.3,10415.3,19.92,3.6131
21151.4,20029,69208.6,8966.1,8733,67285.3,9083.88,46.48,3.61645
11160.2,10116,72300.5,5322.72,4740,73592.8,14962.7,8.3,3.61757
6409.68,6391,65727.6,2835.3,2839,65450.6,6164.34,27.39,3.61868
12264.5,11696,68721.4,6253.26,6012,68165.9,7844.46,1.66,3.6265
8404.8,8321,66196,4104.36,4033,66695.6,9551.1,-29.05,3.62762
15953.5,13740,76093.7,11344.3,10124,73435.5,20537.4,-1.66,3.62762
6616.4,6756,64181.8,2460.12,2452,65753,9821.76,-6.64,3.62874
11000.4,10046,71761.9,6928.74,6398,70972.5,21492.9,-4.98,3.62986
32412.9,24297,87426.9,17822.2,14649,79732.2,11889.5,78.02,3.62986
21947.7,20673,69576.9,10701.6,10217,68644.4,7789.08,0.83,3.63544
8971.24,8904,66030.9,2286.18,2257,66383.3,31305.3,17.43,3.63544
15371.4,15152,66485,6575.4,6320,68184.4,18681,19.09,3.63544
7660.2,7672,65435.2,3101.28,3080,65988.8,9211.02,43.16,3.64326
13344.3,13329,65611.3,3733.86,3725,65691.9,34288,29.05,3.6455
11874.8,11552,67367.5,6456.84,6296,67210.2,8109.66,-19.92,3.64661
16527.4,16165,67005.2,6282.9,6229,66103.1,8239.92,35.69,3.64885
13313,12692,68742.8,8034,7520,70015.5,28550.3,72.21,3.65332
11371,11296,65970.9,4153.5,4068,66913.4,8845.98,-43.99,3.65443
10286.4,10270,65640.4,2220.66,2206,65971.5,6615.18,41.5,3.65443
15157.2,14888,66721,4680,4408,69580,42620,28.22,3.65667
12602.4,12160,67920.5,6474.78,6216,68264.4,10998.8,48.14,3.65667
5788.84,5809,65308.6,2438.28,2405,66442.9,9768.72,2.49,3.65779
6456.6,6524,64858.9,2941.38,2901,66448.2,13770.1,13.28,3.65779
23125.4,21021,72096.9,15112.5,13433,73729.8,14371.5,57.27,3.6589
27559,20609,87636.9,18977.4,15181,81925,34442.5,53.12,3.6589
20277.6,19496,68163.4,8902.92,8549,68249.1,16945.5,29.88,3.66002
13087.3,12844,66777.3,5207.28,5048,67603.9,18395.5,9.13,3.66114
9855.24,9686,66681.1,4605.9,4498,67108.1,5979.48,-29.05,3.66114
6284.56,6361,64748.5,3063.84,3017,66553.5,11203.1,44.82,3.66225
5684.12,5708,65261.8,2598.96,2572,66223,17467.3,43.99,3.66337
17791.5,17368,67134.1,7297.68,7132,67058.4,22580.2,40.67,3.66337
13908,12872,70810.9,7648.68,6988,71732.1,29697.7,57.27,3.66784
16564.8,16422,66105.9,4768.14,4773,65469.3,14313,51.46,3.66896
15004.9,14071,69885.6,8393.58,8067,68189.1,20838.5,53.12,3.67008
18531.4,18159,66879.9,5347.68,5167,67827.7,18674,40.67,3.67008
13313.7,12839,67959.2,6258.72,6055,67741,17564,60.59,3.67119
12909.8,12311,68723.6,7821.84,7523,68139.3,20441.5,39.84,3.67119
15574,15316,66640.1,4756.44,4708,66210.3,11064.3,39.01,3.67231
65224.2,45255,94454.4,47937.2,36935,85057.9,46304.7,197.54,3.67454
17554.2,15832,72665,9971.52,8876,73624.8,39977.3,76.36,3.67454
14337.1,13484,69682.4,7479.42,6860,71453.5,26219.7,23.24,3.6779
13252.5,12364,70245.6,7672.86,6972,72124,20590.4,23.24,3.67901
10903.1,10825,66009,5087.94,5001,66675.3,29233.6,19.92,3.68125
6652.44,6755,64541,2723.76,2727,65458.1,19920.4,18.26,3.68572
21399.6,20425,68663.1,9698.52,9412,67531,10005.1,36.52,3.68907
24362.4,19369,82431.3,13535.3,11245,78884.1,8032.44,52.29,3.68907
15044.3,12509,78818.8,12603.2,11264,73327.9,37206.8,25.73,3.70136
18015.2,16989,69494.8,10250.8,9744,68944.3,12301.4,79.68,3.70136
13440.2,13456,65459.1,3310.32,3300,65740.9,15126.5,-10.79,3.70359
11982.3,12073,65043.5,3801.72,3821,65205.3,13599.3,0,3.70583
13746.2,13777,65389.5,4478.76,4461,65796.9,9915.36,36.52,3.70583
57384.5,42852,87761.4,39989,29716,88192.3,12614.9,136.95,3.70806
17317.6,13988,81135.5,12337.3,10712,75479.3,40450,29.88,3.7103
14692.8,14472,66535.7,5388.24,5233,67480.2,7792.98,23.24,3.71365
11371,11328,65784.5,4673.76,4560,67171,10027.7,14.11,3.71923
21466.9,12053,116722,8820.24,4517,127971,17777,83.83,3.71923
11519.2,11536,65440.6,4020.12,3988,66063.8,9225.06,16.6,3.72035
11746.3,11529,66771.4,6072.3,5945,66939.3,10948.1,-10.79,3.72035
18817,15178,81248.4,15721.7,13054,78928.8,29969.9,43.16,3.72259
12919.3,12768,66312.7,5996.64,5924,66339.6,17440,23.24,3.72259
14512.6,14381,66135.5,5508.36,5437,66396.2,20188.7,17.43,3.72259
17100,16877,66401.8,6013.8,5977,65939.5,13600.9,-7.47,3.72259
12462.4,11794,69249.9,6424.86,5910,71245.3,15665.5,1.66,3.7237
17311.4,16332,69466.2,11901.2,10984,71008.7,22925,88.81,3.72594
10112.3,9933,66718.9,4942.08,4848,66807.8,23472.5,-7.47,3.73152
9483.28,8430,73724.3,8250.84,7742,69843.3,42460.1,29.05,3.73264
15470.7,15272,66388.6,5627.7,5548,66477.5,21066.2,34.86,3.73264
13099.5,12899,66554.8,5047.38,4999,66170.3,13097,90.47,3.73376
13840.7,13492,67229.9,7178.34,7056,66672.3,6937.32,78.85,3.73487
7684.68,7756,64933.4,3249.48,3253,65465.1,16486.1,63.08,3.73487
20641.4,19996,67651.3,6173.7,5804,69710.5,23304.1,56.44,3.73599
15546.8,14362,70942.6,6616.74,5978,72538.4,18283.2,79.68,3.73711
23187.3,22117,68707.5,11976.9,11249,69776.7,24564.5,2.49,3.73934
9745.08,9828,64983.1,4093.44,4104,65367.4,5805.54,28.22,3.74046
20642.8,20000,67642.2,8521.5,8408,66420.7,8513.7,48.97,3.74158
14109.3,13984,66123.3,6390.54,6320,66267.5,14229.5,0,3.7427
13515.7,13420,66003.2,4472.52,4440,66016,6718.92,-4.15,3.74381
15779.4,15584,66357.7,6559.02,6392,67248.4,6541.86,63.08,3.74493
15138.8,14249,69628.7,10795.2,10045,70430.5,38740.3,78.02,3.74493
14105.9,13798,66998.5,7072.26,6966,66535.7,13610.2,59.76,3.74605
13557.2,13495,65837.9,5229.12,5187,66068.2,23119.2,48.97,3.74716
11075.8,11144,65135.2,3249.48,3256,65404.8,12375.5,35.69,3.74828
15325.8,14105,71208.4,10547.2,9581,72144.7,8520.72,-1.66,3.74828
9310.56,9096,67081.9,5391.36,5244,67377.6,7234.5,-11.62,3.7494
13741.4,13465,66881.5,6573.06,6445,66838.2,33680.4,14.11,3.7494
11208.4,10243,71713,8628.36,7987,70798.6,22399.3,26.56,3.75052
9076.64,9124,65195.8,3318.12,3324,65420.1,8246.16,-0.83,3.75387
14619.3,14372,66663.8,6131.58,6020,66750.7,21340.8,25.73,3.75387
13291.3,13057,66711.9,6596.46,6477,66744.7,13948.7,11.62,3.7561
26874.3,22613,77885.9,19566.3,17089,75036.4,40417.3,122.84,3.76057
12389.6,12248,66293.7,6849.18,6700,66995.2,6538.74,34.03,3.76169
35133.6,26408,87190,30148.6,22472,87923.5,26277.4,180.11,3.7628
14932.1,13774,71046.3,9001.98,8586,68711.1,6336.72,38.18,3.76616
8073.64,8121,65153.8,3101.28,3101,65541.9,22825.1,25.73,3.76727
7775.8,7778,65517.5,3161.34,3126,66276.9,7501.26,22.41,3.76839
7537.8,7577,65196.9,3180.06,3133,66520.4,23354.8,120.35,3.76951
5962.92,6076,64316.3,2518.62,2504,65918.6,34600,7.47,3.77063
8423.16,8449,65335.6,3647.28,3557,67199.4,18681,16.6,3.77398
15074.9,14688,67262.4,7718.88,7476,67665.1,26155.7,68.06,3.77398
11577.7,11388,66627.6,5896.02,5784,66805.2,33445.6,62.25,3.77509
13205.6,12668,68317.2,11146.2,10545,69272.4,35602.3,77.19,3.77509
7614.64,7581,65826.8,3491.28,3341,68483.8,8253.18,32.37,3.77509
11614.4,11625,65476.2,4187.04,4141,66264.6,12857.5,13.28,3.77956
7480.68,7069,69352.6,4804.02,4496,70025.9,18663.1,-11.62,3.7818
11805.5,11069,69896.5,6701.76,6240,70385.7,15415.1,8.3,3.78403
14461.6,13812,68618.1,7038.72,6432,71717.9,13491.7,-8.3,3.78515
40607.6,31646,84094.6,26204.9,21118,81322.2,10208.6,37.35,3.78515
15075.6,14772,66882.9,6190.08,6096,66547.4,7329.66,55.61,3.78627
8835.24,8816,65679,3965.52,3940,65960.5,19019.5,-38.18,3.78627
11817.7,11650,66479.5,6144.06,5910,68131.5,10748.4,39.84,3.78627
12545.3,12438,66101.5,4683.12,4486,68415.7,20255,29.88,3.78738
14946.4,14729,66503.3,5814.12,5716,66661,54302.8,92.96,3.78738
13083.9,12702,67506.3,5585.58,5326,68730.1,51679.7,19.09,3.78962
13763.9,11377,79285.4,11861.5,10637,73080.1,52869.2,33.2,3.78962
12339.3,12249,66019,4195.62,4164,66033.7,10686,4.15,3.78962
21507.7,20769,67867,8722.74,8545,66899.2,10933.3,46.48,3.78962
11381.2,10368,71940.2,6549.66,5948,72165.2,38246.5,18.26,3.79297
10139.5,10029,66258,4633.98,4493,67592.4,6320.34,-8.3,3.79409
16000.4,15388,68144.2,8961.42,8588,68385.6,20666.9,36.52,3.80079
6229.48,5873,69513.9,4804.02,4453,70702.1,7987.98,28.22,3.80079
22586.9,16473,89859.4,24751,21284,76211.2,54790.3,87.98,3.80191
14814.5,14797,65613.4,3227.64,3213,65834.6,24503.7,15.77,3.80191
19573.8,18385,69773.7,12533.8,12037,68241,32980,93.79,3.80303
18462,17808,67942.8,7018.44,6800,67641.3,7941.18,-50.63,3.80638
9077.32,9037,65828.4,4307.16,4256,66323.8,17509.4,8.3,3.80749
5541.32,5623,64584,2406.3,2391,65955.4,5745.48,51.46,3.80973
20168.1,18744,70515.3,14986.1,13660,71898.4,26389,20.75,3.81196
16216.6,16080,66092.9,5644.08,5608,65957.6,22257.3,55.61,3.81308
12901.6,12178,69430.3,9110.4,8674,68833.2,6164.34,-23.24,3.8142
16486.6,16145,66922.6,9005.1,8941,66005.8,13322.4,46.48,3.8142
50922.5,27972,119307,41798.6,26516,103308,69255.4,180.11,3.81531
28412.4,22064,84392.6,17072.6,14596,76656.1,16375.3,39.84,3.81643
5289.04,5353,64752.9,2652.78,2628,66153.9,7594.86,-11.62,3.81867
12639.8,12437,66604.9,5364.06,5297,66365.7,9799.14,24.9,3.81867
6727.92,6732,65496.3,3420.3,3413,65676.2,10246.1,0.83,3.82202
14596.2,14365,66590.8,5917.08,5808,66766.8,9045.66,-14.11,3.82314
17192.4,15584,72300,8837.4,8020,72215.4,8307,2.49,3.82537
42570.7,26746,104311,42695.6,28714,97447.3,95315.2,140.27,3.8276
10221.1,10285,65128.7,3339.18,3344,65441.5,12860.6,49.8,3.82872
11470.9,10981,68459.9,6191.64,5697,71226.1,13908.2,17.43,3.82872
13754.4,13001,69333.6,6147.18,5625,71619.8,35641.3,26.56,3.82872
7686.72,7765,64875.3,4068.48,3989,66841.8,16243.5,21.58,3.83542
13601.4,13471,66170.2,5365.62,5323,66060.7,27635.4,12.45,3.83542
24910.4,22408,72854.8,15173.3,13512,73593.8,6108.96,55.61,3.83654
18461.3,17989,67256.7,6973.2,6767,67533,10399,-22.41,3.83766
8765.2,8759,65582.4,3370.38,3315,66630.8,34419.1,6.64,3.83766
13750.3,13497,66765.8,5497.44,5364,67166.3,12939.4,34.03,3.83878
11229.5,10656,69063.2,5414.76,5044,70353.2,27395.9,72.21,3.83989
22788.8,19792,75459.2,14394.1,12748,73998.5,23818.1,26.56,3.84436
7810.48,7945,64426.4,2858.7,2845,65851.6,9798.36,-3.32,3.85107
15553.6,15303,66609.4,6681.48,6531,67046,9803.82,-0.83,3.85218
6111.16,6305,63521.2,2875.08,2881,65401.3,6757.92,-43.16,3.85218
10369.3,9526,71337.8,7098.78,6530,71244.4,9931.74,0.83,3.85665
13215.1,13140,65910.7,4554.42,4476,66684.2,9564.36,39.01,3.85777
17650.8,16101,71844,9234.42,8385,72175,13572,20.75,3.85889
7380.04,7352,65785.9,3765.84,3724,66272.3,9750,-17.43,3.86112
21222.8,17481,79564,10966,9021,79666.2,5612.88,26.56,3.86447
11927.9,11673,66967,2771.34,2573,70587.8,7590.18,35.69,3.86559
13436.1,13328,66067.6,5187.78,5096,66716.3,13606.3,64.74,3.86671
22220.4,19152,76035.6,11022.2,9408,76780.4,19642.7,19.92,3.86671
16371.7,15924,67378.4,7704.06,7552,66855.6,19819.8,-7.47,3.87229
12943.1,12730,66633.2,5304.78,5194,66933.8,5665.14,46.48,3.87341
12059.1,11817,66878.8,6279.78,6093,67545,13228,3.32,3.87564
10323.1,10235,66100,4105.14,4043,66543.3,19904.8,31.54,3.879
7705.08,7617,66293.8,3970.2,3889,66904.4,7241.52,-3.32,3.88123
11035,11020,65625.4,3084.12,3064,65966.4,9370.92,48.14,3.88123
11213.9,10344,71047.3,7110.48,6488,71823.7,11206.3,16.6,3.88235
9842.32,9788,65899.7,3704.22,3637,66747.3,21932,-22.41,3.88235
15353,14048,71624.2,9340.5,8604,71145.9,24389.8,18.26,3.88235
11282.6,11219,65907.3,4439.76,4387,66324.2,11463.7,-24.07,3.88458
5975.84,6089,64318.1,2524.86,2521,65636.3,12884.8,24.9,3.8857
9011.36,8996,65647.9,4129.32,4068,66523.9,14743.6,22.41,3.89129
14382,12185,77352.4,10161.8,9188,72482.2,27227.5,31.54,3.8924
7221.6,7118,66489.9,3588,3518,66840,11057.3,-19.09,3.89352
19624.8,18297,70291.9,7204.08,6617,71350.5,28693.1,39.84,3.89575
13325.3,12793,68262.8,6842.94,6516,68824.3,17528.2,68.89,3.89575
14558.1,14225,67070.7,5969.34,5745,68095.2,8274.24,53.95,3.89575
14195.7,13749,67665.1,5484.96,5317,67606.2,6231.42,-18.26,3.89575
13445.6,13058,67481.5,5506.02,5270,68471.1,25252.5,-27.39,3.89799
16764,12573,87381.5,10395.1,7696,88520.1,53536.1,45.65,3.89911
31614.6,26887,77059.2,20900.9,17799,76957.1,46775.8,46.48,3.90022
9805.6,8851,72604.2,6121.44,5603,71600,19538.2,5.81,3.90134
34053,25925,86082.9,28434.9,22629,82350.5,55426,117.03,3.90134
15070.8,14710,67143.6,6718.92,6598,66737.1,7325.76,15.77,3.90246
13119.2,12807,67133.8,6139.38,6019,66846.7,8113.56,-2.49,3.90357
9500.96,9518,65418.7,3678.48,3662,65830.9,22196.5,-11.62,3.90357
16101.7,15897,66380,4944.42,4889,66278.9,11320.9,34.03,3.90916
15289.1,15025,66688,4319.64,4213,67194.9,5620.68,33.2,3.91028
7534.4,7637,64655.6,2638.74,2625,65879,10969.1,39.84,3.9114
29578.6,18196,106533,14451.8,8240,114941,34282.6,109.56,3.91251
16479.8,16013,67446.5,7226.7,7024,67427.3,11803.7,58.93,3.91363
15618.2,15247,67131.7,6392.88,6239,67152.4,12565.8,65.57,3.91363
19755.4,18712,69190.2,11240.6,10876,67732.9,46573.8,61.42,3.91475
16980.3,16439,67693.9,7624.5,7412,67414.9,16822.3,6.64,3.91586
16674.3,14829,73691.1,11443.4,10377,72270.7,12415.3,22.41,3.91922
14115.4,13698,67533.2,5856.24,5794,66240,15784.1,40.67,3.91922
8701.96,8865,64330.7,1633.32,1641,65229.3,26816.4,9.13,3.92257
34612.7,26700,84957.9,31913.7,26600,78627.7,7904.52,83.83,3.92257
12963.5,12615,67346.6,6765.72,6515,68058.1,8231.34,15.77,3.92369
6141.08,6249,64404.2,2788.5,2756,66308.8,7973.94,-2.49,3.92369
8245.68,8361,64632.1,2857.14,2873,65174.2,6703.32,27.39,3.92704
41839.7,28128,97483.2,46797.7,34256,89529.8,18895.5,120.35,3.92704
19386.1,19212,66130,6060.6,5708,69584.4,36256.7,-2.49,3.93039
18498.7,15356,78948.4,10324.1,8984,75311.5,17346.4,48.97,3.93039
19705,19276,66994.7,6466.98,6360,66638.4,7031.7,36.52,3.93151
10175.5,10081,66150.5,5307.12,5093,68291.3,16436.2,23.24,3.93262
8538.08,8549,65452.3,3286.92,3253,66219.4,14334.8,-0.83,3.93374
13186.6,13136,65788.3,3529.5,3488,66315.7,5694,14.11,3.93374
16804.2,16460,66906.3,5722.08,5605,66904.9,18024.2,-12.45,3.93486
18904.7,18080,68525.3,8951.28,8716,67305.1,9537.84,21.58,3.93597
12733,12503,66741.6,5435.04,5319,66965.7,31796.7,-9.96,3.93709
28058.8,21632,85006.7,17272.3,14420,78499.2,64387.4,99.6,3.93821
13878.8,13522,67265.3,7290.66,7094,67352.8,27689.2,32.37,3.93933
13667.3,13499,66353.2,5470.92,5487,65343.9,5900.7,6.64,3.94044
15623.7,15380,66574.4,6481.8,6292,67512.9,14306.8,55.61,3.94044
9998.72,9964,65764.4,4297.8,4280,65808.6,14085.2,29.88,3.94044
11191.4,10582,69310.4,7841.34,7398,69463.4,7544.94,55.61,3.94379
15280.3,14742,67928.9,6248.58,6018,68047,34668.7,62.25,3.94938
6306.32,6316,65435.6,2375.1,2348,66292.4,6580.08,-8.3,3.9505
40220.6,23757,110953,35154.6,21641,106460,28818.7,63.08,3.95273
16080.6,13794,76400,8434.92,7542,73295,57961,119.52,3.95273
8587.72,7895,71286.2,6931.08,6343,71612.1,27683.8,1.66,3.95385
18149.2,17505,67947.8,6458.4,6257,67645.5,25947.5,9.96,3.95385
13198.8,13067,66197,4550.52,4527,65876.5,7413.12,-33.2,3.95497
13515,12080,73321.1,10249.2,9344,71884.8,5930.34,15.77,3.95497
28215.9,25360,72916.4,15554,14152,72028.4,5814.9,97.94,3.9572
13619,13648,65396.9,3940.56,3952,65346.3,36969.7,16.6,3.95944
22486.9,18893,78002.6,14496.3,12589,75465,26981.8,19.09,3.96055
6791.84,6905,64462,2819.7,2777,66543.7,6350.76,22.41,3.9639
13843.4,12623,71872.3,8919.3,8123,71960.5,11550.2,33.2,3.96502
12958.8,11687,72667.5,12199.2,11507,69478.3,19034.3,96.28,3.96614
12756.1,12689,65882.7,5357.82,5341,65742.4,29629.9,-19.92,3.97284
18844.8,17576,70267.1,7197.84,6421,73464.8,51607.1,68.06,3.97731
7219.56,7217,65559.2,2889.9,2881,65738.5,8609.64,51.46,3.97731
15935.1,13777,75802,8896.68,7989,72982,45527.8,38.18,3.97955
15557,15283,66711.1,5881.2,5747,67066.4,11014.4,44.82,3.98066
16008.6,14300,73366.2,11366.9,10284,72437.2,12476.9,13.28,3.98066
14064.4,13829,66651.8,5342.22,5253,66649.1,12084.5,79.68,3.98625
11742.9,11475,67066.1,5396.04,5267,67141.6,15937.7,24.9,3.9896
9611.8,8836,71290.1,7190.82,6764,69671.4,20397,16.6,3.99184
10527.8,10468,65910.1,3701.88,3672,66069.3,19180.2,-19.09,3.99184
10792.3,10679,66231.2,4554.42,4499,66343.3,33039.2,3.32,3.99295
15384.3,14817,68045.3,6836.7,6393,70084.5,22009.3,14.94,3.99407
20655,20160,67145.1,8138.52,7978,66854.6,13996.3,19.09,3.99742
27990.8,23368,78500.8,17427.5,15100,75637.8,27163.5,73.87,3.99742
11500.8,11545,65285.3,3863.34,3865,65507.8,15330.9,-5.81,3.99854
30047.2,25348,77685.5,27449,23660,76031.1,23425.7,114.54,4.00301
14609.8,13572,70547.3,7591.74,6964,71443.5,46891.3,24.9,4.00301
16109.2,13761,76719.2,10675.1,9221,75870.5,32477.6,-14.94,4.00413
13332.1,11265,77561.6,8604.18,7477,75415.8,24614.5,108.73,4.00413
26304.4,19497,88418.1,24392.9,18724,85377.9,39459.4,100.43,4.00748
12709.9,12483,66727.1,4629.3,4515,67195.1,22219.9,-9.96,4.00859
10933,10904,65710.5,3359.46,3320,66314.9,14976,19.92,4.00971
13969.2,13449,68071.1,7394.4,7156,67719.3,13959.7,15.77,4.00971
24575.9,19325,83343.1,16712.3,13929,78631.3,59899.3,66.4,4.01195
40700.7,29085,91709.2,32582.2,23264,91785.8,49644.7,190.9,4.0153
11403.6,11360,65787.5,3818.88,3744,66846.7,11087.7,44.82,4.01753
21337.7,18009,77649.4,14993.9,12713,77294.3,36597.6,70.55,4.01753
6959.8,7025,64927.8,2547.48,2481,67292.1,17049.2,64.74,4.01865
5120.4,5233,64125.8,1895.4,1861,66747.4,9061.26,-43.99,4.01865
11568.8,11533,65739.7,4679.22,4624,66318.6,10773.4,-25.73,4.01977
17977.2,17273,68207.7,8509.02,8189,68097.1,11766.3,82.17,4.022
18644.9,18349,66592.9,6935.76,6841,66443.8,22785.4,22.41,4.022
14945.7,14682,66713.2,5428.8,5294,67204.7,6809.4,77.19,4.022
18273.6,17557,68211,9369.36,9105,67438.8,25209.6,11.62,4.02424
12250.2,11772,68198.2,6942.78,6812,66794.2,8303.88,15.77,4.02647
13167.5,12820,67312.5,7328.1,7140,67262.5,20621.6,52.29,4.02759
8366.72,8204,66835.9,4452.24,4305,67777.5,14476,-0.83,4.02759
63811.2,47465,88105.6,52326.3,36164,94825.1,6281.34,212.48,4.0287
23946.2,18340,85569.1,20933.6,17772,77194.9,20464.9,75.53,4.03094
6335.56,6445,64423.2,3123.12,3165,64668.8,7784.4,39.84,4.03206
14516,13886,68509.1,4626.18,4266,71069.2,14409.7,34.86,4.03541
14026.4,13441,68390.1,7826.52,7577,67694.2,34402.7,-4.98,4.03652
15077,14837,66595.9,7663.5,7433,67568.3,9295.26,54.78,4.03876
15083.8,14840,66612.5,5599.62,5516,66529.5,13299.8,-25.73,4.03988
9607.72,9632,65370.8,3013.92,2948,67001.4,6593.34,17.43,4.04434
22066.7,18584,77817.6,15242.8,13621,73338.9,35950.2,60.59,4.04993
31391.5,25316,81263.8,14197.6,11680,79661.9,9037.86,53.95,4.05105
13965.8,13829,66184.5,4831.32,4837,65459,11600.2,47.31,4.05217
11226.1,10987,66962.3,8342.88,7951,68766.1,30019.9,38.18,4.0544
10937.8,9721,73739.3,7605,6884,72399.9,23832.1,26.56,4.05663
15933.8,15409,67767.9,6144.84,5957,67602.5,13245.2,-24.9,4.05887
16876.9,16358,67615,7663.5,7234,69427,16604.6,63.91,4.0611
18298.1,17412,68871.2,7347.6,7044,68360.6,6300.84,44.82,4.06334
13240.3,13068,66400,4169.88,4104,66588,9255.48,53.95,4.06446
8468.04,8448,65691.5,3291.6,3300,65369.2,17691.2,34.86,4.06669
18160.8,15927,74727.4,9947.34,8820,73912.6,30001.1,19.92,4.06781
16551.2,16399,66144.2,6300.06,6251,66050.4,13370.8,-2.49,4.06781
23785.7,20052,77738.9,13476.1,11704,75458.6,35291.9,30.71,4.06892
9877.68,9928,65203.8,3492.84,3432,66697.8,16128.1,18.26,4.07451
12477.3,12345,66238.5,5498.22,5380,66976.1,6038.76,-19.92,4.07451
12179.5,12073,66114,4095.78,4036,66506.7,14603.2,-35.69,4.07898
12486.2,12252,66788.5,5875.74,5528,69658.5,7589.4,41.5,4.08233
6700.72,6757,64990.1,3091.92,3073,65939.5,6467.76,-43.99,4.08345
8184.48,8145,65853.7,4075.5,4033,66226.6,12216.4,17.43,4.08568
14087.6,13533,68221.6,8176.74,7936,67524,22011.6,57.27,4.0868
13780.9,12884,70098.1,9137.7,8452,70852.8,12093.9,45.65,4.08903
18004.4,17425,67715,7308.6,7125,67224.8,7051.98,15.77,4.09239
11070.4,11089,65426.1,5099.64,5125,65211.7,7886.58,20.75,4.09574
27943.9,26304,69621.8,14047.8,13600,67693.9,12018.2,53.12,4.09685
18972.7,18012,69031.4,8164.26,7800,68596.5,36132.7,79.68,4.09685
11457.3,11007,68217.2,9430.98,8747,70660.6,16997,66.4,4.09909
27924.9,25744,71087.8,15042.3,13536,72828.9,13941.7,65.57,4.10021
18811.5,15224,80979.5,14659.3,11909,80671.2,41156.7,65.57,4.10021
28551.2,22414,83480.4,31345.1,25786,79664.6,22332.2,102.09,4.10356
10418.3,10311,66217.9,5137.08,5027,66971.1,7583.16,35.69,4.10579
9054.88,8909,66609.1,5565.3,5232,69710.9,8282.04,4.15,4.11026
11095.6,10952,66395.1,5116.02,5016,66842.8,8793.72,34.86,4.11361
20075.6,16869,77993.8,11307.7,9861,75150.5,48461.4,75.53,4.11585
15096,14201,69666.3,8223.54,7785,69227.7,38291.8,48.14,4.11696
17989.4,17541,67211.3,8069.1,7761,68137.7,18752.8,20.75,4.11696
25571.4,21449,78131.7,14149.2,11997,77292.8,19150.6,86.32,4.1192
14535.7,13673,69670.9,8975.46,8585,68516.7,16376.9,-8.3,4.12032
24240.6,22708,69959.3,12279.5,11676,68923.6,12026,12.45,4.12032
16743.6,16532,66375,8061.3,7856,67248.6,21880.6,-7.47,4.12143
37642.1,28374,86942.7,22324.4,17858,81926.9,24655.8,56.44,4.12143
24008.1,19769,79588.9,10469.9,8905,77053.1,7738.38,34.03,4.12255
25456.5,23863,69912.2,15613.3,14935,68512.3,14283.4,33.2,4.12255
10830.4,10657,66602.1,5004.48,4897,66974.4,8367.06,24.07,4.12478
9075.28,9080,65501.9,3680.82,3656,65980.9,13540.8,9.13,4.12478
5761.64,5880,64216.8,2668.38,2648,66040.4,15528.2,-6.64,4.12702
16647.8,16473,66231.3,7808.58,7524,68014.8,14582.9,72.21,4.12814
20310.9,19630,67809.3,8455.2,8222,67394.8,10945,45.65,4.13037
5709.96,5836,64120.6,2523.3,2501,66120.3,6774.3,-36.52,4.13149
12448.1,12284,66411.4,6070.74,5820,68359.5,40324.4,3.32,4.13261
11167.6,11099,65941.3,4356.3,4319,66102,14357.5,1.66,4.13261
6522.56,6552,65241.5,3329.04,3308,65952.8,20529.6,-28.22,4.13261
12023.8,11836,66575.6,6409.26,6017,69808.4,13444.1,20.75,4.13707
13662.6,13421,66715.6,7632.3,7325,68285.4,22886,26.56,4.13819
17280.8,16996,66634.3,6221.28,6116,66664.1,16313.7,-6.64,4.13931
11447.1,11297,66406.9,4609.02,4517,66871.1,12324.8,9.96,4.13931
21743.7,20807,68486.3,12196.1,11763,67948.9,12871.6,-32.37,4.14043
11575,11623,65265.1,4525.56,4340,68338,9026.94,33.2,4.14936
15839.2,15386,67466.6,7189.26,6766,69635.7,51922.3,62.25,4.15048
19111.4,17472,71685.3,10686.8,9716,72084.1,50307.7,-9.13,4.15048
14197.7,12500,74436.9,9519.9,8612,72445,36233.3,19.92,4.1516
26715.2,22550,77641,11884.1,9954,78243.4,7165.08,33.2,4.1516
8336.12,8304,65789.5,4112.94,4044,66653.2,20059.3,60.59,4.15272
6559.96,6617,64971.1,2365.74,2381,65116,24563,15.77,4.15383
31865.5,25261,82670.4,23246.3,19209,79310.3,10456.7,97.11,4.15718
33964,25661,86741.1,19265.2,15341,82300.1,21407.9,63.91,4.15718
15115.7,14909,66444.7,4917.9,4861,66303.1,48129.1,27.39,4.1583
11817,11662,66407.3,5460,5294,67591,7239.18,-3.32,4.15942
16583.8,14943,72732.3,13769.3,12939,69741.7,40617.7,-12.45,4.15942
15279.6,11616,86205.6,13022.9,11124,76723.1,24156.6,38.18,4.16054
58022.4,37667,100952,44052.8,30263,95398.6,9311.64,198.37,4.16165
6598.72,6787,63717.9,3124.68,3091,66250.1,7069.92,18.26,4.165
17089.1,15481,72343.5,9662.64,8530,74238.1,7847.58,102.09,4.16947
28721.2,24452,76978.2,15110.2,12948,76479.7,16182.7,53.95,4.17059
13387.2,13261,66159.5,5145.66,5053,66737.8,17094.5,85.49,4.17059
12524.2,11904,68950.6,7815.6,7204,71099.8,22818.1,12.45,4.17059
51291,36600,91841.8,36033.7,24485,96446.9,17255.9,193.39,4.17059
13030.2,12839,66511.8,5340.66,5172,67673.1,35679.5,24.9,4.17283
14708.4,14609,65981.9,6396,6293,66608.7,22498.3,48.14,4.17394
6384.52,6432,65052.2,2441.4,2416,66225,6795.36,-19.92,4.17618
25060,24173,67940.9,7931.04,7696,67537.5,26194,43.99,4.17841
12799,12060,69551.6,7924.8,7384,70335.8,21314.3,39.01,4.17841
13934.6,13816,66098.4,5606.64,5432,67643,20106.8,28.22,4.18512
12342,12318,65663.7,4483.44,4414,66567,8352.24,9.96,4.18735
14542.5,14397,66198.2,6152.64,6013,67057.9,16445.5,-48.97,4.18958
17357,16981,66987.1,6034.86,5925,66751.2,13702.3,63.91,4.1907
30204.2,19676,100603,14837.2,10024,97004,16195.1,68.06,4.19182
14490.1,13236,71745.6,9829.56,8992,71640.4,21863.4,71.38,4.19294
14879.8,13649,71445.5,6903,6209,72861.2,20058.5,35.69,4.19294
11099.6,10860,66982.1,5853.9,5448,70418.7,7525.44,49.8,4.19405
20848.8,19197,71175,11906.7,10921,71451.1,15748.2,40.67,4.19405
7692.16,7752,65030.1,3190.98,3157,66241.4,8307,40.67,4.19405
14947.1,14096,69492.9,9141.6,8380,71492.1,13763.9,48.97,4.19405
57182.6,47003,79729.3,32742.8,25739,83369,19749.6,124.5,4.19405
6538.2,6749,63489,2283.84,2297,65160.5,8037.9,-9.13,4.19852
18241.7,15085,79250,10594,9261,74968.8,18108.5,84.66,4.19852
13487.1,13164,67144.6,7332.78,6840,70257.5,7384.26,0,4.19964
22239.4,18260,79818.3,12739,11364,73465.4,9317.88,29.05,4.19964
11883,11601,67129.1,6034.08,5893,67104.9,12717.1,-9.96,4.20634
13630.6,13260,67367.6,6184.62,6037,67138.5,10345.9,-9.96,4.21081
14721.3,13330,72376.3,10694.6,10038,69822.7,22160.6,-12.45,4.21305
42897.1,29045,96791.4,35453.3,23605,98431.3,29679,109.56,4.21416
12419.5,10345,78678.2,7782.06,7005,72805.9,31205.5,90.47,4.21528
13032.2,12256,69686.5,8078.46,7600,69661.8,11080.7,25.73,4.21751
12866.3,12151,69393.8,6640.14,6375,68261.7,22031.1,1.66,4.22198
26859.3,22744,77394.1,12614.9,10984,75267,30019.9,80.51,4.22422
11266.9,11020,67004.4,5046.6,4984,66359.1,28444.3,41.5,4.22534
21114.7,17804,77722.5,10332.7,8824,76740.8,58787,39.01,4.22645
20490.4,16920,79365.3,10775.7,9052,78015.5,35505.6,19.09,4.22757
31479.2,20760,99374.9,30759.3,22693,88831,49211,134.46,4.22869
11623.9,11576,65807.3,3885.18,3845,66220.9,8482.5,84.66,4.22869
12252.2,11904,67453.2,5426.46,5276,67404.9,13680.4,29.05,4.2298
12184.9,11521,69312.6,8381.88,7973,68896.9,42702.7,48.97,4.23092
17804.4,16852,69240,7587.06,7340,67741.9,8252.4,64.74,4.23651
13765.9,13476,66945.9,5782.14,5676,66761.5,24729.1,61.42,4.23651
20653,19976,67756.9,9062.04,8652,68641.9,10017.5,73.87,4.23651
12404.6,12136,66986.3,6683.82,6392,68528,11398.1,89.64,4.23762
13995.8,13431,68291.7,8876.4,8355,69625.8,16007.2,31.54,4.23762
22450.2,14924,98585.9,17497.7,13212,86794.7,10336.6,83.83,4.23874
10494.4,9401,73158.6,5467.8,4916,72892.1,25112.1,64.74,4.23986
26960.6,19806,89210,17255.9,13838,81723.2,76677.9,37.35,4.24209
6168.96,6281,64367,2585.7,2601,65150.5,13480.7,11.62,4.24321
14464.3,14308,66251.8,5293.86,5136,67550.3,16521.2,41.5,4.24433
11954.4,11639,67311.9,6134.7,5991,67107.9,10101,-1.66,4.24433
14890.6,14369,67915.2,6447.48,6077,69531.4,12911.3,49.8,4.24768
40738.8,32307,82640.2,26842.9,22007,79937.2,22506.1,67.23,4.2488
15626.4,15234,67224.1,6798.48,6390,69725.4,7199.4,-6.64,4.24991
11251.3,11343,65006.1,4155.06,4107,66302.9,23671.4,39.84,4.25103
7612.6,7618,65489.5,3867.24,3814,66450.8,14365.3,148.57,4.25438
11415.2,11516,64962.1,4613.7,4581,66003.8,38110,54.78,4.25438
12596.3,12561,65720.3,4626.18,4565,66414.3,14643.7,1.66,4.25438
26103.8,24205,70677.2,9545.64,8765,71372.9,50289.7,75.53,4.25438
11623.9,11521,66121.5,5606.64,5361,68538.9,12919.1,53.95,4.2555
10655.6,10789,64725.7,2930.46,2949,65124,14619.5,18.26,4.25662
45975.5,34381,87637,46640.9,35069,87161.2,206833,217.46,4.25997
15415.6,15293,66061.4,5126.16,5081,66118.5,9682.14,-14.94,4.25997
25877.4,20888,81190.2,12520.6,10725,76507.9,20032,62.25,4.26109
13160.7,11786,73180.1,10104.9,9118,72629.4,11269.4,14.11,4.26332
17837.1,17513,66748.8,6491.94,6356,66937.7,6420.96,-2.49,4.26555
16177.2,15682,67605.5,7110.48,6898,67554.7,7057.44,5.81,4.26779
10441.4,10489,65238.6,3864.12,3837,65999.2,33062.6,0,4.26779
15080.4,14676,67341.7,6111.3,5936,67471.4,19769.9,34.03,4.26891
10057.2,9416,69998.8,7327.32,6632,72407,8391.24,-26.56,4.27114
13442.9,13221,66636.1,5931.9,5873,66193.3,34001,4.15,4.27226
8504.76,8240,67641.7,4511.52,4336,68188.9,8172.84,12.45,4.27338
14972.9,14676,66861.9,6239.22,6064,67429.7,31654.7,63.08,4.27561
13795.2,13761,65698.7,8184.54,8081,66375.7,12437.9,29.88,4.27673
13744.2,13585,66303.8,5670.6,5537,67117.3,16575,39.01,4.2812
58543.9,41481,92493.8,41797.1,28884,94835,12438.7,266.43,4.28455
12280.8,12145,66268.8,4033.38,3985,66331.6,25133.9,76.36,4.28902
11855.8,11820,65734.5,4971.72,4913,66319.3,6363.24,11.62,4.29349
14097.1,13364,69131,8913.06,8264,70683.2,6757.92,-4.98,4.29572
13540.2,13377,66335.3,6307.86,6201,66665.4,11619.7,0,4.29795
19660.2,19194,67127.7,7456.8,7322,66742.5,14923.7,8.3,4.29907
15149.7,15081,65834.6,5085.6,5044,66076.5,11072.1,41.5,4.30019
8917.52,8861,65954,3505.32,3440,66780.4,7715.76,19.09,4.30131
14870.9,12751,76431.7,6739.2,5995,73671.4,8066.76,80.51,4.30131
30230.8,24240,81732.8,18318.3,15184,79064,10452,23.24,4.30242
12592.2,12408,66509.1,5290.74,5176,66988.8,10845.9,-10.79,4.30466
17880.6,16928,69223.9,6683.82,6204,70604.6,19213,-21.58,4.31136
9177.96,9101,66090.2,4417.92,4377,66148.7,6702.54,2.49,4.3136
22569.2,19412,76194.9,11647,9808,77823.7,37365.9,53.95,4.3136
16993.2,15404,72297.2,7137.78,6312,74109.9,7589.4,19.92,4.3136
35309.7,26995,85721.6,30435.6,23459,85026.1,22906.3,154.38,4.31806
38360.2,33469,75113.4,16233.4,14400,73879.8,48003.5,98.77,4.3203
10667.8,10312,67797.5,5556.72,5377,67726.5,10182.1,4.15,4.3203
12795.6,12629,66400.3,4517.76,4457,66429.4,16951,-9.96,4.32589
19025,18786,66369.9,5277.48,5126,67472.7,9978.54,-43.99,4.32812
17216.2,16340,69050.4,7062.12,6624,69870.6,25080.9,-11.62,4.33147
7861.48,7868,65481.7,4388.28,4337,66310.9,8701.68,9.96,4.33482
22566.5,20237,73079.8,17733.3,15616,74421.7,17014.1,55.61,4.33706
34131.2,22010,101628,10796.8,6346,111500,16477.5,69.72,4.34041
6451.84,6495,65100.5,2582.58,2555,66243.4,8644.74,63.08,4.34153
10667.2,10368,67427,6119.1,5904,67923.7,46057.4,46.48,4.34488
9054.2,9021,65777.2,3251.04,3229,65983.3,9662.64,1.66,4.34488
6805.44,6857,65043.2,2789.28,2761,66207.3,10689.9,-9.13,4.34488
13039.7,12619,67720.8,7931.04,7755,67023.7,9707.1,59.76,4.34823
19462.3,17164,74311.4,16449.4,15093,71425.8,39068.6,125.33,4.34823
13880.2,12924,70384.6,6197.88,5736,70813.2,15030.6,31.54,4.35046
14985.8,13849,70915.7,8385,7652,71813.8,30260.9,76.36,4.3527
34030.6,25196,88515.2,21134.1,16568,83597.6,17439.2,67.23,4.35382
19679.9,17340,74379.5,10548.7,9397,73568.3,39129.5,38.18,4.35382
14431,13066,72382.3,9111.18,8186,72942.9,15300.5,83,4.35493
30606.1,22471,89261.8,21730.8,17939,79388.5,6814.86,110.39,4.3594
25714.9,21849,77131.7,12498.7,10692,76610.2,21546.7,42.33,4.36052
12685.4,11453,72588,7052.76,6461,71538.4,16418.2,0.83,4.36052
31603.7,17425,118862,20871.2,10201,134087,44257.2,67.23,4.36387
9774.32,9668,66256.7,4802.46,4756,66176.2,19063.2,27.39,4.36387
13483,13449,65701.9,4645.68,4644,65559.7,8611.98,49.8,4.36611
10365.2,10212,66519.4,4744.74,4640,67015.4,24267.4,31.54,4.36611
19073.3,17912,69785,12914.5,12293,68849.1,28021.5,61.42,4.36722
8289.2,8296,65482.3,4242.42,4197,66245.2,9205.56,5.81,4.36946
18194.8,17693,67394.6,6484.14,6381,66595.3,12060.4,78.85,4.37057
12429.7,11944,68201.1,4740.06,4424,70218,35046.2,-17.43,4.37057
15644.1,15505,66123.9,4160.52,4085,66747.6,6640.14,6.64,4.37169
15536,15089,67477.3,7434.18,7121,68418.3,9445.02,19.09,4.37839
39292.4,25216,102120,31622,20900,99156.8,33196,138.61,4.37839
24637.8,20809,77594.3,13529.1,11737,75542.6,34905,87.98,4.37951
9282,9321,65261.8,3300.18,3277,65999.6,26415.5,16.6,4.38175
39860.9,25008,104460,36527.4,25924,92341.4,48184.5,171.81,4.38286
14341.9,13944,67406,7210.32,7063,66903,8328.06,-52.29,4.3851
9158.92,9233,65010.2,2577.12,2565,65845.7,29922.4,-4.98,4.38733
10440.7,10428,65615.9,3808.74,3797,65738.6,17590.6,-18.26,4.3918
16294.8,15696,68036.4,9457.5,8912,69547.4,9398.22,1.66,4.3918
13816.9,13601,66576.4,4551.3,4373,68208.1,43463.9,22.41,4.39292
20636,19153,70610.3,9980.1,9221,70931.1,6047.34,58.1,4.39515
19174,18341,68512.3,8011.38,7733,67895.2,6542.64,45.65,4.39627
22351.6,17037,85979.6,16083.6,12777,82496.3,18019.6,98.77,4.39739
12711.2,12448,66921.9,5116.02,5012,66896.1,5746.26,19.09,4.39739
16471,16408,65787.5,4937.4,4936,65554.6,11727.3,38.18,4.40074
7767.64,7872,64667.2,3025.62,3004,66007.7,8124.48,-15.77,4.40186
7290.28,7381,64730.5,3057.6,3061,65463.2,15403.4,-4.15,4.40186
7275.32,7476,63776.8,1883.7,1904,64837.3,7724.34,-20.75,4.40297
34294.4,28612,78551.7,17954.8,15184,77495.2,49952,118.69,4.40409
12575.2,12292,67046.1,5977.92,5824,67268,23135.6,19.09,4.40521
15639.3,15217,67354.8,7107.36,6929,67223,33604.7,-9.96,4.40632
14414.6,14049,67241.7,6934.2,6789,66937.7,12066.6,26.56,4.40632
9137.84,9185,65199.5,3577.86,3545,66143.5,7342.14,74.7,4.40744
13929.8,13759,66349.5,5605.86,5515,66615.7,26075.4,68.89,4.40744
11991.8,11630,67574.8,7772.7,7354,69267.3,24039.6,17.43,4.40968
11377.8,11284,66080.5,6395.22,6192,67686.9,22605.2,50.63,4.41079
8043.72,8105,65040.5,2797.86,2825,64906.4,5703.36,-28.22,4.41079
15191.9,14851,67040.3,6483.36,6259,67885.2,20273.8,7.47,4.41079
13371.5,12846,68217,4960.8,4618,70400.8,21889.9,-11.62,4.41079
16705.6,16174,67689.8,8218.86,7614,70742.2,12871.6,33.2,4.41415
12320.2,12199,66187.3,4715.1,4579,67483.9,29330.3,39.84,4.42197
15197.3,14940,66664.8,5594.16,5441,67380.8,6471.66,-25.73,4.4242
12981.2,11284,75393.1,10996.4,9780,73687.4,16219.3,20.75,4.42755
13933.2,13624,67023.4,6169.02,5960,67834.4,26963.8,21.58,4.42867
30013.2,23452,83871,16241.2,13096,81275.2,17389.3,76.36,4.42867
37098.8,24205,100446,29721.9,19629,99233.5,90547.1,65.57,4.42979
13046.5,12896,66300.7,4395.3,4300,66988.5,26775.1,9.96,4.43314
12867.6,12801,65877.2,4527.12,4421,67109.1,5582.46,7.47,4.43426
12426.3,11537,70587.8,8261.76,7589,71345.7,8171.28,40.67,4.43537
17330.5,16784,67669.8,8667.36,8164,69576.7,10746.1,-0.83,4.43537
14603,13256,72195.4,9234.42,8380,72218,62031.1,60.59,4.43537
16531.5,16399,66065.4,5337.54,5275,66313,20768.3,20.75,4.43872
7333.12,7480,64249.1,3364.14,3320,66407.3,7847.58,7.47,4.43984
19324.9,19160,66100.1,7381.14,7333,65966.2,13866.8,37.35,4.44096
10569.2,10532,65767.7,4226.82,4168,66460.9,7888.92,-4.98,4.44319
9879.72,9892,65454.6,3276.78,3232,66444,19060.1,24.9,4.44431
10755.6,10490,67195.1,5174.52,5034,67365.4,8445.06,-5.81,4.44431
6708.88,6804,64619.8,1803.36,1796,65804.6,6635.46,-16.6,4.44655
16908.2,16632,66624.3,5710.38,5557,67344.9,28324.1,-16.6,4.44655
15689,15292,67237.2,6204.9,6008,67683.8,17638.1,60.59,4.44878
11628,11469,66444.6,4619.16,4569,66255.5,6803.16,31.54,4.44878
24733.6,18973,85434.2,16018.9,12937,81148,28374.1,50.63,4.4499
22552.2,21226,69630.7,11007.4,10270,70241.3,7424.82,14.11,4.45101
9388.76,9194,66924.3,4527.12,4410,67276.5,28978.6,-18.26,4.45101
11243.8,10517,70065,7987.98,7589,68981.5,39024.2,29.05,4.45325
12506.6,12420,65992.8,4092.66,4048,66259,13079.8,26.56,4.45325
51220.3,33919,98964.4,29806.9,20015,97598.1,35138.2,100.43,4.45437
23547.7,22088,69867.1,10914.5,10428,68593.7,26372.6,25.73,4.45437
22784.8,17593,84875.9,14684.3,12205,78848.8,37841.7,11.62,4.45437
15933.1,15528,67245.6,6113.64,5957,67259.3,20753.5,-2.49,4.45437
21003.2,17673,77885.1,10796,9417,75132.8,8725.08,-1.66,4.45437
10293.8,9360,72074.5,6608.94,6064,71425.4,25809.4,41.5,4.4566
16465.5,15417,69993.1,12896.5,12265,68910.4,23552.1,26.56,4.45772
27872.5,21717,84111.7,17704.4,14801,78391.9,32164.9,145.25,4.45883
11238.4,10033,73409.5,8277.36,7605,71330.1,27130,-1.66,4.45883
9106.56,9205,64835.1,3559.92,3585,65077.5,13579.8,56.44,4.45883
10775.3,10393,67946.6,6726.72,6381,69086.7,26654.2,8.3,4.46107
23589.9,21226,72834.6,11522.2,10154,74366.4,10378.7,63.91,4.46219
14734.2,14057,68693.4,7927.14,7629,68097.1,7042.62,23.24,4.46442
12651.4,11584,71574.8,11029.2,9872,73218.1,11082.2,36.52,4.46442
17347.5,16100,70613.9,12343.5,11396,70984.9,14446.4,30.71,4.46554
26617.9,20017,87147.5,19761.3,15973,81079.1,15318.4,126.16,4.46665
16685.8,16636,65732.3,3137.94,3109,66146,9246.12,14.11,4.46665
14660.8,13970,68776.7,8062.08,7398,71418.8,9552.66,67.23,4.46889
11766.7,10937,70507.8,6659.64,6196,70440,14162.5,42.33,4.47001
12896.9,12650,66815,8353.8,7994,68485.7,9196.2,-0.83,4.47001
13460.6,13349,66083.9,5257.98,5229,65899.2,6672.12,29.88,4.47112
15008.3,13842,71057.8,9378.72,8742,70309.3,8644.74,12.45,4.47224
12424.3,12189,66801,6445.92,6256,67525.5,10113.5,-14.11,4.47448
20434.7,18449,72589.7,14316.1,13217,70985.9,31877.8,0,4.47448
17681.4,17288,67027.2,6945.9,6776,67179.2,6114.42,-48.97,4.47448
13720.4,13323,67490.6,7133.88,6923,67532.3,17295.7,100.43,4.47783
15912,15788,66050.7,5505.24,5352,67412.4,17803.5,-25.73,4.47894
12202.6,11260,71022.2,5272.8,4769,72459.3,39400.1,68.89,4.47894
10141.5,9320,71312.7,6445.92,5944,71070,10045.6,22.41,4.48006
15238.8,14985,66646,5442.06,5380,66292,15185,53.95,4.48006
16089.5,15309,68877.1,7044.18,6662,69295.6,25988,11.62,4.4823
10707.3,10592,66249.3,5578.56,5400,67703.1,20425.9,-42.33,4.48453
8398,8359,65841.8,3341.52,3315,66060.3,35058.7,-21.58,4.48677
37817.5,27053,91613.1,29164.2,20349,93926.2,33858.2,37.35,4.489
10561.1,10045,68903,6824.22,6393,69956.5,50602.5,49.8,4.49123
11974.1,11832,66323.2,5632.38,5544,66580.7,10199.3,47.31,4.49123
21315.3,15284,91397.4,26354.6,20680,83519.2,6385.08,42.33,4.49123
12113.5,12118,65511.8,6162.78,6066,66581.6,29813.2,-5.81,4.49235
10846.7,10576,67213.3,6744.66,6410,68957.6,9464.52,15.77,4.49347
17465.8,16704,68524.8,12923.8,12420,68194.5,11675,24.9,4.49459
55808.3,42724,85606.5,30211,23176,85429.1,13441,126.16,4.4957
10368,10232,66406.8,6534.84,6396,66958.6,23828.2,61.42,4.4957
10233.3,10325,64954.1,3878.16,3873,65623.3,10820.2,6.64,4.4957
9661.44,9172,69033.2,5913.96,5476,70777.4,14949.5,60.59,4.49794
8166.12,8337,64192.7,3149.64,3157,65383.2,9403.68,4.15,4.49905
13941.4,13560,67379.1,7217.34,7004,67532.2,17776.2,46.48,4.50129
12359,11967,67682.8,4045.86,3727,71142.9,21329.1,39.84,4.50129
18806.1,17168,71789.1,12323.2,11352,71142.9,6063.72,36.52,4.50352
16288,15975,66820.2,5740.02,5588,67318.9,22339.2,42.33,4.50799
13547,13480,65861.5,5810.22,5720,66569.7,21886,41.5,4.50911
5822.16,5902,64649.5,2535,2526,65769.5,10377.1,14.94,4.51023
9316,9148,66739.6,5406.18,5212,67977.6,40938.3,73.87,4.51246
18052,17462,67750.2,10191.5,9506,70261.8,24021.7,48.97,4.51246
11751.1,11639,66167.1,4555.98,4503,66307.1,11574.4,40.67,4.51916
12456.2,12317,66276.9,5061.42,4973,66701.2,12632.1,1.66,4.5214
22746,19852,75089.8,8194.68,7176,74839.3,17076.5,57.27,4.52587
26781.1,14365,122181,8909.94,4925,118563,14241.2,45.65,4.52587
10026.6,10129,64873.5,3651.96,3629,65950.6,10181.3,45.65,4.5281
18454.5,18072,66923.2,8102.64,7896,67251.1,16185.8,4.15,4.53481
48866.8,22796,140487,31654,15749,131721,18464.9,103.75,4.53704
15808,15097,68622.3,7563.66,7348,67459.5,22174.6,58.93,4.53704
15869.2,14513,71660,7020,6389,72008.6,25761.8,24.9,4.53816
12430.4,12323,66107.2,4234.62,4199,66091.9,12526.8,42.33,4.53816
8718.28,8768,65164.4,2994.42,2948,66568,9604.14,22.41,4.54039
51699.7,38568,87849.8,31058.8,25192,80798.3,27682.2,131.97,4.54039
9396.24,9270,66428.5,4658.94,4546,67164.2,12987,0,4.54151
32012.4,23828,88046.1,20184.1,16224,81532.4,8232.12,96.28,4.54263
11903.4,11916,65466.7,3256.5,3228,66114.6,49368.5,25.73,4.54374
11923.8,11948,65403.3,3978,3960,65833.9,17351.9,18.26,4.54598
11232.2,11068,66508.5,5832.06,5724,66773.2,16918.2,71.38,4.54598
12140,11634,68386.6,8353.02,8098,67599.8,8276.58,35.69,4.54821
15462.5,14875,68124.5,7819.5,7355,69674.9,15306.7,26.56,4.54821
11920.4,10678,73161.2,8148.66,7506,71147.2,19535.1,18.26,4.54933
6130.88,6245,64338.4,2392.26,2429,64544.7,19216.9,-4.15,4.55045
42141.6,31497,87684.4,25664.3,19860,84689.7,10350.6,108.73,4.55268
10897.7,10353,68983.9,6969.3,6481,70473.7,5564.52,9.13,4.5538
23600.8,19169,80687.5,11594.7,9877,76933.3,19256.6,25.73,4.5538
13246.4,12837,67626.1,6925.62,6641,68344.7,7196.28,46.48,4.55603
5943.88,6017,64739.6,2793.96,2765,66222.4,12469.9,53.12,4.55603
11874.8,11832,65773.3,4402.32,4316,66846.7,11799.1,35.69,4.55603
10019.1,9889,66398.3,4303.26,4217,66876.6,7388.94,-6.64,4.55827
18079.2,16136,73428.1,11300.6,9928,74597,24930.4,101.26,4.55938
9159.6,9233,65015,2917.2,2933,65183,7175.22,41.5,4.5605
6201.6,6273,64790.1,2694.12,2693,65563.3,10487.9,-3.32,4.56385
10183,10137,65833.4,4247.1,4153,67020.9,16506.4,29.88,4.56497
16265.6,15980,66707.3,5944.38,5868,66389,13660.9,-20.75,4.56832
24849.9,21676,75132.1,12488.6,10821,75635.5,22380.5,16.6,4.56832
10518.2,10256,67211.7,5334.42,5048,69254.5,6182.28,-16.6,4.57167
12689.5,12527,66386,4446.78,4383,66489.7,14886.3,5.81,4.57391
23516.4,19520,78953.6,17196.7,14800,76148.7,22720.6,70.55,4.57503
58255.6,41741,91465,33799,23965,92428.5,103994,190.07,4.57614
26952.5,24761,71336.3,13480.7,12461,70899.1,7687.68,39.01,4.57614
36907,27325,88517.4,23751.8,18000,86477.6,53579,68.89,4.57726
13628.6,12869,69404.1,6559.8,6197,69372.8,11637.6,3.32,4.57949
7967.56,7852,66500.5,4102.8,4024,66819.4,26275.1,-49.8,4.58061
21630.1,20624,68733.1,8059.74,7700,68597.8,18763.7,1.66,4.58173
15087.8,14776,66919.1,4707.3,4652,66315,16017.3,54.78,4.58173
15746.1,13868,74411.2,10893.5,9928,71909.3,25871,24.07,4.58173
20304.8,17757,74939.2,12026,10669,73871.8,23616.1,67.23,4.58285
37263.3,29248,83495.9,25318.8,21064,78773.9,7972.38,109.56,4.58396
14972.9,14669,66893.8,5743.14,5680,66264.5,19486.7,24.07,4.58508
42610.8,32055,87117.3,31629,24964,83033.1,14814.5,104.58,4.5862
11442.4,11385,65866.2,4659.72,4660,65532.1,13926.9,-29.88,4.58732
18725.2,18527,66237,4875,4827,66187.7,27285.2,-8.3,4.58843
16780.4,15169,72497.7,8457.54,7729,71713.5,42379,94.62,4.58843
15574,15440,66104.9,4823.52,4832,65421,24917.9,-16.6,4.59067
12065.9,12004,65874.1,4900.74,4832,66468.3,37621,-21.58,4.5929
14426.2,14387,65714.6,4753.32,4743,65678.6,13659.4,-42.33,4.5929
10544.8,10501,65809.1,4232.28,4189,66213.1,11689.9,17.43,4.5929
25942,24182,70305.8,10748.4,10194,69100.2,11001.1,24.9,4.5929
12894.8,12653,66788.6,5108.22,5021,66674.4,16769.2,24.07,4.59514
16019.4,15149,69301.6,9115.08,8729,68434.6,6264.18,-3.32,4.59625
19112.8,16982,73758.9,12320.9,11090,72809.8,10744.5,60.59,4.59625
21271.8,18637,74801,16190.5,14816,71615.7,35671.7,31.54,4.59849
16448.5,15928,67677.7,7449,7164,68143.2,30643.9,5.81,4.5996
8544.88,8247,67903.1,4660.5,4547,67171.9,24236.2,37.35,4.60072
13612.2,12441,71705.8,7529.34,6793,72639.9,16187.3,36.52,4.60184
16118,16008,65986.5,5815.68,5772,66032,45980.2,83,4.60184
12157.7,11936,66753.4,6305.52,6140,67302.7,13432.4,5.81,4.60296
7252.2,7353,64637.6,2449.98,2489,64508.6,22474.9,-13.28,4.60407
7400.44,7452,65082.6,3841.5,3777,66655.2,38588.9,17.43,4.60519
14183.4,14041,66200.8,4950.66,4905,66146.1,18740.3,33.2,4.60519
20235.4,19837,66852.3,7562.88,7353,67406.6,21077.2,14.11,4.60631
13720.4,13571,66257.3,5097.3,5027,66452.5,9887.28,10.79,4.60743
75921.3,58860,84532.4,51932.4,40305,84442.2,8448.96,173.47,4.60743
13581,13348,66679.8,5637.84,5556,66501.4,14508.8,20.75,4.60743
13784.3,12561,71918.4,8736,8033,71271.3,12711.7,-43.99,4.60854
7033.24,7182,64178.6,3032.64,3038,65420.4,18652.1,43.99,4.60854
16648.4,16009,68153.7,6839.04,6585,68064.3,7356.96,10.79,4.60966
29154.3,20937,91257.5,19300.3,14452,87521.9,7693.14,114.54,4.61078
13625.8,13388,66700.3,5865.6,5612,68497.5,8970.78,28.22,4.61078
9768.88,9653,66322.7,4536.48,4485,66288.3,22559.2,-5.81,4.61301
14442.5,14281,66277.2,4550.52,4525,65905.6,21726.1,23.24,4.61636
51971.7,40720,83644.9,39456.3,31796,81324.9,91338.8,59.76,4.6186
27022.5,21620,81912.5,19058.5,15404,81084.1,23565.4,61.42,4.6186
13752.3,13338,67571.8,4872.66,4698,67972.5,6933.42,-18.26,4.61971
11646.4,11513,66295.1,4446.78,4420,65933.1,11246.8,70.55,4.62083
66238.8,29782,145760,65390.5,30418,140885,113571,248.17,4.62195
14116.1,14036,65910.1,4626.18,4576,66254.7,28223.5,12.45,4.62307
13344.3,12733,68682.4,8222.76,7936,67904.1,7942.74,7.47,4.62418
10321.7,10329,65489.8,4095,4093,65568,6048.9,-25.73,4.62418
7907.04,7964,65067.3,3715.14,3697,65857.6,8765.64,63.91,4.6253
28024.2,21818,84177.8,20946.1,16686,82268.1,24903.8,138.61,4.62977
21391.4,19696,71177.4,9922.38,9252,70284.6,6406.14,-46.48,4.632
14954.6,14844,66024.1,5307.9,5237,66423.3,21764.3,14.94,4.63647
6938.72,7012,64851.1,2949.96,2884,67034.9,7675.2,38.18,4.63647
5029.28,5010,65788.2,2201.94,2182,66134.9,16795.7,34.86,4.63759
13355.9,12464,70225.5,8632.26,8196,69024.4,43481.9,58.93,4.63982
16483.2,13873,77866.6,11518.3,10273,73480.1,46321.1,29.05,4.63982
26547.9,22513,77281.7,9400.56,7669,80333.2,32992.4,51.46,4.63982
15332,15229,65979.1,6271.98,6208,66211.4,19371.3,40.67,4.64094
12144.8,11663,68243.3,6042.66,5659,69979.1,41342.3,41.5,4.64094
9109.28,9125,65423.1,4163.64,4109,66407.5,6474.78,23.24,4.64206
7633.68,7648,65413.3,3759.6,3700,66591.7,8995.74,10.79,4.64541
15905.9,15204,68561.4,8260.2,7888,68628.3,16311.4,104.58,4.64541
12932.9,12646,67022.9,5252.52,5122,67206,44557.5,19.92,4.64764
10088.5,9935,66548.4,4984.2,4763,68579.6,10796,-9.13,4.64876
12725.5,12593,66225.7,4662.06,4545,67223.9,8870.94,34.03,4.64876
18944.8,18196,68232.9,9069.84,8752,67916,10584.6,36.52,4.64988
19999.5,17508,74862.1,15702.2,13664,75311.6,30657.1,66.4,4.65323
29097.9,23485,81199,15171,12489,79609.8,13142.2,7.47,4.65323
6319.24,6376,64952.6,2886,2853,66294,9302.28,21.58,4.65323
14909,13462,72580.3,11829.5,11094,69880.7,15561.8,10.79,4.65435
10229.9,10077,66530.5,4815.72,4605,68534.9,25473.2,-13.28,4.65547
20497.2,19240,69818.5,9859.98,9004,71766.3,26107.4,46.48,4.65547
13561.9,12932,68728.3,5669.82,5440,68304.6,29528.5,-11.62,4.65547
11485.2,11269,66793.3,6843.72,6417,69894,8573.76,16.6,4.6577
10179.6,10096,66078.7,4739.28,4596,67579.1,7653.36,43.16,4.65993
14759.4,13845,69864.4,9012.12,8577,68860.7,10242.2,-43.16,4.66105
7327,7397,64915.8,3118.44,3093,66075,9408.36,-4.98,4.6644
8104.24,8065,65854.9,3077.1,3017,66841.5,10560.4,-7.47,4.66664
7384.8,7406,65348.4,3272.88,3230,66406,15388.6,72.21,4.66664
15254.4,14857,67289.1,6066.06,5940,66926.8,10426.3,16.6,4.66776
10737.2,10002,70353.2,7686.9,7222,69754.7,11477.7,-24.07,4.66887
14319.4,13830,67855.3,8050.38,7798,67657.1,13344.2,-5.81,4.66887
12036,11850,66564.7,6459.96,6154,68794.3,14738.9,10.79,4.66887
13951.6,12680,72108,8217.3,7496,71842.2,47403.7,29.05,4.66999
22231.9,19997,72860.5,12559.6,11261,73093.3,25715.8,25.73,4.67111
22440,21472,68490.5,8265.66,8084,67008.7,11671.9,14.11,4.67111
6814.28,6795,65721.9,3364.14,3327,66267.6,7736.04,11.62,4.67222
16253.4,14053,75797.4,8049.6,7217,73096.7,40798.7,14.11,4.67446
13658.5,12481,71718.8,9969.96,9245,70675.1,26608.9,47.31,4.67446
9356.8,9152,67002.5,3905.46,3808,67213.3,8199.36,9.13,4.67558
21993.2,20629,69870,11680.5,10997,69609.3,23402.3,48.14,4.67558
7998.16,7968,65784.1,3634.8,3584,66464.9,6388.2,7.47,4.68004
11182.6,10865,67451.7,5949.06,5733,68005.9,12306.1,-5.81,4.6834
11632.8,11227,67904.6,6360.9,6043,68983.6,56208.4,10.79,4.68451
19454.1,16761,76066.2,17198.2,15257,73874.5,37895.5,50.63,4.68563
30918.9,22973,88203.7,19921.2,16448,79374.7,9694.62,0,4.68787
13759.1,12809,70397.2,9335.04,8484,72110,7308.6,-3.32,4.68787
7510.6,7516,65488.9,3212.82,3137,67120,9792.9,-5.81,4.68898
12131.2,11805,67346.9,6318,6096,67922.6,38505.5,29.88,4.68898
18241,17346,68917.5,7322.64,7058,67993.3,11899.7,14.11,4.69233
12716,12433,67027.7,7936.5,7441,69900.1,8784.36,9.96,4.69345
14885.9,14657,66559.4,5212.74,5113,66814.4,7585.5,25.73,4.69792
25767.9,23824,70883.4,10970.7,9972,72099.5,21321.3,24.07,4.69904
26083.4,22565,75754.7,16697.5,14589,75007.5,53894.9,37.35,4.70127
13411.6,12874,68272.9,8260.2,7802,69384.8,8532.42,22.41,4.70127
15580.2,15049,67849.1,7502.82,7161,68664.3,16135.1,107.9,4.70686
16623.3,15457,70480.9,7567.56,6945,71410.7,8717.28,9.13,4.70797
24321.6,19113,83395.5,16925.2,14473,76640,31240.6,72.21,4.70797
11381.8,10645,70072.4,7242.3,6821,69583.8,8075.34,13.28,4.70909
10554.3,10604,65228.7,5226,5192,65965.2,18267.6,45.65,4.71244
20606,19904,67847.5,9530.82,9152,68248.7,10407.5,43.16,4.71468
14977,14742,66580.7,6653.4,6530,66774.5,16807.4,64.74,4.71468
12998.9,12777,66674.1,7293,7021,68074.9,12854.4,53.95,4.71803
14276.6,13797,67814.1,7092.54,6925,67121.5,7350.72,14.11,4.71803
8797.84,8893,64834.7,3801.72,3757,66316.1,5977.14,52.29,4.72026
15866.4,12851,80913.8,16960.3,14640,75922.9,42189.4,34.03,4.7225
33633.5,27988,78755.3,15109.4,12964,76381.4,34303.6,64.74,4.72473
10246.2,10140,66222.6,5852.34,5692,67382.1,13979.2,-3.32,4.72473
20193.3,15377,86062.7,18280.9,15281,78401.6,56400.2,99.6,4.7292
10034.1,9727,67605,7310.16,6971,68724.5,12063.5,8.3,4.73032
15987.5,14932,70168.5,9539.4,8904,70212.7,6161.22,23.24,4.73032
13845.5,13837,65576.2,4697.94,4665,65998.8,15411.2,-16.6,4.73144
13429.3,13385,65753,5253.3,5213,66042.6,13403.5,-2.49,4.73255
15002.2,14815,66363.9,6446.7,6283,67243.5,20380.6,84.66,4.73479
52376.3,38580,88971.9,54235,41208,86253.7,75341.8,163.51,4.73591
8721,8865,64471.5,2822.04,2777,66598.9,9323.34,7.47,4.73702
21746.4,17489,81489.6,15284.1,13025,76902.8,48498.8,23.24,4.73702
8691.76,8811,64649.1,3249.48,3211,66321.4,18826.1,47.31,4.73814
11549.8,11526,65671.3,4334.46,4290,66215.2,5580.12,45.65,4.74149
16532.8,15203,71268.6,10491,9795,70192.8,7285.2,32.37,4.74261
50120.8,40073,81968.3,34172.6,28425,78787.5,29023,143.59,4.74484
21043.3,19040,72431.3,12118.1,11040,71935.7,27555.1,-4.15,4.74484
7026.44,6984,65934.3,3080.22,3052,66142,8409.18,-12.45,4.74708
21899.4,20702,69326.6,10947.3,10538,68081.4,8738.34,-2.49,4.7482
11367.6,10673,69800.9,5858.58,5489,69948.6,27913.9,-6.64,4.75043
12744.6,12560,66499,4541.94,4480,66442.1,6877.26,2.49,4.75043
11302.3,10653,69530.3,8510.58,7865,70915.4,14586.8,9.96,4.75043
11174.4,11073,66136.4,4432.74,4277,67922.4,13809.9,63.08,4.75155
14165.1,13848,67036.6,4977.18,4821,67659.1,11221.1,-8.3,4.75266
12058.4,11876,66542.8,4903.08,4844,66335.3,6205.68,-14.94,4.75602
13472.8,13232,66728.8,6564.48,6352,67728.2,20904.8,-29.05,4.75937
11906.8,11533,67660.1,5864.04,5661,67886.5,46107.4,-7.47,4.7616
14670.3,13668,70342,9372.48,8560,71756.4,32528.3,39.01,4.76607
8755,8612,66624.2,3719.04,3668,66447.9,24999.8,4.98,4.76719
15202.1,12920,77111.7,11754.6,10293,74842.1,20857.2,92.96,4.76719
8002.92,8012,65461.7,3154.32,3176,65088.6,8774.22,53.95,4.7683
10744.7,10341,68094.3,5360.94,5197,67603.3,23627.8,38.18,4.77836
18157.4,17560,67765.4,7285.98,6961,68595.6,15236.5,71.38,4.77948
62240.4,44409,91850.5,38464.1,27613,91289.8,65029.4,141.1,4.78059
13734.6,13465,66848.4,5797.74,5705,66601.3,33505.7,69.72,4.78506
16052.1,15528,67747.9,6327.36,6188,67011.9,30112.7,56.44,4.78618
11898.6,11564,67432.5,5082.48,4940,67426.2,22664.5,95.45,4.78618
7936.96,7922,65659.8,3311.88,3330,65179.4,7898.28,-6.64,4.78842
10059.2,9959,66195.6,3919.5,3891,66016,11374,39.84,4.78953
13170.2,13128,65746.9,3705.78,3704,65567.5,42512.3,40.67,4.78953
11058.2,10990,65942.5,5151.9,5066,66647.2,5626.14,-9.96,4.79065
11519.2,11001,68623.1,5908.5,5401,71694,24680.8,-29.88,4.79177
7999.52,7980,65696.3,3806.4,3784,65924,13075.1,-14.94,4.79288
12579.3,12201,67568.1,7098,6813,68277.5,24870.3,2.49,4.794
27626.4,24041,75309.7,10772.6,9268,76175.2,36392.5,73.04,4.79512
15607.4,15125,67626,6540.3,6353,67468.1,6588.66,43.16,4.79735
6402.88,6373,65843.3,2771.34,2729,66552.8,25974,9.13,4.79959
10737.2,10684,65862.3,3729.18,3557,68708.3,13530.7,33.2,4.79959
16901.4,16116,68729.8,7958.34,7508,69466.9,27928.7,23.24,4.80182
11490.6,10405,72373.9,8410.74,7617,72365.3,17449.4,56.44,4.80294
10560.4,10122,68374.5,6625.32,6426,67568.8,11709.4,94.62,4.80406
13358.6,12911,67808,6857.76,6687,67209.5,33343.4,-19.92,4.80406
8424.52,8400,65727.3,4030.26,3968,66564.3,28511.3,28.22,4.80629
5136.04,5212,64580.9,1859.52,1845,66051.8,17156.9,8.3,4.80741
19583.3,17900,71699,7792.2,7080,72128.5,9445.02,47.31,4.80741
22719.5,21844,68162.6,10244.5,9748,68874.1,21757.3,19.09,4.81076
11477.7,11293,66608,4375.02,4121,69575.7,16522,-24.9,4.81188
5434.56,5501,64744.5,1920.36,1913,65788.1,7167.42,14.11,4.81411
15022.6,14539,67715.7,10601,10139,68522.1,20014.8,-24.07,4.81523
15453,15137,66904.1,4136.34,3993,67888.6,13781,59.76,4.81635
12488.9,12421,65894.1,3685.5,3605,66999.4,34680.4,-30.71,4.82081
13862.5,13068,69520.3,7469.28,7048,69453.3,12217.9,-27.39,4.82305
11266.9,11192,65974.7,4203.42,4172,66029.6,6210.36,48.14,4.82417
16288.7,13465,79279.4,10829.5,9197,77169,13462.8,140.27,4.82528
9753.92,9576,66753.6,4338.36,4216,67438,9842.82,41.5,4.82864
24740.4,23261,69704.2,11466.8,11024,68168.3,8710.26,-4.15,4.82975
12012.2,11828,66556.6,5197.14,5104,66731.9,35762.2,20.75,4.83087
14434.4,12273,77077.3,9758.58,8725,73299.5,35872.2,3.32,4.83199
9180,9086,66214,4452.24,4350,67076.3,13311.5,83,4.83199
13292,12807,68017.6,4772.82,4471,69960.1,10532.3,60.59,4.8331
13508.9,12162,72793.8,8130.72,7234,73659.8,25330.5,62.25,4.83757
14478.6,14084,67372,5704.92,5520,67731.5,19659.9,19.92,4.83869
10275.5,10065,66906.5,4542.72,4453,66856.4,21485.9,29.05,4.83981
11865.3,11641,66798.9,5438.16,5316,67042,7476.3,32.37,4.83981
24044.1,20588,76537.6,11236.7,9624,76517.8,5658.9,46.48,4.83981
15432.6,14713,68741.3,7800,7533,67858.9,9834.24,23.24,4.84092
17599.1,17157,67224.7,5026.32,4933,66775.8,26740.7,19.09,4.84092
19943,19301,67716,7775.04,7637,66720.6,14010.4,31.54,4.84092
12460.3,11391,71688.1,9990.24,9435,69392.7,34549.3,49.8,4.84204
12513.4,11810,69439.1,6294.6,6038,68321.1,13967.5,22.41,4.84316
7341.28,7369,65289.5,2730,2708,66068.4,6035.64,7.47,4.84539
17827.6,16415,71175.6,10916.1,10027,71347.1,50927.8,48.97,4.84651
22812.6,19267,77596.4,9395.1,7847,78465.3,11723.4,24.9,4.84651
12059.8,11913,66343.6,5614.44,5545,66356.7,22573.2,-12.45,4.84651
10574,9960,69576.1,8413.86,8028,68685.9,5913.96,-9.96,4.84875
22059.9,19058,75858.8,13508,12406,71357.6,12597,-3.32,4.85098
12167.2,11835,67375.8,5214.3,5103,66965.4,12620.4,39.01,4.85321
15553.6,14469,70448.8,7564.44,6961,71217.2,17785.6,-14.94,4.85321
31429.6,23540,87500.9,26573,21784,79943.6,35412,36.52,4.85321
31251.4,21563,94981.9,10618.1,7039,98859.3,14090.7,-30.71,4.85321
6166.24,6200,65179.1,3205.8,3176,66150.9,12136,9.96,4.85768
9415.96,9373,65836.4,3361.02,3341,65928.7,12658.6,-36.52,4.8588
20866.5,16290,83947.6,14926.1,12897,75846.8,51883.3,99.6,4.86103
8674.08,8704,65310.7,3652.74,3616,66201.9,6591.78,4.15,4.86215
10653.6,10304,67759.3,5626.14,5508,66941.7,8562.84,28.22,4.86215
16605.6,15642,69573.2,10865.4,10506,67777.9,7486.44,28.22,4.86215
12906.4,12797,66096.3,5265.78,5232,65959.1,12364.6,-6.64,4.86327
32179,26822,78625,17163.9,15090,74543,97853.3,87.15,4.86439
19539.8,18813,68067.8,8016.06,7808,67282.3,31488.6,67.23,4.8655
68051,44876,99380.3,77332.3,48568,104350,26158.1,329.51,4.86774
11132.3,11055,65994.1,4477.98,4395,66773.4,15944,16.6,4.86885
12238.6,12096,66308.8,6309.42,6176,66951.8,7963.02,28.22,4.86885
8908.68,9026,64684.2,3530.28,3542,65319.1,9005.1,22.41,4.86997
21451.3,20173,69688.8,9682.14,8889,71383.6,9086.22,4.98,4.87221
15999,15385,68151.6,9643.14,8989,70305.1,14392.6,41.5,4.87332
8659.8,8437,67266.6,5332.86,5013,69717.6,8808.54,6.64,4.87332
15393.8,15091,66851.2,6688.5,6551,66911.5,23781.4,51.46,4.87332
9766.84,9896,64680.6,4009.2,3996,65752.5,12288.9,4.98,4.87332
6547.04,6605,64960.9,2503.8,2509,65400.2,15601.6,4.15,4.87779
7025.08,7054,65267.3,3741.66,3678,66670.3,22212.1,31.54,4.87891
13067.6,12209,70144.6,9501.96,8769,71013.9,44307.9,75.53,4.88114
27132.7,22685,78385.2,12923.8,11145,75996,64838.3,39.01,4.88226
17898.3,16301,71957.6,9934.08,8845,73605.4,41269,13.28,4.8845
15812,14512,71407,7803.12,7084,72188.8,15483,44.82,4.88673
32937.2,28855,74807.5,17583.5,15895,72497.9,17816,24.07,4.88785
5957.48,5997,65104.1,3091.92,3056,66306.3,29097.1,-17.43,4.88897
10653.6,10491,66551.5,5210.4,5115,66758.3,13249.1,78.02,4.89232
12025.1,11892,66269.6,4442.88,4372,66598.5,11232.8,29.05,4.89455
6806.12,6769,65895.4,2868.06,2849,65974.4,16488.4,32.37,4.90125
7343.32,7356,65423,3556.8,3557,65532.3,29046.4,37.35,4.90237
50992.5,36113,92538.6,32703.1,25637,83599,22876.6,57.27,4.90349
31505.8,22136,93276.2,23424.2,17445,87998.1,52365.3,38.18,4.90461
14741.7,14401,67086.5,6133.92,5825,69011.6,10418.5,29.88,4.90684
13510.9,12193,72619.7,7104.24,6465,72016,7554.3,102.92,4.90908
61026.6,45857,87215.5,38840.9,30721,82857.8,139743,206.67,4.91019
18938,16125,76968.7,10731.2,9437,74523.9,11113.4,43.16,4.91019
31152.8,27217,75013.1,12772.5,10101,82868.9,38287.1,39.01,4.91243
9579.16,8600,72997.6,3697.2,3457,70089.6,9267.18,17.43,4.91466
14841.7,14752,65934.4,4654.26,4636,65794.1,7789.08,-24.9,4.91466
37306.8,32508,75210.5,16377.7,14184,75671.6,16750.5,43.99,4.91578
21390.8,20024,70009.2,9675.9,8808,71993.6,7473.96,34.86,4.91578
13216.5,12572,68895.6,7381.14,6885,70258.6,7765.68,21.58,4.9169
55117.4,42458,85076.4,38119.4,30778,81168.1,19651.3,250.66,4.91913
10622.3,10677,65200.1,4800.12,4777,65853.2,22811.1,-14.11,4.92025
22741.9,21921,67990.3,8359.26,8121,67458.7,6764.16,63.91,4.92136
22510,21535,68503.3,10822.5,10475,67710.1,13125.1,21.58,4.92248
12860.8,12773,65986.7,5424.12,5333,66655.8,10668.8,2.49,4.92248
16313.9,14516,73653,10685.2,9524,73526.5,10700.8,34.03,4.9236
32279.6,24792,85329,25740,21388,78871.2,50208.6,77.19,4.9236
12916.6,12429,68107,6407.7,6128,68527.3,11242.9,73.04,4.9236
11371.6,11155,66808.8,5529.42,5440,66613.3,29228.9,19.92,4.92583
12617.4,12193,67817.1,7491.12,6945,70689.4,13763.1,25.73,4.92695
16655.2,16236,67228.2,5912.4,5589,69328.1,28473.9,12.45,4.92695
21324.1,20255,68995.2,15226.4,14011,71220.9,46163.5,33.2,4.92695
14227,12873,72429,7711.08,6916,73070.2,29531.6,118.69,4.92807
12671.1,12236,67866.5,8558.16,8008,70038.4,16609.3,31.54,4.92919
11696,11633,65890.9,4920.24,4869,66225.7,16738.8,34.86,4.92919
9713.8,9667,65853.3,4095.78,4067,65999.8,39138.1,41.5,4.93142
18978.8,15693,79257.9,16285.6,14573,73237.8,8260.2,34.03,4.93365
7156.32,7260,64600.1,2894.58,2920,64965.5,10929.4,34.03,4.93477
12584.8,12508,65938.2,4907.76,4888,65800.9,11290.5,71.38,4.93924
5727.64,5787,64863.8,2887.56,2879,65730.9,10140.8,-20.75,4.94036
10057.9,10084,65366.2,4536.48,4500,66067.3,7158.06,35.69,4.94036
10746,10765,65420.6,3531.06,3517,65798,8342.88,-65.57,4.94147
16379.2,11988,89541.6,14685.1,11668,82482,28170.5,30.71,4.94147
23979.5,22773,69008.1,11020.6,10737,67267.1,11834.9,39.84,4.94147
15630.5,15235,67237.2,6288.36,6199,66480.7,34047,28.22,4.94371
9578.48,9336,67238.1,5800.86,5676,66977.7,15106.3,22.41,4.94371
13159.4,12237,70475.8,7948.2,7216,72185.9,14628.1,24.07,4.94371
25600,20686,81104.1,17160,14926,75344.9,56249.7,78.02,4.94371
6221.32,6252,65214.4,2818.14,2860,64576.8,6007.56,-20.75,4.94594
14885.2,14632,66670.1,7524.66,7148,68989.4,29729.7,65.57,4.94706
8846.12,8811,65797.2,4041.96,3995,66306.4,20605.3,14.94,4.94706
9561.48,9461,66232,4759.56,4673,66750,12195.3,-8.3,4.9493
17041.5,16681,66952.3,6657.3,6569,66416.9,8472.36,0.83,4.95041
9723.32,9745,65390.2,3933.54,3921,65745.6,22832.9,48.14,4.95041
13475.6,13288,66461,4687.02,4581,67052.7,11338.9,-14.11,4.95153
17244.1,16804,67252.5,9899.76,9620,67441.9,8804.64,20.75,4.95376
19516.7,15349,83330.8,18742.6,16181,75911,49165,62.25,4.95376
12034,11957,65957.8,4253.34,4229,65913.2,11888.8,19.92,4.95376
14131.8,14106,65655.7,5086.38,5054,65955.9,7365.54,0,4.95712
12608.6,12356,66875.6,5808.66,5712,66645,26341.4,38.18,4.95712
5688.2,5880,63398.3,2812.68,2844,64814.3,13949.5,-26.56,4.95935
12357.6,12295,65869.9,4253.34,4151,67151.7,18863.5,29.05,4.96047
37346.3,28553,85718.7,22913.3,18889,79498.4,14997.8,97.11,4.96047
15421.7,14004,72170.7,7417.02,6436,75525.4,9553.44,-19.09,4.96717
12978.5,12960,65629.5,6230.64,6056,67425.9,14930.8,6.64,4.96941
8098.12,8184,64848.3,3279.12,3164,67920.5,28151.8,3.32,4.96941
19108,18665,67091.5,5630.82,5524,66803.3,8583.9,8.3,4.96941
30989.6,24868,81668.7,25305.5,19748,83979.3,65055.9,57.27,4.97387
12588.8,12372,66684.6,5500.56,5352,67355.1,22392.2,82.17,4.97499
12516.8,12448,65898,4745.52,4640,67026.4,6673.68,15.77,4.97499
7360.32,7464,64625.7,2853.24,2808,66591.9,15263,-3.32,4.97499
20207.6,15648,84632.1,12222.6,10032,79846.5,8416.2,58.93,4.97499
8500.68,8508,65479.6,4204.2,4108,67070.7,14231.1,9.13,4.97611
13208.3,12723,68035.9,6840.6,6503,68938.3,30352.1,58.93,4.97946
13089.3,12960,66190,4612.14,4524,66812.8,31171.9,14.11,4.98169
26688.6,18205,96076.2,21457.8,15773,89156,21603.7,49.8,4.98169
17550.1,16873,68166,7689.24,7433,67795.2,11832.6,21.58,4.98281
16930,16167,68628.8,6335.94,5783,71802.2,8111.22,27.39,4.98281
8813.48,8667,66643.6,4165.2,4075,66986.6,6904.56,40.67,4.98281
14216.8,13396,69551.3,6953.7,6432,70851.6,28434.9,24.9,4.98281
14237.8,13624,68488.8,7176,6940,67764.6,5715.84,78.85,4.98393
8544.88,8480,66037.4,3082.56,2976,67882.6,12416.8,43.99,4.98616
14670.3,14201,67701.9,6761.82,6493,68249.3,32238.2,27.39,4.98616
20024,19296,68008.4,9446.58,9032,68544.2,20031.2,-40.67,4.98728
16978.9,14013,79407,11463.7,10153,73996.1,41636.4,73.87,4.98728
19920.6,16386,79672.7,14551.7,12694,75126.8,24332.1,60.59,4.99063
7590.84,7565,65759.9,3261.18,3181,67187.9,14876.2,-10.79,4.99175
8046.44,8018,65768.5,3229.98,3190,66357.4,15531.4,-21.58,4.99287
6650.4,6707,64982.9,2949.96,2903,66596.1,26917,35.69,4.99287
14293.6,14077,66544.4,5651.1,5536,66898.6,24849.2,90.47,4.99287
28044.6,23585,77927.9,17894,14981,78279.1,47328.1,92.96,4.99287
12278.1,12195,65982.5,4878.12,4707,67918.5,6435.78,2.49,4.99398
12095.2,11957,66293.3,4359.42,4257,67112.7,21475,25.73,4.99398
14658.8,13913,69048.8,11571.3,10916,69470.2,16093.7,34.86,4.99845
17427.7,14176,80568.8,11086.1,9272,78358.6,45169.8,129.48,4.99845
22304.7,20391,71686.5,11042.5,10023,72201.8,58170.8,95.45,4.99957
13362.7,13072,66993.3,5732.22,5552,67663.3,9918.48,-0.83,4.99957
22389,21305,68870.5,11719.5,11353,67651.6,7632.3,32.37,5.00069
36622.8,29682,80860.8,24400,20550,77813.9,23105.9,110.39,5.00404
13752.3,13365,67435.3,7508.28,7221,68143.3,24253.3,62.25,5.00739
37353.8,25737,95116.6,23551.3,16221,95151.9,41846.2,97.94,5.00851
22848,17672,84731,17799.6,14936,78100.9,36964.2,52.29,5.00962
9931.4,9803,66394.4,4231.5,4175,66422.9,15368.3,34.86,5.01074
12653.4,12449,66612.3,4815.72,4725,66794.3,23265.1,34.03,5.01298
12412,12368,65769.4,3844.62,3812,66096.8,9835.02,-21.58,5.01298
5895.6,5964,64784.4,2113.02,2092,66194.5,9652.5,-22.41,5.01521
16972.1,15929,69827.7,8681.4,7892,72091.3,19125.6,83,5.01856
18743.5,18122,67783.7,8051.94,7849,67230.5,10453.6,21.58,5.02303
14970.9,14110,69534.5,7399.08,6926,70012.4,28869.4,16.6,5.02415
15833.1,14905,69616.9,6807.84,6317,70628.2,27820.3,79.68,5.02638
15696.4,15331,67098.2,6181.5,6087,66553.4,16171,-1.66,5.03197
11668.8,11602,65913.3,5850.78,5794,66178.2,17149.1,27.39,5.03309
17137.4,15885,70702.8,9418.5,8541,72269.2,10354.5,87.15,5.03309
21966,17965,80131.7,10227.4,8921,75132.9,10675.1,29.88,5.0342
7752.68,7785,65263.9,2960.1,2973,65251.6,8408.4,-38.18,5.0342
30056,24406,80707.6,17702.1,14674,79059.9,17830.8,63.91,5.0342
14963.4,14524,67518.7,6544.98,6417,66843,9058.14,3.32,5.0342
12358.3,12105,66907.5,4996.68,4889,66979.4,22261.2,-1.66,5.03644
10446.2,10256,66751.1,4648.8,4516,67463.2,17738,66.4,5.03756
16276.5,15845,67320.6,6364.02,6137,67960.3,11771,11.62,5.03867
13761.8,13417,67220.4,4987.32,4857,67294.4,9320.22,43.99,5.04202
22502.6,21443,68774.3,9551.1,9219,67896.8,14697.5,14.94,5.04202
12490.2,12063,67857.1,4617.6,4347,69615.6,6773.52,10.79,5.04314
13974.7,13926,65765.1,4703.4,4690,65723.3,19226.2,-8.3,5.04314
17164.6,16117,69795.6,9998.82,9125,71811.8,44226,16.6,5.04761
7823.4,7657,66960.2,3841.5,3597,69990.7,201139,69.72,5.04761
37017.2,29213,83043.7,21922.7,17501,82093.9,15699.8,58.93,5.04873
12306,12261,65776.3,4305.6,4261,66222,9991.02,39.84,5.04873
15584.9,15096,67658.5,7555.08,7292,67900.4,39198.1,28.22,5.05096
12272.6,12219,65823.7,4584.06,4543,66128.3,22628.6,12.45,5.05096
27060.6,21040,84289.1,15391,12772,78974.5,29611.9,118.69,5.0532
14510.5,14220,66874.9,5510.7,5345,67567.7,11994.8,29.88,5.05655
15027.3,14704,66977,5373.42,5264,66898.3,9423.18,11.62,5.05878
23155.4,20344,74592.5,10065.1,8824,74753.8,12697.6,0,5.0599
15312.9,14383,69773.2,9975.42,9179,71222.3,8119.8,-1.66,5.06102
19231.1,18209,69214.6,11667.2,11373,67231.5,9664.98,24.07,5.06437
37152.5,27192,89542,23393.8,17932,85497.1,46810.1,92.96,5.06549
11224.1,11025,66719.4,6238.44,6097,67056.3,22482.7,39.01,5.06549
15914.7,15575,66965.5,5928,5815,66809.5,8037.12,-2.49,5.06772
15215,14546,68550.1,8108.1,7810,68037.4,19487.5,-12.45,5.06995
28577.7,21153,88539.1,33216.3,27041,80502.3,69749.2,203.35,5.07219
18215.8,16778,71152.3,11888.8,10794,72182.9,21779.9,19.09,5.07331
7960.08,7838,66556.8,4091.88,3962,67684.4,14868.4,80.51,5.07889
16660,16078,67908.3,8144.76,7895,67609.2,25045,57.27,5.08001
11663.4,11501,66461.2,4230.72,4144,66907.4,23282.2,60.59,5.08113
13610.2,13516,65992.8,5916.3,5752,67408,18910.3,39.84,5.08113
9880.4,9842,65791.7,3923.4,3826,67204.4,8710.26,32.37,5.08113
46859.5,33109,92753.7,37341.7,26753,91474.9,25902.2,118.69,5.08224
12700.4,12434,66939.9,5580.12,5458,67002.3,9812.4,58.93,5.08448
24212.1,19545,81185.1,14462,12505,75792.1,43846.1,123.67,5.08448
12152.3,11509,69199.1,11607.2,10865,70012.7,6387.42,52.29,5.0856
10240.1,9857,68083.3,6331.26,6041,68684.9,34511.9,0,5.08671
17306.7,16758,67681.7,8354.58,8070,67847.1,11754.6,45.65,5.08783
23873.4,19469,80362.1,15335.6,12973,77471.1,15398.8,86.32,5.08783
14577.2,12705,75193.1,9675.9,8613,73623.6,14555.6,0,5.08895
17015,14484,76987.9,13819.3,12496,72475.9,48843.6,32.37,5.09007
17843.2,16057,72826.3,12359.9,10857,74607.8,33913.6,37.35,5.09118
23939.4,17053,92001,26495.8,20489,84749.4,9147.84,62.25,5.09118
13437.5,13318,66124,4876.56,4834,66113,22691.8,37.35,5.0923
20179,16165,81809.5,14391.8,12577,74992.4,36869,106.24,5.09453
13843.4,13694,66251.2,4935.84,4874,66367.5,13717.1,-11.62,5.09565
7711.2,7769,65048.4,2650.44,2628,66095.6,20536.6,-1.66,5.09677
14079.4,13761,67052.4,5756.4,5537,68132.8,8669.7,-1.66,5.09789
16973.5,16373,67939.5,7754.76,7173,70851.2,9967.62,-4.15,5.10124
15170.8,14113,70448.1,8122.92,7457,71388.4,41766.7,6.64,5.10347
25757,23909,70601.6,13276.4,12181,71429.3,9030.06,103.75,5.10347
6222,6265,65086.2,2483.52,2477,65708.5,6963.06,1.66,5.10347
17097.2,15548,72066.2,8081.58,7148,74095.5,18140.5,20.75,5.10682
8298.04,8281,65670.9,3669.12,3613,66554,13058,-2.49,5.10682
15257.8,14816,67490.4,6984.9,6640,68940.1,7958.34,-11.62,5.10682
11996.6,11881,66173.4,4474.08,4441,66024.2,11615.8,17.43,5.10794
9944.32,9988,65249.4,3926.52,3856,66734.5,9825.66,45.65,5.10906
8911.4,8697,67151.6,6052.8,5860,67692.2,6043.44,51.46,5.10906
15270.1,13017,76879.5,9140.82,8269,72445.6,34408.1,56.44,5.11018
18351.2,16823,71489.1,8236.8,7399,72956.7,21272.2,39.01,5.11129
16432.9,15652,68805.6,7765.68,6984,72871.1,28557.4,46.48,5.11129
16640.3,16264,67052.2,6466.98,6380,66429.5,8909.94,-4.98,5.118
15993.6,14291,73343.8,10416.1,9443,72289.6,7351.5,14.11,5.118
8338.16,7511,72753.2,6669,6275,69650.9,13922.2,65.57,5.118
16673.6,15624,69938.6,8689.2,8092,70372.6,13972.9,34.03,5.11911
18349.1,17555,68500.6,10435.6,10163,67294,25911.6,53.12,5.12023
11610.3,11320,67216.8,5394.48,5276,67007.7,6457.62,40.67,5.12135
16286.7,12545,85082.8,8129.16,6425,82918.7,16449.4,29.88,5.12358
9775,9776,65529.3,3756.48,3680,66898,16448.6,13.28,5.12582
12207.4,11892,67273.9,6338.28,6112,67962.3,24871.1,-2.49,5.12693
6496.72,6601,64500.7,2805.66,2804,65574.8,8484.06,7.47,5.12693
17148.9,16345,68759.4,7865.52,7332,70304.8,20599.8,-20.75,5.12917
9836.88,9775,65950.9,3956.94,3887,66715.2,21942.2,14.94,5.12917
17945.2,15029,78252.5,16600,15137,71869.9,29343.6,90.47,5.13029
6237.64,6283,65062.9,3039.66,3003,66336.1,29902.9,45.65,5.13587
16486.6,15994,67554.4,7466.94,7214,67833.9,13015.9,21.58,5.13922
7576.56,7660,64822.1,3556.02,3544,65758.3,12657.8,24.07,5.13922
18549,18215,66737.9,6227.52,6023,67761.4,20065.5,2.49,5.14146
15981.4,14372,72874.6,7909.2,7220,71791.9,18388.5,3.32,5.14593
18642.2,18035,67742.5,7148.7,6903,67868.6,22656.7,78.02,5.14928
14775.7,14269,67863.3,7325.76,7152,67128.2,8918.52,-12.45,5.15151
18259.4,17385,68832.1,6771.18,6537,67883.7,9852.96,50.63,5.15375
35530,27392,85006.4,20515.6,15840,84880.5,47822.6,137.78,5.15375
14839,14652,66372.2,5874.18,5829,66044,11411.4,48.14,5.15375
15584.9,15440,66151.1,4720.56,4652,66501.9,6121.44,48.14,5.15598
10230.6,10214,65642.5,4112.16,4098,65762.4,19136.5,27.39,5.15598
17319.6,16369,69341.9,10381,9489,71696.8,39592.8,99.6,5.15822
26788.6,21236,82671.8,16440.1,13800,78073.6,18375.2,86.32,5.15933
10686.9,10273,68176.3,5952.18,5789,67383.3,19255.9,21.58,5.16045
15909.3,15161,68770.6,8622.9,8253,68473.3,38269.9,31.54,5.16045
12407.3,11556,70363.8,7414.68,6772,71755.5,22928.1,47.31,5.16045
13525.2,13437,65966.2,6274.32,6109,67309.5,17653.7,41.5,5.16157
16088.8,15777,66831.2,5369.52,5177,67973.1,7231.38,-11.62,5.16157
18052.6,15557,76049.2,14426.9,13117,72080.5,18879.1,53.12,5.16268
9101.12,9124,65371.7,3714.36,3696,65861.5,5839.08,21.58,5.1638
37668.6,23653,104369,32292,21157,100028,11555.7,141.93,5.16492
11520.6,11430,66055.3,3949.92,3906,66272.9,11606.4,63.08,5.16604
32662.4,24873,86059.8,22489,18537,79507.8,22693.3,118.69,5.16604
7450.76,7443,65604.3,3556.02,3488,66814,7658.04,2.49,5.16715
14924,14765,66241.6,3398.46,3389,65718.9,5995.86,29.05,5.16939
14484,14326,66258.8,5504.46,5462,66045.5,6059.04,16.6,5.17274
12858.1,12458,67640.9,5942.82,5742,67828,18026.6,26.56,5.17721
55725.3,36776,99304.3,61346.2,42053,95602.8,6668.22,177.62,5.17721
17425.7,16648,68597.4,6872.58,6600,68242.6,8424,4.15,5.17833
15002.8,14909,65948.5,7592.52,7469,66619.8,18980.5,14.94,5.17833
14154.9,12069,76862.6,8752.38,7477,76714.7,66656.5,58.1,5.18056
11195.5,11175,65656.3,4183.92,4179,65613.2,5716.62,29.88,5.18503
17444,16676,68554.4,9547.2,9024,69335.7,6451.38,70.55,5.18726
39975.2,31397,83441.5,27408.4,21765,82528.8,43397.6,61.42,5.19062
20063.4,17772,73985.8,11996.4,11052,71136.1,11731.2,52.29,5.19285
10672.6,9741,71803.7,8455.2,7872,70391.3,18043,11.62,5.19397
9902.16,9945,65253.7,3294.72,3277,65890.4,7527.78,-2.49,5.1962
11451.2,11412,65761.1,4654.26,4580,66598.6,7858.5,72.21,5.19955
11233.6,11009,66873,5790.72,5617,67562.9,18170.9,58.93,5.20179
16488.6,14105,76611.1,10087,8473,78019.5,35081.3,19.09,5.2029
36692.8,22526,106752,17288.7,11438,99058.6,7516.08,41.5,5.20514
8333.4,8133,67150.8,6431.1,6145,68587.2,14226.4,-0.83,5.20737
13793.1,13456,67177.9,5567.64,5192,70277.5,27222,68.89,5.20849
8553.72,8137,68892.3,5166.72,4873,69486.2,11726.5,24.07,5.20849
27077.6,20909,84870.5,15544.6,11312,90057.7,39375.2,81.34,5.21073
17310.8,15910,71306,10195.4,9302,71830.2,52038.5,83.83,5.21296
7341.96,7456,64533.6,3609.84,3552,66603.2,11646.2,9.13,5.21408
9004.56,9179,64290.5,2874.3,2859,65886.7,7551.18,-2.49,5.21408
24393.6,23472,68109.3,7234.5,6764,70094.6,16741.1,24.9,5.21519
20153.2,18929,69774.3,8489.52,7897,70453.2,11037.8,46.48,5.21631
15164,14971,66380.9,4625.4,4527,66960.5,34932.3,49.8,5.21743
9792,9839,65222.9,3670.68,3631,66252.2,24330.5,16.6,5.21966
5924.84,5996,64758.2,2963.22,2924,66415,13491.7,23.24,5.22301
10495.1,10553,65176.6,4090.32,4025,66599.6,5654.22,18.26,5.22748
5208.12,5385,63383.4,2378.22,2372,65707.9,17920.5,-25.73,5.2286
23221.3,22617,67287.1,8639.28,8162,69368.3,7445.1,-6.64,5.2286
11662,11718,65222.8,4318.86,4274,66223.9,15291.9,-33.2,5.22972
21980.3,13208,109063,10487.1,6184,111139,32201.5,33.2,5.23307
27040.2,18959,93470.5,17833.1,11919,98054.6,55844.1,47.31,5.2353
15268,14581,68624,8982.48,8581,68602.2,35125.7,44.82,5.23754
41658.8,30816,88595.3,44890.6,36348,80938.4,28355.3,169.32,5.24089
7365.76,7296,66162.6,3090.36,3044,66534.1,14036.1,5.81,5.24089
16298.9,15301,69810.2,8707.92,7949,71793,24612.9,91.3,5.24201
12870.4,12748,66165,4329,4300,65978,10186.8,0.83,5.24201
13715.6,13412,67019.5,6076.98,5936,67092.5,19525,74.7,5.24312
10244.9,10132,66266.1,4412.46,4356,66385.4,7509.84,33.2,5.24424
28364.8,20069,92626.4,7900.62,5629,91983.5,21716,58.93,5.24424
16214.6,15874,66942.2,6477.9,6374,66604.3,13777.1,58.93,5.24536
10365.2,10219,66473.9,5471.7,5407,66320.2,14606.3,-18.26,5.24536
19996.8,19376,67635.6,7146.36,7012,66791.8,11671.1,59.76,5.24536
11853.1,11857,65514.3,4274.4,4237,66114.5,7063.68,13.28,5.24536
30251.8,21164,93677.2,25153.4,18769,87828.6,9275.76,161.02,5.25206
9735.56,9707,65728.8,4752.54,4703,66226.3,34642.1,-3.32,5.2543
14768.9,14614,66230.7,4417.14,4374,66182.4,17145.2,16.6,5.25653
15316.3,15012,66864.5,5916.3,5796,66896.2,15583.6,-3.32,5.25765
12707.2,12323,67579,5588.7,5431,67439,9655.62,12.45,5.25988
17307.4,15363,73830.3,10224.2,9299,72056.8,19544.5,82.17,5.25988
22535.2,21629,68281.8,8724.3,8496,67297,7736.82,55.61,5.25988
7769.68,7724,65923.6,2734.68,2725,65768.8,5596.5,43.99,5.26212
5654.88,5656,65523,2597.4,2572,66183.2,9096.36,18.26,5.26323
22153.7,20888,69507.2,8992.62,8705,67701.4,25874.2,51.46,5.26435
21730.1,18035,78963.3,16506.4,14711,73534.1,24559.9,37.35,5.26547
14176,13964,66530.8,4732.26,4723,65664.5,6268.08,-11.62,5.26547
12293,12161,66247.6,4801.68,4753,66207.2,15798.1,4.98,5.26882
15633.9,15484,66170.4,6037.2,5973,66240.4,20918.8,72.21,5.26882
37023.3,27182,89263.4,21026.5,16202,85050.6,13483.9,65.57,5.27217
52039.7,37681,90509.1,20805.7,15553,87669.5,47179.9,122.01,5.27441
64774.8,42874,99012.9,52940.2,36782,94325.7,51786.5,221.61,5.27552
15144.3,15177,65394.7,6560.58,6532,65822.7,44591,63.91,5.27552
11668.8,11488,66567.4,5119.92,5052,66417.1,9877.14,-7.47,5.27776
14598.9,14405,66418.3,5369.52,5257,66938.7,21045.2,99.6,5.28223
17900.3,16157,72607.3,11221.9,10041,73243.3,22488.2,81.34,5.28781
14098.4,13959,66190.7,5062.2,4995,66417.7,21677.8,86.32,5.29117
35205,28113,82068.5,21524.9,17313,81479.5,50321.7,166.83,5.2934
19904.3,19277,67668.6,5573.88,5117,71387.5,18701.3,21.58,5.29787
7363.04,7409,65129.5,2935.14,2917,65943.5,13657,23.24,5.3001
19464.3,19388,65794,5925.66,5916,65643,27128.4,-12.45,5.30122
10849.4,10712,66376.6,5259.54,5164,66748.5,33373.9,16.6,5.30234
12134.6,11105,71612.2,5326.62,4833,72229.5,10328.8,2.49,5.30234
17425,14320,79746.1,12989.3,11744,72485.5,5789.16,11.62,5.30345
15751.5,14618,70617.9,11515.9,9882,76371.9,30349.8,43.99,5.30345
13727.8,12921,69628.3,8462.22,7881,70369.2,32716.3,10.79,5.30457
6498.08,6624,64290.2,2962.44,2940,66036.2,11193,-15.77,5.30569
13844.1,12828,70727.2,6699.42,6284,69868.4,40892.3,20.75,5.30569
12785.4,12628,66352.7,5571.54,5516,66195.9,37915.8,54.78,5.30681
13398.7,13185,66598.3,4974.06,4945,65921.1,12372.4,50.63,5.30792
8138.24,8086,65959.4,4433.52,4342,66917.4,11240.6,21.58,5.31016
11968,11629,67446.5,5233.02,4889,70147.5,14426.1,12.45,5.31239
10940.5,10944,65515.2,3550.56,3412,68197.4,17156.1,-8.3,5.31239
16509.7,16073,67316.7,6773.52,6653,66723.2,25536.4,65.57,5.31351
21024.9,17140,80390.3,16461.9,13620,79210.5,23314.2,64.74,5.31463
17163.9,16645,67579,6094.92,5877,67966.1,20780.8,68.06,5.31463
11365.5,11144,66838.7,5144.88,5000,67435,18241.9,80.51,5.31574
8772,8761,65618.3,4204.98,4180,65927.7,6695.52,50.63,5.31686
10272.1,10293,65402.8,3661.32,3649,65757.3,7669.74,18.26,5.31798
7399.76,7416,65392.5,3173.04,3176,65474.9,16724.8,-9.13,5.3191
14613.9,14001,68404.8,8393.58,8097,67936.5,17316.8,84.66,5.3191
11862.6,11745,66192.2,4976.4,4889,66707.6,11972.2,27.39,5.3191
19953.9,19597,66729.6,6346.86,6288,66149.5,6888.96,37.35,5.32021
16768.8,16301,67416.7,9040.98,8608,68832.4,41580.2,209.99,5.32021
10060.6,10032,65722.8,3099.72,3088,65784.7,8073.78,34.03,5.32133
9980.36,9981,65531.8,2764.32,2720,66603.8,8009.04,12.45,5.32245
14348.7,13244,71002.4,8686.08,8300,68584.5,29450.5,19.92,5.32245
18695.2,17652,69409.2,11026.9,10640,67918.8,20707.4,53.95,5.32468
21700.2,19037,74704.1,13327.1,11712,74573.4,50820.9,-11.62,5.32692
30153.9,25197,78428.7,16231.8,13869,76701.1,41559.2,113.71,5.32803
21242.5,20605,67563.7,11182.9,10461,70058.3,28991,76.36,5.32915
15350.3,14005,71831.4,9396.66,8817,69844.6,38950.1,64.74,5.32915
12894.8,12045,70159.9,7306.26,6633,72188,12171.1,-5.81,5.32915
11260.8,11132,66294.3,4127.76,4060,66629.8,9300.72,40.67,5.33027
15280.3,12224,81921.5,12817.7,10792,77837.6,83497.4,18.26,5.33027
16369.6,15600,68769.3,10219.6,9664,69303.5,7037.94,59.76,5.33139
10512.8,10420,66119.7,5024.76,4912,67040.5,9812.4,36.52,5.3325
9768.88,9273,69040.6,6413.16,6013,69897.4,16851.1,10.79,5.33585
14356.8,14196,66278.5,5632.38,5584,66103.8,11302.2,9.96,5.33585
23684.4,19480,79680.7,13170.3,11260,76654.4,41432.8,-1.66,5.33585
16481.2,16064,67237.9,5893.68,5800,66594.5,5692.44,27.39,5.33697
14526.8,14162,67224.3,9180.6,8978,67014.9,9551.1,63.91,5.33697
22769.8,19005,78518.4,12040.9,10349,76249.9,32603.2,206.67,5.33809
36711.8,30433,79057.2,25176.8,21453,76911.8,32083,75.53,5.33809
31328.3,23988,85589.9,18987.5,14864,83716.9,36029.8,102.09,5.33921
13918.2,13912,65565.4,4652.7,4513,67564.7,26353.1,13.28,5.34032
30023.4,21825,90154,21244.9,16885,82458,12809.2,74.7,5.3515
14010,12855,71424.5,8583.12,7831,71830.3,33997.1,16.6,5.35261
11137.7,10618,68743.8,7420.14,6906,70415,25304.8,68.06,5.35261
12541.9,12033,68307.8,8568.3,8017,70042.7,7498.92,-10.79,5.35261
105888,69562,99759.8,76238,43354,115245,89827.1,412.51,5.35373
26703.6,18861,92786.5,24127,19049,83006.2,23176.1,126.99,5.35373
13937.3,13875,65830.2,5461.56,5415,66099.5,8437.26,24.9,5.35485
15992.2,15351,68273.6,9388.08,9107,67558.7,28345.2,-13.28,5.36825
16707.6,16525,66260.2,5494.32,5248,68612,13877.8,39.84,5.36825
6193.44,6249,64953.3,2850.9,2793,66894.6,9778.08,43.16,5.36937
21288.1,18309,76199.4,13556.4,11577,76741.1,14942.5,87.98,5.36937
13173.6,13112,65844.1,4073.94,4076,65502.9,8249.28,53.95,5.37049
14025,13453,68322.5,7013.76,6745,68147.3,9857.64,34.86,5.37272
13112.4,12825,67004.8,6387.42,6205,67462.7,8338.98,19.09,5.38054
12775.2,12728,65778.8,2778.36,2753,66139.7,6622.2,4.98,5.38166
15512.2,15206,66855.5,6738.42,6626,66647.9,16624.1,74.7,5.38278
17460.4,16620,68849.7,8776.56,8380,68637.3,12816.2,6.64,5.38725
13164.1,12685,68011.3,6339.06,6157,67473.9,28789,39.01,5.38948
7849.92,7788,66057.1,3708.9,3628,66997.4,15597.7,29.05,5.3906
28933.3,21539,88034.4,23249.5,19559,77901.6,33366.1,58.1,5.3906
28050.7,24022,76526.9,23230.7,20262,75138.2,18262.9,24.9,5.39172
16181.3,16073,65977.5,4914.78,4905,65666.7,6606.6,59.76,5.39395
9739.64,9925,64312,3207.36,3185,65996.1,18038.3,63.08,5.39507
18428.7,18217,66297.5,5350.02,5289,66292.1,15213.9,94.62,5.3973
5874.52,5947,64737.3,2768.22,2767,65564.9,23226.1,-20.75,5.3973
12361,12265,66049.2,6370.26,6121,68204.8,9707.88,59.76,5.3973
10525,10492,65742.4,4628.52,4552,66637.7,8830.38,-15.77,5.40065
9150.76,9123,65735.4,4339.14,4259,66769.2,10799.9,12.45,5.40177
6181.88,6210,65239.2,2708.94,2658,66792,14178.8,31.54,5.40177
30158,23325,84734.6,22053.7,16925,85395.1,69877.9,111.22,5.40512
15193.2,14748,67514.5,6417.84,6341,66330.2,8116.68,28.22,5.40512
19669,16935,76116.2,9568.26,8471,74025,35262.2,65.57,5.40624
6003.72,6105,64448.8,2890.68,2877,65847.6,6150.3,-29.88,5.40736
19021,17098,72906.6,12883.3,11722,72028.4,32466.7,29.05,5.40959
10351,9384,72289.1,9767.16,8908,71856.8,15917.5,39.01,5.41183
16645,13832,78864.2,12434.8,10248,79520.3,49120.5,95.45,5.41183
9913.72,9905,65593.7,3616.08,3573,66326.2,10350.6,72.21,5.41294
12170,11092,71905,7593.3,6976,71335.2,67875.6,58.93,5.41518
12061.8,12205,64767.3,3588.78,3565,65973.1,18922,-1.66,5.41518
13695.9,13542,66280.7,5084.04,5030,66240.1,16932.2,-2.49,5.41518
19729.5,18557,69676.9,12256.1,11885,67582.5,6274.32,4.15,5.41629
11435.6,11369,65919.7,4793.1,4717,66593.3,26355.4,-37.35,5.41629
16078.6,14121,74621.3,8383.44,7492,73333.8,20620.1,43.99,5.41965
16575.7,16301,66640.3,5306.34,5197,66914.8,29715.7,58.1,5.42076
27940.5,23284,78642.4,13732.7,10388,86637,35898.7,122.01,5.42188
10612.8,10497,66258.7,4125.42,4005,67506.5,11583.8,-27.39,5.42188
20468.7,19508,68763.3,11809.2,10976,70510.9,41908.6,62.25,5.42635
8724.4,8704,65689.6,3095.04,3024,67075.6,8791.38,14.11,5.42635
11254,11189,65916.7,3673.8,3609,66712.7,8343.66,-29.05,5.42635
20242.2,19204,69079.1,8259.42,7968,67932.9,17116.3,64.74,5.42747
21433.6,20393,68880.1,9305.4,8349,73043.3,50105.6,97.94,5.42747
10188.4,10137,65868.6,4457.7,4388,66577,6742.32,39.01,5.42858
14097.8,13372,69092.9,6402.24,5912,70970.4,10338.9,33.2,5.4297
16925.2,16197,68482.4,9314.76,8945,68245.1,20183.3,62.25,5.4297
13706.1,13441,66828.5,5311.02,5249,66310.3,6212.7,11.62,5.43082
10013.7,9617,68239.2,6500.52,6073,70149.5,7586.28,24.07,5.43082
11837.4,11815,65660.5,4590.3,4515,66629,18496.1,-30.71,5.43194
19958.7,17335,75455,8972.34,7799,75395.7,11437.9,14.11,5.43305
15585.6,15398,66334.5,4871.1,4822,66203.3,14052.5,62.25,5.43305
10559.7,6658,103941,4058.34,2450,108558,6034.08,24.9,5.43529
19372.5,17911,70883.7,7979.4,7367,70983.8,37922.8,51.46,5.4364
15113.7,14205,69728.3,7994.22,7373,71057.8,16899.5,53.95,5.43864
7322.24,7445,64455.4,2995.98,2977,65953.8,14953.4,5.81,5.43976
8931.12,8848,66151.7,3363.36,3300,66794.3,9036.3,16.6,5.44087
21993.9,20773,69387.8,8826.48,8397,68888,10946.5,38.18,5.44199
19626.8,18944,67898.3,9900.54,9320,69618.2,18535.1,84.66,5.44311
13311.7,12835,67969.9,7330.44,6979,68836.2,27250.1,32.37,5.44422
17153,16506,68104.9,8880.3,8570,67908.9,14560.3,43.99,5.44646
9520,9489,65750.1,4054.44,3945,67354.1,9012.9,13.28,5.44758
19298.4,18473,68464.3,9170.46,8372,71786.4,7204.08,-7.47,5.45093
23851.7,16084,97186.3,26942,22028,80155.7,30451.2,47.31,5.45316
12651.4,12501,66324.5,5408.52,5357,66166.3,32391.1,29.05,5.45428
12052.3,12049,65554.1,2591.94,2605,65207.4,12962,16.6,5.46098
13715.6,13705,65586.7,4032.6,4004,66004.1,8285.16,-4.98,5.4621
16640.3,16340,66740.4,5545.8,5296,68627.2,12302.2,81.34,5.46322
19108.7,18564,67458.9,6998.94,6826,67196.4,13685.9,76.36,5.46545
13572.1,13384,66457.1,5560.62,5429,67124.8,16892.5,-19.09,5.46769
7630.96,7732,64679.6,2886,2884,65581.4,34420.6,68.89,5.46769
12406.6,12382,65666.2,4301.7,4266,66084.4,8849.88,-7.47,5.47104
12930.9,12881,65789.8,5477.16,5421,66214.9,39649,23.24,5.47216
9047.4,9164,64702.1,2995.2,2977,65936.7,10526.1,63.08,5.47439
14137.9,14180,65341.3,6372.6,6288,66417.7,12435.5,20.75,5.47439
34406,24207,93147.8,22318.9,16892,86590.9,37545.3,109.56,5.47662
10895.6,10044,71092.9,7911.54,7368,70370.6,18152.2,51.46,5.47998
37222.5,27471,88799.6,24853.1,19227,84712.9,17294.9,73.87,5.47998
13199.5,12945,66824.3,6449.04,6309,66990.7,7946.64,28.22,5.48109
10837.2,10693,66419.5,4300.92,4197,67158.7,40191.1,6.64,5.48221
20792.4,19721,69096.3,11491,10964,68685.8,5633.94,6.64,5.48333
17675.2,17360,66726.1,4812.6,4772,66093.6,29489.5,19.92,5.48333
14230.4,14029,66476.6,5103.54,5024,66573.6,5617.56,43.16,5.48444
8616.28,8704,64875.5,3576.3,3532,66358,23837.6,-14.94,5.48444
16868.1,16405,67386,6764.94,6645,66718.9,24486.5,20.75,5.48556
16692,16026,68259.4,9178.26,8654,69506.2,43099.7,-47.31,5.48891
19520.1,15873,80594,16579.7,14321,75872.2,5917.08,-9.13,5.49003
17555.6,16224,70914.8,10103.3,9368,70680.2,26918.6,33.2,5.49003
30758.4,19472,103522,31986.2,21504,97481.9,94029.8,126.16,5.49115
20989.6,18336,75020.3,10825.6,9300,76286.9,59604.5,69.72,5.49227
10867.1,10384,68584.8,7651.8,7296,68732,14411.3,28.22,5.49227
7114.84,7197,64787.8,2894.58,2861,66305.2,10616.6,44.82,5.49338
29323.6,24581,78180.5,16937.7,14897,74513.6,42049.8,87.15,5.49785
72001.8,45688,103281,47440.4,31784,97818.2,43015.4,186.75,5.49785
53809.1,39868,88452.7,32816.9,24552,87597.4,5917.08,118.69,5.49785
17936.4,15321,76723.3,13314.6,11753,74243.6,14139.8,11.62,5.50009
19331,17941,70613.6,11227.3,10581,69539.1,34828.6,71.38,5.50232
10724.3,10667,65887.9,4634.76,4591,66160.7,16976.7,34.86,5.50567
13015.2,13008,65572.3,4953.78,4948,65612.6,8557.38,34.03,5.50567
20133.4,17633,74829.3,9104.16,7717,77316.3,10479.3,54.78,5.50902
30438.8,23325,85523.7,19727.8,15968,80966.8,10487.1,101.26,5.50902
9489.4,9424,65990.8,5828.16,5708,66915.6,6654.96,9.96,5.51126
10875.9,9269,76897.6,8938.8,7909,74069.2,27062.1,65.57,5.51238
12010.8,11780,66820.2,5421,5196,68373.9,19790.9,12.45,5.51684
14577.2,14295,66829.6,4740.84,4663,66630,8502.78,28.22,5.51796
12579.3,12165,67768,6170.58,5853,69091.9,12688.3,4.15,5.5202
15078.3,14475,68267.5,6926.4,6747,67278.6,9945,18.26,5.52131
7278.72,7333,65050.9,2830.62,2785,66609.5,8682.96,-3.32,5.52243
31330.3,26065,78774.7,12448,10805,75501.5,34987.7,60.59,5.52243
15278.2,14769,67795.7,7665.84,7521,66798.1,21982,-24.9,5.52243
11721.2,11569,66398,5038.02,4981,66286.2,20630.2,2.49,5.52466
20361.2,19626,67991.2,7415.46,7198,67515.9,25577,46.48,5.52913
12093.1,12009,65995.1,4063.8,4061,65581.2,7374.12,29.05,5.53025
12295.1,12062,66802.4,5008.38,4906,66903.6,13547,2.49,5.53249
17163.9,16828,66844.1,6039.54,5836,67821.7,7089.42,-22.41,5.53249
10078.3,9949,66387.6,3749.46,3725,65966.3,20112.3,-49.8,5.5336
11829.3,10628,72943.5,7227.48,6704,70653.4,13827.8,94.62,5.53472
14275.2,14016,66748.2,5268.9,5096,67759.5,14428.4,10.79,5.53584
22350.9,19249,76096.9,7643.22,6609,75791.5,57245,49.8,5.53584
12340.6,12244,66053.3,4719.78,4596,67301,9083.1,8.3,5.54142
14983.1,14773,66468.1,6423.3,6341,66386.6,13181.2,72.21,5.54254
23810.2,19792,78841.2,18522.7,16348,74253.8,11095.5,28.22,5.54366
13236.9,12112,71622.5,7353.84,6756,71335.3,13165.6,-8.3,5.54477
12149.6,11380,69967.8,9885.72,9056,71540.5,42853.2,48.14,5.54589
27344.2,19348,92620.8,19901.7,15296,85269.2,58507.8,69.72,5.54589
44449.6,33153,87866.7,32348.9,26393,80325.1,24685.4,120.35,5.54589
14419.4,14384,65697.3,3499.08,3472,66047.1,8902.14,3.32,5.54813
29195.1,21709,88135.4,27454.4,22992,78255.7,6520.8,66.4,5.55148
16788.5,15327,71785.3,7324.98,6655,72133.7,18143.6,54.78,5.5526
13674.1,12893,69506.5,8629.92,8189,69064.6,18745,19.09,5.55371
15919.5,15384,67817.2,8028.54,7845,67069.3,24772.8,57.27,5.55371
12774.5,12741,65708.2,4345.38,4325,65844.8,23838.4,16.6,5.55595
6462.72,6549,64672.6,2567.76,2529,66540.4,8218.86,18.26,5.55595
7025.08,7164,64265.2,2961.66,2949,65817.3,8906.82,41.5,5.5593
8591.12,8632,65225.6,3169.92,3144,66076.3,23524.8,24.9,5.56042
9166.4,9204,65268.3,3651.96,3640,65751.3,6025.5,14.94,5.56265
11079.9,10950,66313.6,6080.1,5878,67789.3,8962.98,6.64,5.56377
25164.8,23988,68750.9,17369,16916,67291.2,32062.7,24.07,5.56488
14605.7,14540,65832.2,4849.26,4785,66416.1,8916.96,13.28,5.56824
10566.5,10057,68856.3,7244.64,6932,68491.7,41247.2,41.5,5.56824
9745.76,9380,68091.5,4551.3,4260,70017.4,9906.78,-42.33,5.56935
15044.3,14716,66998.1,5587.92,5416,67616.3,28066,-13.28,5.56935
13241,12706,68295.3,7081.62,6850,67752,9359.22,-16.6,5.57047
23604.2,22304,69356.3,10867.7,10424,68325.8,37782.4,110.39,5.57047
14690,14575,66053.3,4771.26,4699,66543.8,28913,80.51,5.57271
7354.88,7144,67470.5,4541.94,4369,68130.1,22464,9.96,5.57717
18451.8,18037,67043.1,7468.5,7349,66601.7,17728.6,37.35,5.57717
16256.8,15904,66989.6,6736.08,6612,66765.8,12469.1,63.08,5.57829
11513.1,10828,69682.4,8601.06,7877,71560.1,6934.2,42.33,5.57829
20275.6,19285,68902.2,11288.9,10781,68623.7,25967.8,24.07,5.57829
10988.8,10805,66650.8,5088.72,5057,65947.1,8173.62,14.11,5.58276
15009.6,14689,66966.6,6666.66,6497,67247.4,31236.7,9.96,5.58388
14756.7,14321,67529.8,8122.14,7677,69336,7867.86,14.94,5.58499
17743.9,16225,71671.2,9172.02,8413,71448.6,20242.6,27.39,5.58499
6195.48,6303,64418.1,2661.36,2687,64910.6,7322.64,16.6,5.58611
25318.4,23700,70011.4,16033.7,15296,68696.6,7799.22,75.53,5.58723
11743.6,11688,65847.8,4137.12,4088,66323.4,10390.4,-5.81,5.58835
15722.3,15555,66240.8,5970.9,5859,66787.7,18406.4,30.71,5.5917
16911.6,14417,76875.8,11717.2,10601,72436.2,6988.8,11.62,5.59282
15302.7,15261,65715.2,5009.16,4960,66185.5,19669.3,-3.32,5.59393
15995.6,15644,67009.1,6438.12,6241,67605.9,38152.1,-6.64,5.59393
17187.7,16892,66683.2,6764.94,6593,67245.1,27682.2,-34.86,5.59393
17204,17021,66240.6,8851.44,8592,67514.9,10675.9,28.22,5.59617
27548.2,20867,86519.2,25473.2,19971,83591.9,8454.42,73.87,5.59617
8993.68,9085,64877.3,3787.68,3792,65461.3,27995,8.3,5.59617
15420.4,15093,66957.4,6821.88,6721,66519.7,20932.9,87.98,5.59728
5436.6,5521,64534.2,3024.84,2997,66144.8,13714,-2.49,5.5984
24544.6,21592,74497.7,14327.8,12524,74975.1,24339.1,12.45,5.60064
11814.3,12024,64393.2,3407.04,3432,65059.4,29105.7,5.81,5.60064
6019.36,6097,64701.5,2887.56,2857,66237,6246.24,33.2,5.60399
10516.9,10493,65685.1,12684.4,5408,153713,7682.22,43.16,5.60399
10576,10376,66799.5,4856.28,4792,66415.1,6725.16,45.65,5.6051
28537.6,16494,113389,15376.1,8010,125804,23378.9,82.17,5.6051
18600,18181,67046.5,7629.18,7569,66057.1,24703.4,42.33,5.60622
14562.2,13615,70095.4,10165,9407,70816.5,36872.2,90.47,5.60846
16807.6,16213,67939.3,6333.6,6117,67856.6,32615.7,40.67,5.60846
14848.5,13600,71552.2,11456.6,10396,72222.2,14731.1,61.42,5.61516
14964.1,14584,67244,6720.48,6568,67057.5,12983.9,9.96,5.61628
13696.6,13578,66108.3,4763.46,4734,65943.8,15047,30.71,5.61739
9957.24,9712,67190.9,6212.7,6072,67054.6,14313.8,14.11,5.62298
11830,11805,65674.6,5300.1,5184,67003.7,7404.54,36.52,5.62298
34726.2,27222,83602.2,38174.8,28738,87056.2,104201,152.72,5.6241
8826.4,8720,66335.7,4659.72,4556,67028,7066.8,-4.15,5.62521
6917.64,6956,65174.6,2699.58,2673,66187.7,18734.8,15.77,5.62521
17316.9,16652,68152.7,14334.1,13484,69667.5,76333.1,83,5.62968
11770.1,11813,65298.1,4186.26,4177,65681.3,47505.1,73.87,5.63304
11780.3,11805,65399,4548.18,4544,65596.3,7456.02,68.89,5.63304
12386.2,12273,66140.5,4563.78,4409,67836.7,20818.2,24.9,5.63304
18245.8,17900,66801.9,5669.82,5589,66483.7,5982.6,88.81,5.63527
7023.04,7120,64643.5,3151.98,3136,65870,11101.7,-32.37,5.63639
13426.6,13376,65783.9,4038.06,3952,66963.1,18680.2,-12.45,5.64197
11729.3,11721,65582.5,4386.72,4377,65681.5,15388.6,12.45,5.64421
19437.8,17509,72755.5,10363.9,9301,73025,13648.4,75.53,5.64868
21973.5,19007,75764.5,16132,14299,73936.9,15805.9,30.71,5.64868
16619.2,15316,71112.3,12118.1,11392,69713,16303.6,30.71,5.64868
13132.2,12832,67069,7332.78,7100,67684.7,20967.2,65.57,5.65091
18783,17592,69972.7,11140.7,10664,68465.8,28852.2,93.79,5.65203
11584.5,11023,68874.2,7144.8,6923,67635.6,13360.6,2.49,5.65538
29867,20929,93523.9,23763.5,17277,90140.8,12218.7,88.81,5.65538
28617.8,25616,73215.8,21415.7,20196,69493.9,8562.06,15.77,5.65538
11623.2,11312,67339.2,8537.1,8220,68064.2,24693.2,-29.05,5.6565
10042.2,9429,69798.3,6950.58,6393,71251.9,6789.9,16.6,5.65761
11951,11936,65618.4,4399.2,4316,66799.3,6055.14,-34.03,5.65985
19182.8,18256,68863.1,10124.4,9772,67899.4,9831.9,-5.81,5.66097
12897.6,12752,66284.1,4253.34,4176,66749.7,6954.48,30.71,5.6632
9427.52,9343,66128.9,3842.28,3819,65935.5,10427.8,7.47,5.6632
18098.2,17388,68212.8,8187.66,7784,68934.5,9563.58,10.79,5.6632
8143,8208,65017,2692.56,2720,64874.9,9609.6,3.32,5.6632
17191.8,15858,71048,8695.44,7970,71501.2,13146.9,34.03,5.66432
14187.5,13901,66886.8,6126.9,5997,66955.6,10115,-47.31,5.66543
26599.6,20796,83825.2,16589,13669,79536.1,23371.9,103.75,5.66767
12223.7,12195,65690.1,3956.16,3959,65489,28412.3,34.86,5.66879
14078.7,13301,69367.9,5069.22,4681,70971.2,31068.2,27.39,5.67325
15566.6,15153,67324.6,7650.24,7489,66947,16933.8,25.73,5.67437
18385.8,17120,70381.7,9309.3,8924,68365.6,14940.9,26.56,5.67437
5637.88,5828,63398.1,2347.8,2340,65754.4,19244.9,0.83,5.67437
9562.84,9604,65255.1,4213.56,4164,66316,19519.5,-3.32,5.67661
11184.6,10239,71588.7,6513,5947,71773.3,13370.8,87.98,5.67996
18139.7,16048,74077.9,10736.7,9820,71653.8,33877,39.01,5.67996
15867.1,15412,67471.3,6755.58,6532,67779.2,18133.4,77.19,5.68108
14250.8,13629,68525.8,6689.28,6192,70799.2,39281.6,38.18,5.68331
18986.3,18612,66853.9,7264.92,7152,66570.7,27954.4,57.27,5.68443
22937.1,21160,71039.9,26338.3,24920,69265.8,36821.5,150.23,5.68666
18334.2,16905,71076.5,10859.9,9604,74106.3,46050.4,56.44,5.6889
15037.5,14559,67690,9225.84,8655,69858.4,24726,-0.83,5.6889
37709.4,29453,83907.4,36842.5,31824,75870.8,48369.4,200.86,5.6889
10480.2,9696,70836.2,6382.74,5892,70994.4,30694.6,96.28,5.69001
8349.72,8250,66328.2,3832.92,3774,66559.2,13441.7,39.84,5.69001
13493.9,13441,65794,4494.36,4489,65614.3,6842.94,18.26,5.69113
13923,13592,67132,6569.94,6433,66931.1,19754.3,76.36,5.69113
8903.24,8547,68267.5,8033.22,7632,68981.3,25930.3,12.45,5.69225
14263.7,14304,65351.3,4527.9,4532,65476.7,51487.8,24.07,5.69225
10207.5,10245,65296,2723.76,2733,65314.4,23070.8,18.26,5.69337
12197.2,12287,65056.8,3611.4,3515,67333.3,5962.32,34.86,5.69337
13643.5,13392,66766.9,5340.66,5220,67050.9,15442.4,-24.9,5.69448
16190.1,16091,65939.7,5335.2,5295,66033.5,28721.2,-23.24,5.6956
16661.4,14154,77145.6,7163.52,6474,72516,31974.5,14.94,5.6956
9941.6,9964,65388.7,5048.16,4940,66970.9,5893.68,-19.09,5.69783
12185.6,11820,67563.1,5008.38,4725,69466.5,33260,39.84,5.69783
9301.72,9437,64596.5,2256.54,2253,65639,10820.2,-11.62,5.69895
88952.2,56620,102960,72939.4,43084,110950,10078.4,280.54,5.7023
37068.8,24255,100158,36660,23851,100732,83084.8,194.22,5.70789
11683.1,10380,73763.2,5447.52,5100,70001.7,10553.4,3.32,5.70789
31938.2,24036,87082.1,19681.7,15652,82408.8,26044.2,111.22,5.70901
13176.4,13052,66160.4,4747.08,4689,66347.8,12902.8,-68.06,5.71236
21584.6,16260,86996.7,15607,12164,84086,17049.2,75.53,5.71236
9662.12,9736,65038.7,2423.46,2424,65521.4,9200.1,96.28,5.71348
6442.32,6549,64468.4,2251.86,2249,65619.3,6138.6,-4.15,5.71459
16468.2,16097,67047.4,8899.02,8521,68443.4,6137.82,53.95,5.71571
21932.7,20405,70442.7,11470.7,10549,71262,20584.2,21.58,5.71571
10286.4,10272,65627.6,3948.36,3880,66690.6,12378.6,58.93,5.71683
19902.2,19157,68085.5,8349.9,7873,69505.8,12638.3,97.11,5.71683
7326.32,7275,65998.3,4170.66,4139,66037.3,16373,24.07,5.71794
15223.8,14772,67540.6,6793.8,6668,66772.4,8179.08,-28.22,5.72241
18713.6,17413,70431,7381.92,6753,71639.5,45705.7,-14.94,5.72353
9778.4,9669,66277.5,3729.96,3617,67582.7,14036.1,34.03,5.72353
6912.2,7048,64273.3,2297.1,2312,65113.6,7012.98,-1.66,5.72353
11377.8,11285,66074.7,4142.58,4093,66329.9,6020.82,-52.29,5.72465
14093,13940,66255.3,6167.46,6100,66260.8,14338,43.16,5.72576
18321.9,18176,66062.1,6516.9,6484,65868.5,12494,99.6,5.72576
6809.52,6904,64639.2,3173.04,3160,65806.4,12209.3,5.81,5.72576
16251.3,14427,73823.2,10167.3,9195,72465.9,14691.3,-43.16,5.72576
31969.5,23377,89624.6,21277.6,16661,83695.5,79315.9,112.05,5.728
17324.4,17068,66520.4,6525.48,6437,66436.8,9941.1,73.87,5.728
8007,8052,65169.7,3096.6,3060,66319.9,9477.78,27.39,5.73023
32984.1,25636,84320.7,27920.1,23616,77480.2,27615.9,52.29,5.73135
13537.4,12573,70563.1,4456.92,4045,72209.8,16711.5,-41.5,5.73135
15827,13559,76498.1,10498.8,9395,73235.7,29976.2,33.2,5.73359
12986.6,12799,66496.8,5981.04,5887,66582.9,38575.7,37.35,5.73694
11177.2,10495,69795.8,6697.08,6155,71307.8,7552.74,84.66,5.73805
14866.2,14541,67001.5,8112.78,7984,66593.1,12904.3,57.27,5.74029
12675.9,11192,74225,8441.16,7697,71872.1,49090.9,23.24,5.74141
8497.96,8646,64413.9,2899.26,2882,65928.5,9531.6,112.05,5.74252
12911.2,12937,65405.1,4580.94,4601,65250.3,9498.06,62.25,5.74476
10070.1,9980,66127.8,4407,4300,67166.8,8194.68,29.05,5.74476
12903.7,12505,67625.4,6548.1,6441,66625.7,7582.38,29.05,5.74476
16223.4,16047,66256.6,4669.08,4559,67118.4,7938.06,38.18,5.74811
13421.8,13489,65209.7,3991.26,3993,65507.4,23964.7,66.4,5.74811
29867.6,23300,84008.8,15629.6,12104,84625.3,41630.9,90.47,5.75258
22899.7,20944,71655.5,16194.4,15436,68755.7,22896.1,29.05,5.75258
18544.3,16631,73075.5,11434.8,10119,74057.8,25371.8,33.2,5.75481
16713,13792,79416,12275.6,11160,72087.5,5679.96,38.18,5.75593
46439.9,36605,83144,34572.7,28333,79968.9,57600.7,132.8,5.75705
8293.96,8269,65733.8,2951.52,2893,66861.7,15224.8,-14.11,5.75705
12244.1,11729,68414,7112.82,6853,68020.7,8833.5,43.99,5.75928
13776.8,13428,67238.3,5665.92,5472,67858.5,7495.8,-24.07,5.76152
12091.8,12131,65324,4665.18,4647,65792.4,36892.4,-56.44,5.76263
12120.3,12287,64647,3294.72,3307,65292.6,27598.7,-31.54,5.76263
29142.8,24904,76690.5,21357.2,18268,76618.4,5846.1,74.7,5.76375
13725.1,13672,65790.6,4731.48,4693,66073.4,7452.9,21.58,5.76375
6944.84,7006,64963.9,2676.18,2634,66585.5,8482.5,25.73,5.76487
13164.8,11760,73364.7,7006.74,6324,72611.3,31278.8,13.28,5.76598
5736.48,5846,64308.2,2530.32,2518,65856.6,12217.9,19.92,5.7671
28215.9,27066,68320.4,10739.8,10490,67096.7,16809.8,14.94,5.76822
14947.1,14868,65884.6,5336.76,5312,65841.5,15299.7,-4.15,5.76822
16226.8,16092,66085.1,5279.04,5256,65823.3,10026.1,-13.28,5.76934
12212.8,11605,68968.4,6828.12,6229,71839.4,23804,19.09,5.76934
14653.3,14364,66856,7994.22,7804,67133.4,36369.8,39.01,5.76934
10389.7,10189,66827,4584.84,4496,66831,6962.28,-29.88,5.77045
12074.8,11816,66971.2,6633.9,6364,68315.4,23317.3,55.61,5.77045
13502.8,13348,66295.8,5924.1,5812,66800,41260.4,-25.73,5.77045
11249.2,11301,65235.8,3531.06,3537,65425.9,7562.1,40.67,5.77269
12328.4,12277,65810.4,3943.68,3921,65915.1,6361.68,14.94,5.77492
17554.2,16193,71045,10842.8,10113,70265.2,35765.3,101.26,5.77492
10262.6,10315,65202.8,3791.58,3755,66174.4,6783.66,19.92,5.77604
6576.28,6528,66020.7,3569.28,3440,67998.9,7287.54,-14.94,5.77604
16761.3,15574,70532.3,10801.4,10226,69223.9,8455.2,52.29,5.77827
12869,12841,65678.9,4363.32,4297,66547.5,26974,-8.3,5.77939
15497.2,15001,67703.8,7502.82,7097,69283.5,22819.7,-6.64,5.78051
10657,10601,65881.9,3864.12,3705,68350.6,44529.4,12.45,5.78274
17416.2,16056,71087.8,11499.5,10348,72829,30795.2,43.16,5.78386
73610.7,51929,92898.9,47347.6,35581,87208.6,54524.3,186.75,5.78498
38427.5,30639,82195.4,27261,21787,82002,47066.8,136.95,5.78498
32922.2,21157,101980,24641.8,15777,102359,59998.4,142.76,5.7861
11722.5,11668,65842.2,3616.08,3552,66718.3,5798.52,42.33,5.78945
13458.6,12953,68093.9,6337.5,6121,67854,28306.2,81.34,5.79391
13907.4,13216,68964.4,6248.58,5808,70507.4,34348.1,6.64,5.79503
9993.28,9904,66126.8,4038.06,3988,66358.6,26720.5,21.58,5.79615
8958.32,8837,66435.7,4115.28,4041,66740.7,10918.4,64.74,5.79727
6912.88,6933,65345.8,2787.72,2753,66362.5,8413.86,45.65,5.79838
14594.8,14209,67315.6,6614.4,6513,66556.3,5928.78,12.45,5.7995
24890.7,19523,83554.7,14843.4,12423,78304.5,26781.3,17.43,5.80062
11919,11734,66569.5,5491.98,5362,67124.7,17211.5,13.28,5.80062
18281.8,17732,67568,7510.62,7312,67316.2,11840.4,17.43,5.80174
13000.9,12640,67407.3,6919.38,6724,67440.3,15341,34.03,5.80174
19386.1,18896,67235.9,8344.44,8176,66886.2,20188.7,56.44,5.80285
15121.2,12801,77414.3,9901.32,8989,72187.4,14894.9,12.45,5.80509
13654.4,13037,68639.6,6823.44,6249,71560.4,9097.14,58.93,5.8062
7932.88,7800,66652.5,4164.42,4092,66695.9,16049.3,51.46,5.80732
39592.3,30920,83917.3,24041.2,18524,85055.1,20420.4,149.4,5.81067
14131.1,13801,67103.4,10030.8,9449,69571.2,20359.6,115.37,5.81067
10217.7,9487,70583.5,7765.68,7163,71050.1,20468,78.85,5.81067
10325.8,10207,66298.8,4695.6,4591,67029.1,25872.6,22.41,5.81179
7830.2,7812,65688.7,3471,3432,66280.7,7947.42,-34.03,5.81961
12998.9,11702,72799.1,7640.88,6838,73230.9,14675.7,105.41,5.82296
22452.9,18837,78116.2,18957.9,16961,73251.9,23978.8,52.29,5.82296
6570.16,6608,65160.7,2417.22,2424,65352.7,7269.6,-58.1,5.82408
11422,10953,68342,7048.08,6589,70102.1,8215.74,-27.39,5.8252
13797.2,13364,67660.4,6552.78,6340,67735.5,16670.9,55.61,5.8252
10077.6,9941,66436.5,4435.86,4357,66722.2,5994.3,17.43,5.82855
36237.2,30929,76783.6,16951,13749,80798.5,32902.7,95.45,5.82855
14788,14340,67583.3,4998.24,4872,67234.1,12061.9,48.97,5.82967
22304.7,21348,68472.9,8697.78,8440,67537.6,16202.2,-15.77,5.83078
15336,14104,71260.8,8940.36,8213,71340,44683.1,32.37,5.83078
10453.6,10273,66688.4,5286.84,5197,66668.9,14596.1,15.77,5.8319
8514.28,8480,65800.9,4092.66,4016,66787,8918.52,-29.88,5.8319
14430.3,14276,66244.2,4529.46,4508,65848,12419.9,45.65,5.83302
20070.9,18960,69375.8,10842.8,10320,68855.9,25408.5,37.35,5.83302
12212.8,11760,68059.4,6474.78,6184,68617.6,11756.9,38.18,5.83414
14554,14377,66343,4597.32,4516,66716.1,20170.8,-24.9,5.83637
9171.16,8976,66960.9,4804.8,4672,67398.8,5891.34,-41.5,5.84084
9683.88,9571,66308.9,4739.28,4643,66895,15082.9,73.04,5.84196
18096.2,15672,75673.2,13780.3,12168,74219.5,15898,55.61,5.84196
13713.6,13636,65908.8,4690.14,4520,68002.9,5979.48,9.96,5.85536
16216,16014,66362.5,4995.9,4894,66900.6,6859.32,60.59,5.85536
36198.4,28915,82044,23697.2,19719,78757.5,6977.1,119.52,5.8576
27998.3,18409,99674,25739.2,19197,87870.3,30667.3,53.12,5.86095
10958.9,10405,69024.6,6572.28,6017,71584,15859.7,17.43,5.86207
22997.6,18785,80232.7,10818.6,8993,78840,18666.2,53.12,5.86318
23289.3,22449,67989.2,9379.5,9185,66923.8,20655.2,19.92,5.86318
9800.16,9769,65745,5658.12,5421,68402.6,7637.76,0.83,5.8643
11844.2,11763,65988.6,4731.48,4659,66555.5,20033.5,26.56,5.86542
21143.2,18909,73279.6,7594.86,6528,76246.4,32699.9,33.2,5.86653
14330.3,14218,66053.7,3541.98,3470,66895.4,22676.9,23.24,5.86653
14666.9,14356,66955.4,7303.92,7136,67078.1,8075.34,-24.07,5.86653
12674.5,12377,67111.4,5144.1,5053,66717.5,20707.4,24.07,5.86765
10759.6,10603,66504.2,5183.88,5087,66784.1,13588.4,-10.79,5.86989
25387.8,19122,87010.5,20773,17266,78847.3,31810,58.93,5.87212
10765.8,10805,65298,4700.28,4641,66373.1,32674.2,-9.96,5.87436
17150.3,15729,71457.9,6826.56,6229,71823,14623.4,58.93,5.87547
12979.2,12976,65552,4867.2,4848,65795.5,24808.7,67.23,5.87547
14429.6,13805,68501.1,8001.24,7584,69141.5,8342.88,73.04,5.87659
12894.8,12640,66857.3,4933.5,4816,67134.9,16911.2,110.39,5.87771
10878.6,10805,65982.6,4380.48,4337,66193,11044,24.07,5.88329
22034.7,21257,67933.7,7643.22,7444,67289.9,16269.2,24.9,5.88553
10833.1,10678,66487.8,5500.56,5334,67582.4,7500.48,46.48,5.88664
14598.9,14117,67773.2,6630.78,6433,67550.9,9477.78,-5.81,5.88664
28086,17010,108210,16543,9734,111379,66278.2,124.5,5.88888
24998.8,18145,90290.7,22328.3,18033,81146,28101.1,88.81,5.88888
11746.3,11805,65210.2,4314.96,4320,65459.5,7851.48,24.07,5.89223
13321.9,13248,65901.5,4947.54,4848,66881.6,20050.7,61.42,5.89223
11728.6,11508,66792.5,5046.6,4944,66896,16510.3,122.01,5.89446
11761.3,11648,66173.4,4708.86,4636,66566,10502.7,46.48,5.89558
32735.2,30405,70558.6,19535.1,17933,71390.9,13891,26.56,5.8967
14340.5,14112,66597.3,6002.88,5848,67271.7,13972.1,0.83,5.89782
30307.6,28165,70521.5,15820,14465,71674.9,18897.8,4.98,5.89893
11462.1,10773,69727.9,8307.78,8021,67879.1,12810.7,34.86,5.90005
17089.8,16594,67493.9,7627.62,7286,68608.8,25359.4,68.06,5.90229
7941.72,7898,65898.8,3468.66,3434,66197.5,12944.1,-16.6,5.9034
23519.8,23056,66854.5,6435,6324,66686.3,13347.4,36.52,5.90452
10603.2,10617,65451.1,4644.9,4601,66161.3,12297.5,0,5.90564
17896.9,15508,75631.5,11771.8,10548,73139.4,17845.6,17.43,5.91234
16960.6,15682,70879.2,10507.4,9926,69374.5,19692.7,39.01,5.91234
57210.4,38240,98047.7,44387.5,29344,99133.6,33635.2,217.46,5.91346
10867.1,10893,65380.1,4002.96,3984,65847.9,13230.4,55.61,5.91458
11872.8,11536,67449.4,5679.18,5492,67769.6,7620.6,24.9,5.91458
28011.9,22099,83071.1,15446.3,12627,80168.8,9970.74,16.6,5.91681
7955.32,7988,65267.9,3517.02,3456,66693.1,21840,47.31,5.91793
16624.6,16309,66804.4,4743.96,4613,67396.5,29363.1,15.77,5.91793
14134.5,13677,67728.1,6972.42,6781,67386,21383.7,34.03,5.92128
7934.92,8032,64743.9,3011.58,3000,65789,17082.8,-14.11,5.9224
21970.1,19822,72638.2,14790.4,13402,72325.1,12572,99.6,5.9224
27034.1,20336,87121.6,19479.7,15672,81458.8,22665.2,45.65,5.92351
7278.04,7453,63997.5,3065.4,3065,65544.5,29609.6,21.58,5.92686
41418.1,29452,92162.8,24187,17909,88509.7,16646,68.06,5.92686
37817.5,26973,91884.8,28973.1,22720,83573.1,20419.6,70.55,5.93133
23868,18773,83322.5,24928,21817,74881.2,54564.1,127.82,5.93133
17803.8,16716,69800.6,9628.32,8764,71999.3,57611.6,30.71,5.93245
10786.8,10761,65693.4,5038.02,4980,66299.5,26215,30.71,5.93245
20419.7,19676,68013.2,13202.3,12488,69284.5,21953.1,5.81,5.93469
14352.8,13731,68503.6,7014.54,6663,68993.7,6531.72,4.98,5.9358
28985.7,24176,78574,16905.7,14308,77434.5,32479.2,95.45,5.93692
14845.1,14308,67996,4604.34,4336,69591.8,28670.5,34.86,5.93804
6615.72,6676,64944.3,2684.76,2644,66546.3,5916.3,-4.98,5.93804
23308.4,21746,70244.5,14123.5,13590,68108.5,27162.7,82.17,5.93915
12722.1,12569,66334.4,5897.58,5785,66811.4,11684.4,20.75,5.94027
11576.3,11524,65833.5,4669.08,4632,66060.6,7350.72,28.22,5.94697
22275.4,19316,75576.9,15201.4,14032,70997.7,8576.1,7.47,5.94697
14605.7,13368,71603.9,9189.18,8376,71898.5,22204.3,78.85,5.95033
10848,10757,66090.7,4974.84,4917,66306.9,7507.5,39.01,5.95033
19167.2,18395,68287,9069.84,8847,67186.7,50314.7,98.77,5.95256
17486.9,14204,80682.9,8458.32,6488,85438.4,37635,13.28,5.95256
12443.3,12385,65844.6,4768.14,4701,66472,9714.9,18.26,5.95256
23431.4,22157,69305.5,11006.6,10333,69808.1,54291.1,73.04,5.9548
11874.2,11925,65256.6,2564.64,2561,65629.1,11663.3,-0.83,5.95591
13274.3,13117,66321.8,5112.9,5005,66948.9,15079,4.98,5.95591
14002.6,13849,66262.7,5070.78,5049,65818.7,9751.56,30.71,5.95591
7647.96,7708,65025.5,3334.5,3324,65743,7403.76,10.79,5.96038
11293.4,11373,65077.6,5328.18,5280,66134,11215.6,-36.52,5.9615
12344,10699,75612.6,10847.5,9855,72135.9,50356,47.31,5.96597
8976,9117,64522.4,3577.08,3545,66129.1,9784.32,22.41,5.96708
10914.7,10888,65696.6,4802.46,4780,65843.9,23967.8,53.95,5.97044
15276.9,14988,66799.1,8285.94,8101,67032.1,25359.4,-0.83,5.97491
15191.2,13126,75847.2,10182.9,9078,73512.5,15097.7,63.08,5.97491
12392.3,12146,66865.1,7466.16,7174,68204.9,20666.9,-8.3,5.97714
13433.4,12964,67908.9,8270.34,7804,69452.2,23116.1,-7.47,5.97937
10781.4,10900,64822.9,4194.84,4192,65580.4,11225.8,39.01,5.98049
10600.5,10792,64373.2,3324.36,3397,64134.6,12518.2,-22.41,5.98049
17822.1,17308,67482.7,11108,10552,68989.1,27504.4,-4.98,5.98049
32774.6,27616,77778.1,20331.5,16224,82128,54575.8,57.27,5.98161
14934.8,12016,81455.5,14875.4,12408,78568.1,62719,54.78,5.98161
9129,9186,65129.3,3870.36,3826,66295.9,11515.1,43.99,5.98273
33199,25651,84820.4,21880.6,17751,80782.2,8525.4,87.98,5.98384
14390.2,14421,65395.9,3605.16,3601,65611.7,14764.6,-9.96,5.98384
15200,14964,66569.8,6310.98,6244,66239,12806,3.32,5.98831
7960.08,7940,65701.7,3155.88,3168,65285.3,7665.06,-17.43,5.99055
13197.4,13116,65942.9,4708.86,4604,67028.6,9005.1,23.24,5.99166
11383.9,11237,66392.6,4335.24,4297,66119.2,12616.5,61.42,5.9939
15572,13068,78093.6,9257.82,8120,74719.3,50628.2,62.25,5.99502
9029.04,9009,65681.8,3192.54,3153,66357.8,20555.3,73.87,5.99502
12886,12625,66890.8,5187.78,5121,66390.6,18008.6,41.5,5.99725
18200.2,17988,66309.1,7020.78,7020,65543.3,7952.1,27.39,5.99837
12700.4,12209,68173.5,7514.52,7145,68925.3,11919.2,-9.13,6.0006
9373.12,9262,66322.3,4857.84,4782,66575.4,7683,11.62,6.00284
6215.2,6368,63963.5,2460.9,2504,64408,9625.2,-1.66,6.00395
13481,13284,66507.9,5306.34,5296,65663.9,12526,5.81,6.00395
9964.04,9745,67009.1,6817.98,6805,65661,6431.1,31.54,6.00619
10564.5,10406,66534.1,5218.98,5190,65901.9,9739.08,55.61,6.00619
28834,22272,84845,17066.4,13840,80813.8,17027.4,130.31,6.0073
12870.4,12454,67727,6652.62,6342,68745.8,37873.7,-17.43,6.0073
14722.7,14274,67596,6890.52,6642,67988.1,42867.2,83.83,6.0073
19495.6,18656,68485.4,10002.7,9364,70006.2,22504.6,63.91,6.01066
9102.48,8928,66816.8,4886.7,4800,66719.7,18089,-38.18,6.01177
80189,45504,115490,84248.6,49016,112643,25994.3,429.11,6.01401
46240.7,36166,83792.2,25376.5,20754,80132.8,7727.46,49.8,6.01513
17467.8,15831,72312.1,8351.46,7687,71200.9,13593.8,-14.94,6.01513
16925.2,14185,78196,14628.9,12749,75199.6,28380.3,79.68,6.01624
16193.5,15854,66939.5,7497.36,7438,66059,8573.76,58.1,6.01736
12867.6,12852,65615.8,4683.12,4640,66145,5870.28,-11.62,6.02183
10631.8,10646,65448.6,4535.7,4514,65851.1,23002.2,-9.96,6.02406
9311.24,9329,65411.2,3890.64,3841,66383,12361.4,2.49,6.02853
12533.8,12540,65503.4,4335.24,4284,66319.9,22389.9,105.41,6.02853
5412.12,5517,64290.1,2284.62,2272,65900,10868.5,82.17,6.03188
41599.7,29092,93712.2,17925.2,11992,97960.7,17088.2,78.85,6.033
12040.8,11505,68587.9,7159.62,6677,70273,10016,4.98,6.04194
13124.7,13092,65699.6,5623.8,5412,68100.8,10087.7,56.44,6.04194
18791.1,17368,70906,10746.8,9688,72698.7,35215.4,64.74,6.04306
13907.4,13801,66041.1,6280.56,6093,67553.4,12769.4,43.99,6.04306
10514.2,10562,65239.2,3151.98,3138,65828,16475.9,16.6,6.04641
13944.1,13691,66747.4,5144.1,5051,66744,11906.7,29.88,6.04752
17488.2,16964,67561.3,7745.4,7456,68079.7,6316.44,74.7,6.05423
16496.8,16053,67347.8,6443.58,6313,66891.6,25109.8,9.13,6.05423
7422.88,7412,65632.2,3442.14,3412,66114.9,12846.6,6.64,6.05423
17000,16472,67636.7,8075.34,7980,66319,39610.7,70.55,6.05535
10291.8,10239,65874,3765.84,3807,64827.4,14484.6,56.44,6.05646
12834.3,12858,65415.3,4939.74,4958,65294.6,16819.1,-48.97,6.05758
16008.6,15840,66233.4,3921.84,3880,66242.7,6214.26,59.76,6.05758
55009.3,37565,95969.3,50452.7,34345,96272.3,5988.06,215.8,6.0587
24378.7,20881,76513.6,14125,12241,75622.7,14043.9,4.98,6.05981
60932.8,43537,91721.7,44754.8,34485,85053,9486.36,180.94,6.05981
20835.9,19085,71548.4,7762.56,6957,73124.5,28764.1,18.26,6.05981
15128,14777,67092.5,5660.46,5593,66326.5,18865.9,-24.9,6.06205
15812.7,15262,67900.8,7252.44,7101,66933.7,7422.48,14.94,6.06317
15339.4,14748,68164.2,7034.04,6801,67781.6,14057.2,9.13,6.06317
33054.1,16086,134666,13174.2,7926,108931,60031.9,40.67,6.06428
7239.96,7212,65790.1,2880.54,2876,65639.5,35568,26.56,6.06652
17746,15967,72837.7,11200.8,10047,73062.2,37755.9,80.51,6.06652
19054.3,17621,70866.7,10413,9681,70491.3,11299.9,24.9,6.06763
11481.8,10765,69899.8,7739.16,7277,69698.2,52924.6,49.8,6.06763
87646.6,58760,97753.7,66433.4,36568,119060,36102.3,297.14,6.06875
17158.4,15189,74033.5,10368.5,9449,71913.7,56142.8,32.37,6.06875
10878.6,10632,67056.3,6293.04,6156,66994.9,12662.5,7.47,6.07434
11220,11176,65794,4839.9,4808,65970.8,20115.4,43.16,6.07546
5223.08,5341,64089.1,2284.62,2336,64094.5,5977.92,-29.88,6.07881
12637.1,11884,69689.2,7433.4,6792,71724.9,13870,24.07,6.08104
14809.7,14608,66441,5407.74,5372,65972,7224.36,2.49,6.08104
9170.48,8996,66807.1,4343.82,4244,67077.4,7582.38,-9.13,6.08328
10846.7,10757,66082.4,3974.1,3889,66970.1,9044.88,35.69,6.08328
14660.1,14428,66590.4,5340.66,5253,66629.6,14143.7,77.19,6.08775
12393,12314,65956.4,5555.16,5482,66410.6,6849.96,21.58,6.08998
14995.4,14888,66008.6,6045.78,5996,66080.1,8377.98,42.33,6.0911
17000,16560,67277.3,8485.62,8372,66425.4,14263.1,13.28,6.0911
11140.4,10953,66657.5,5821.92,5629,67782.1,20496.1,-2.49,6.09221
5139.44,5216,64574.1,2535.78,2492,66687.3,13192.1,52.29,6.09221
17156.4,13692,82118.2,11120.5,9733,74878.3,17935.3,73.04,6.09221
13966.5,13653,67040.9,5247.06,4865,70682.7,16692.8,43.16,6.0978
13821.7,13616,66526,4744.74,4692,66272.7,11503.4,33.2,6.0978
11560,11541,65643.9,4652.7,4609,66157.4,6452.16,95.45,6.0978
7392.28,7504,64560.3,2801.76,2810,65343.8,22053.7,-2.49,6.10115
10371.4,10484,64831.9,3429.66,3396,66185.6,7853.04,29.88,6.10227
23203,22283,68241.7,9540.18,9256,67548.1,8463.78,-9.13,6.10562
10680.8,10660,65663.6,4300.92,4240,66477.6,8189.22,-13.28,6.10674
16173.1,15463,68545.7,9188.4,8915,67545.8,14820,83,6.10897
19676.5,19146,67351.8,9318.66,9114,67007.6,5749.38,44.82,6.10897
37900.5,28474,87232.1,24489.7,19582,81960.7,36408.8,89.64,6.10897
12121.7,11769,67499.9,6211.92,6077,66991,13536.1,7.47,6.11009
12748,12645,66069.6,4963.92,4929,66000.3,15224,69.72,6.11232
9883.8,10013,64690.4,3742.44,3744,65508.7,9188.4,13.28,6.11344
15386.4,15344,65716.9,6566.04,6504,66161.1,7622.16,48.97,6.11568
24319.5,20221,78819.3,19603.7,17120,75043.9,40299.5,104.58,6.12126
9904.2,9969,65110,3655.08,3617,66226,10516,12.45,6.12238
13002.3,12846,66333.3,5276.7,5150,67148.3,21327.5,17.43,6.1235
37336.1,30597,79970.5,18503.2,15185,79856.6,76974.3,87.15,6.1235
8661.16,8661,65537.2,3585.66,3545,66287.7,11126.7,-12.45,6.12796
14599.6,14456,66187,4712.76,4705,65644.1,27588.6,-12.45,6.1302
13139,11533,74661.8,7601.88,6880,72412.3,32863.7,27.39,6.13467
10633.2,9549,72976.7,6166.68,5561,72673.9,55978.3,83.83,6.13579
15835.2,15357,67576.6,5800.86,5641,67393.2,8030.88,13.28,6.13579
14541.1,14364,66344.1,5561.4,5324,68458.3,23891.4,68.06,6.1369
11272.4,10997,67177,5229.9,4853,70625.7,27046.5,31.54,6.1369
12907.1,11900,71082.2,6082.44,5580,71437.1,6678.36,101.26,6.13802
16538.3,16130,67194.8,5416.32,5298,66999.6,24992.8,39.01,6.13802
22098.6,17885,80976,13993.2,12048,76117.1,15112.5,68.89,6.14584
19560.2,14316,89543,19257.4,15992,78917.9,42801.7,63.08,6.14919
30649,23952,83859.8,20724.6,16796,80864.9,68611.9,38.18,6.15143
11638.2,11569,65928,4839.9,4805,66012,14586,25.73,6.15254
21512.5,17148,82216.1,14476,12508,75847.5,6374.94,73.04,6.15366
12892.1,12501,67586.4,6076.98,5929,67171.7,7522.32,6.64,6.15366
17289,15893,71292.5,7195.5,6345,74320.6,26959.1,16.6,6.1559
10280.9,10282,65529.1,3816.54,3790,65994.9,27788.3,48.97,6.15813
21350,16664,83964.9,15878.5,12492,83302.2,33171.8,70.55,6.16036
27790.2,21188,85957.2,16392.5,13284,80871.5,25688.5,96.28,6.16148
9372.44,9342,65749.5,4180.02,4154,65946.5,11281.1,-24.07,6.1626
12180.2,11296,70665.6,8391.24,7932,69330.3,6991.92,14.94,6.16372
13957.7,13653,66998.5,7445.88,6417,76043.8,29061.2,78.02,6.16595
9631.52,9557,66047,5311.8,5237,66472,37613.2,10.79,6.16818
6083.28,6013,66302,4481.88,4377,67106.4,8452.08,53.12,6.1693
11944.9,11973,65382.1,3814.98,3761,66476.6,19622.5,50.63,6.1693
11615.8,11717,64969.7,3545.88,3521,65999.1,29128.3,18.26,6.17154
12166.6,12032,66268.9,5438.94,5336,66800.3,27290.6,74.7,6.17154
16367.6,15839,67723.2,4981.08,4559,71603.4,20823.7,64.74,6.17601
15227.9,15050,66310.8,4988.88,4954,65997.4,20482,24.07,6.17601
7952.6,7951,65549.2,2775.24,2747,66209.7,6381.18,-21.58,6.17824
16392.1,15952,67344,7079.28,6852,67709.8,50608,9.96,6.17936
38058.9,26395,94496.3,29159.5,21083,90641.7,15744.3,138.61,6.18047
20956.2,16309,84210.5,8257.86,5925,91339.6,27481.7,24.07,6.18047
13147.8,12569,68553.9,8151.78,7860,67968.8,25732.2,75.53,6.18159
17208.1,17001,66334.3,6079.32,6009,66302.9,10685.2,109.56,6.18718
40547,29049,91476.2,13622.7,8473,105367,12010.4,86.32,6.18941
33492.7,30832,71191.6,13785.7,13048,69241.3,8821.8,110.39,6.19053
10240.1,10056,66735.9,5272.02,5148,67114.8,5658.12,21.58,6.19165
6639.52,6713,64818.6,2945.28,2889,66812.7,11144.6,-14.11,6.195
14061.7,13917,66217.5,5413.2,5325,66621.5,8516.82,-4.98,6.19612
15946.7,15405,67840.4,7869.42,7581,68029.3,37794.1,7.47,6.19723
14471.8,14005,67720.2,7354.62,7149,67421,26903,49.8,6.19835
7748.6,7692,66018.2,3639.48,3573,66755.4,7594.08,4.15,6.19947
31445.2,25388,81172,12543.2,9704,84710.4,15637.4,-14.11,6.19947
13651.7,13288,67329.7,5649.54,5516,67122.6,13511.9,7.47,6.20058
14269.8,14185,65927.8,4788.42,4733,66303.4,27778.9,3.32,6.20841
13641.5,12883,69394.4,7490.34,6995,70176.8,6032.52,42.33,6.20841
11938.1,10540,74229,8949.72,8152,71949.1,21076.4,19.09,6.20841
17648,17241,67083.2,6541.86,6484,66120.8,34652.3,20.75,6.21176
14879.1,13824,70537.9,9686.04,9096,69787.2,8998.08,22.41,6.21176
23135,22073,68689,8492.64,8228,67643.9,7358.52,0,6.21176
17675.2,14243,81328.7,11220.3,9735,75535,24454.6,39.01,6.21287
7238.6,7273,65226,4087.2,4025,66548.8,20150.5,29.05,6.21511
12209.4,11282,70923.2,6432.66,5846,72112.7,9072.96,14.11,6.21623
12996.2,12864,66209.3,4295.46,4176,67410.7,7800.78,-21.58,6.21958
12582,12153,67849.6,6342.96,5961,69735.3,17008.7,53.12,6.22069
8713.52,8643,66070.7,3909.36,3863,66322.5,25080.9,-13.28,6.22069
9140.56,9135,65575.9,5768.88,5659,66808.5,39651.3,-39.84,6.22293
17831,17573,66498,6073.86,5989,66464.6,11067.4,-7.47,6.22516
17561,16830,68382.5,7076.94,6798,68225.1,21983.5,33.2,6.22516
7945.8,8085,64407.7,3103.62,3117,65254.7,7023.9,-9.96,6.22628
10157.8,9341,71266.9,6717.36,6233,70628.7,14118.8,53.12,6.22628
32707.3,27262,78626.2,20888.4,18042,75875.3,107716,98.77,6.2274
8626.48,8669,65214.6,4236.96,4201,66097,6183.06,45.65,6.2274
15342.2,15134,66437.4,5721.3,5662,66222.4,18452.5,79.68,6.22851
12366.5,12250,66159.2,4524.78,4442,66757.3,17725.5,53.95,6.22851
36430.3,26337,90651.8,27112.8,20373,87216.6,23248.7,157.7,6.22851
14220.8,13797,67549.3,7015.32,6565,70031.4,18143.6,43.99,6.22963
26177.3,19840,86469.5,21615.4,17160,82551.5,15385.5,64.74,6.23075
8092,8092,65536,4312.62,4284,65973.8,7894.38,45.65,6.23075
46301.2,33649,90177.9,45187.7,34053,86965.1,157948,250.66,6.23187
11751.1,10856,70939.5,9512.88,8936,69766.8,19131.1,54.78,6.23298
12876.5,12748,66196.5,4952.22,4885,66437.8,7618.26,-8.3,6.23298
25525.2,20588,81252,15567.2,13368,76317.7,16400.3,21.58,6.2341
14605.7,14425,66357.1,5429.58,5325,66823.1,6977.1,29.88,6.2341
17189.7,16840,66897,6388.2,6156,68008,15521.2,5.81,6.23522
7448.72,7501,65079.2,3166.8,3120,66519,11154,0.83,6.23634
14886.6,14488,67338.9,5712.72,5505,68008.9,6648.72,63.08,6.23745
13445,13112,67200.2,5531.76,5324,68093.4,6527.82,21.58,6.23745
15376.8,14644,68815.7,7707.96,7164,70512.1,28016,5.81,6.23857
12212.1,12219,65499.1,4040.4,4011,66016.4,5929.56,-31.54,6.23857
10515.5,10441,66003.7,5149.56,5028,67120.4,31199.2,-4.98,6.23969
17984,16941,69570.7,9138.48,8665,69117.1,10711,65.57,6.23969
50682.4,33628,98772.6,33366.8,22661,96497.5,17577.3,118.69,6.2408
16721.2,16378,66909.3,6251.7,6046,67765.7,34419.1,23.24,6.24192
19070.6,17165,72811.6,15027.5,13629,72260.7,30906.7,44.82,6.24192
17254.3,17059,66286.4,8409.96,8275,66604.9,23659.7,15.77,6.24527
19583.3,17045,75295.5,12206.2,10613,75374.2,8070.66,28.22,6.25086
12749.3,11396,73318.7,9732.84,8772,72714.5,9365.46,39.01,6.25198
15997.7,11330,92535.2,15057.9,10978,89892,30213.3,102.92,6.25198
13016.6,12255,69608.6,6633.9,6063,71707,16426.8,19.92,6.25198
6132.24,6164,65198.3,3120.78,3104,65890.3,9051.9,36.52,6.25309
18249.8,17664,67709.5,6165.9,6004,67303.2,20684.8,49.8,6.25309
10094.6,10041,65885.8,4107.48,4057,66351.4,15276.3,-3.32,6.25421
6827.2,6848,65336.9,3318.9,3312,65672.5,22974.1,42.33,6.25533
30444.3,21752,91724.7,25455.3,19996,83428.6,22631.7,92.13,6.25533
9698.84,8781,72386.2,5339.1,5005,69910.7,19319,41.5,6.25756
7771.04,7817,65150.7,3806.4,3796,65715.5,14993.9,26.56,6.2598
14680.5,14276,67393,6577.74,6372,67652,5577.78,9.13,6.2598
25437.4,22253,74914.3,16702.9,14461,75696.2,22045.9,75.53,6.2598
13911.4,12622,72231,4531.8,4174,71153.8,25358.6,22.41,6.2598
10483.6,10460,65683.6,4152.72,4081,66687.7,14545.4,41.5,6.26203
14911,14515,67324.1,6529.38,6375,67123,13416.8,65.57,6.26203
13099.5,12679,67709.6,7002.84,6707,68426.7,15350.4,63.08,6.26427
11381.2,11201,66590.1,5235.36,5153,66583.5,10981.6,31.54,6.26762
15877.3,15525,67023.3,5218.98,5125,66737.8,57061.7,10.79,6.26985
21276.5,16854,82732.8,21448.4,16754,83899.1,29782,94.62,6.2732
26475.8,23397,74159.9,15414.4,13489,74890.3,45718.9,89.64,6.27544
11722.5,11673,65814,5385.12,5305,66525.8,13394.9,83,6.27656
6569.48,6636,64879.1,2715.18,2680,66396.3,7343.7,9.13,6.27767
10006.9,9877,66397.8,4773.6,4753,65820,6689.28,-44.82,6.27767
19622.8,16956,75843.2,10447.3,9164,74713.6,16184.2,62.25,6.28102
15459.8,15151,66871.7,5395.26,5291,66827.4,6387.42,-36.52,6.28214
11115.3,11072,65792.2,3964.74,3900,66623.9,13382.5,28.22,6.28326
12847.2,12629,66668.5,4516.98,4437,66717.3,21237.8,14.94,6.28661
13874,12603,72145.5,9410.7,8703,70865.2,26633.1,17.43,6.28773
9613.84,9256,68069.6,6090.24,5868,68018.1,32169.5,15.77,6.28885
13931.8,13748,66412.4,4887.48,4784,66953.6,15788.8,-20.75,6.28996
14970.2,14531,67516.8,6981,6807,67211.2,13347.4,52.29,6.29108
9175.24,9162,65630.7,3722.16,3674,66395.1,15247.4,-21.58,6.29108
21881,17858,80299.9,13499.5,10850,81539.2,31661.8,65.57,6.2922
12503.8,12272,66774.1,4972.5,4824,67553.4,6670.56,-19.09,6.2922
11999.3,11668,67396.7,4833.66,4692,67514.6,23903.9,73.87,6.29443
17818.7,15452,75573.9,13441,12277,71749.4,21131,39.01,6.29555
12947.9,12884,65860.9,4935.84,4856,66613.5,8935.68,9.13,6.29667
14756.7,14697,65802.1,4952.22,4857,66820.8,20789.3,-3.32,6.29778
12994.8,12836,66346.8,5747.82,5620,67026.5,20517.9,24.07,6.2989
16264.9,15683,67967.7,7842.9,7587,67746.4,25354.7,86.32,6.30225
11105.1,10556,68944.9,6591,6252,69089.5,20772.2,48.97,6.30784
10799.1,10505,67370.6,6489.6,6212,68464.6,7383.48,9.96,6.30784
18778.9,16636,73977.7,11424.7,10360,72270.9,9700.08,13.28,6.30895
10960.2,9928,72350,7190.04,6600,71394.9,7069.14,49.8,6.31007
11132.3,10996,66348.2,3420.3,3380,66317.4,13122.7,66.4,6.31007
15601.9,15193,67299.9,6186.96,6068,66820.8,7619.82,5.81,6.31007
9667.56,9333,67885.3,5453.76,5289,67577.5,10026.9,48.97,6.31119
17814.6,17131,68151.3,6796.92,6411,69481,48152.5,14.94,6.31119
20820.2,19873,68659.8,10154,9909,67156.6,12631.3,54.78,6.31454
13485.1,12920,68402.3,6548.1,6273,68410.1,6681.48,-6.64,6.31678
8224.6,8217,65596.6,3562.26,3501,66682.7,23068.5,7.47,6.31678
11670.2,11476,66644.8,4566.9,4516,66274.7,24273.6,-12.45,6.31789
12153,11646,68388.8,7672.08,7354,68370.6,41776,29.05,6.31901
14671,14526,66190.2,5254.08,5210,66090.5,18514.1,25.73,6.32013
12408,11876,68471.5,6807.84,6348,70283.3,5575.44,4.98,6.32124
9852.52,9816,65779.8,3889.08,3852,66166.9,30306.9,-6.64,6.32348
18294.7,17683,67803.1,5807.88,5635,67546.6,8376.42,14.11,6.32348
8324.56,8280,65888.7,3333.72,3292,66366.6,5939.7,12.45,6.32348
9746.44,9521,67087.8,4978.74,4757,68590.9,5976.36,10.79,6.32683
56438.6,38230,96750.3,39952.4,28306,92500.5,25718.2,161.85,6.32683
12099.2,11944,66387.8,4805.58,4716,66780.8,12458.2,25.73,6.32795
10132.7,9601,69165.2,5809.44,5489,69361.9,15923.7,70.55,6.33353
14439.8,14423,65612.3,3126.24,3091,66283.2,7345.26,97.94,6.33465
23432.1,20284,75707.3,14010.4,12341,74401,30647.8,33.2,6.338
8561.88,8582,65382.4,3132.48,3090,66437,8179.08,19.92,6.34024
13555.1,13323,66677.8,5689.32,5563,67024.1,8075.34,9.96,6.34024
15523,15136,67211.8,6690.06,6528,67162.9,27488.8,-23.24,6.34135
17354.3,17096,66526.1,5572.32,5432,67228.9,8655.66,14.94,6.34247
17875.8,14700,79694.6,11788.9,10348,74661.6,37880.7,99.6,6.34359
14576.5,13321,71712.6,5276.7,4729,73126.2,39899.3,26.56,6.34471
12831.6,12633,66566.3,5176.08,5053,67132.3,5698.68,35.69,6.34471
19476.6,18725,68166.4,13355.9,12757,68612.9,46459.9,69.72,6.34471
23315.2,20548,74361.6,17328.5,15496,73286,10176.7,56.44,6.34582
15495.2,13028,77946.8,14973.7,12200,80435.6,15291.9,80.51,6.34694
12017,12028,65475.8,4097.34,4088,65685.7,13721,37.35,6.35029
13758.4,13810,65291.3,4817.28,4818,65526.2,19468,-16.6,6.35141
12467.8,12562,65044.6,3982.68,3970,65745.3,30282.7,18.26,6.35253
34752.1,27784,81972.1,31994,25404,82536.7,43378.9,109.56,6.35364
7555.48,7768,63743,2657.46,2652,65670.9,16844.1,-16.6,6.35476
5765.72,5904,64001.1,2538.12,2520,66007.2,25590.2,4.98,6.35588
12520.8,11881,69065.4,6522.36,5997,71277.2,13606.3,-39.01,6.357
15145,15042,65984.6,5630.82,5554,66442.5,17231,15.77,6.357
7994.76,7732,67763.1,5836.74,5552,68897.1,10861.5,31.54,6.357
11145.2,11060,66040.9,4052.88,3980,66736.1,45720.5,9.96,6.35811
11173.1,10713,68350.5,7096.44,6841,67983.1,43687,38.18,6.35923
6583.76,6669,64698.4,1938.3,1936,65613.9,14913.6,15.77,6.36035
12078.2,11950,66238.9,4984.2,4894,66743.9,8076.9,62.25,6.36817
8821.64,8889,65039.4,4024.8,4013,65728.7,14366,86.32,6.36928
10076.2,9808,67328.4,5569.98,5380,67850.2,16076.6,37.35,6.36928
8413.64,7465,73864.2,9438.78,8548,72365.4,15485.3,78.02,6.36928
8440.16,8468,65320.5,3449.16,3428,65940.5,14543.1,20.75,6.3704
19624.1,19116,67278,7913.1,7717,67201.4,15561.8,14.94,6.3704
7330.4,7336,65486,4020.12,3957,66581.4,7267.26,-18.26,6.37152
12996.2,12648,67340,8738.34,8440,67852.6,13788.8,52.29,6.37264
13371.5,12796,68483.6,6661.2,6156,70914.3,41638.7,33.2,6.37487
11711,11564,66368.9,4098.9,4044,66425.7,19925.1,-0.83,6.37487
9921.88,9945,65383.6,4115.28,4057,66477.4,30044,22.41,6.37599
15561.1,14308,71275.8,8353.02,7572,72295.8,52471.4,42.33,6.37599
26657.4,25256,69172.3,14334.8,13717,68487.9,20429,77.19,6.37711
15015.1,12520,78596.5,13414.4,10984,80037.2,18294.9,68.06,6.37934
15770.6,15248,67782,6563.7,6388,67338.5,9621.3,17.43,6.38157
16492,15336,70476.2,8411.52,7916,69638.4,25271.2,18.26,6.38157
15147,14861,66797.2,5601.96,5513,66593.5,11887.2,56.44,6.38269
14630.2,14056,68213.2,6848.4,6680,67188.1,10291.3,-9.96,6.38269
11266.9,11073,66683.7,5024.76,4977,66164.9,15203.8,16.6,6.38381
31978.4,29895,70103.2,15997,15219,68886.3,8459.1,14.94,6.38493
11944.2,11049,70845.8,8803.86,8196,70396.5,42137.2,-14.11,6.38604
10480.8,10428,65868.1,4656.6,4545,67145.2,9126,43.16,6.38716
15281,14965,66919.7,5930.34,5845,66492.9,8374.08,41.5,6.38828
7129.12,7085,65944.1,2967.9,2941,66135.4,6163.56,-10.79,6.38828
19635.7,14656,87803.2,15449.5,11920,84940.9,38220,54.78,6.38828
4963.32,5101,63767.1,2243.28,2233,65837.7,9028.5,-23.24,6.39386
6695.28,6586,66623.4,4975.62,4814,67736.2,10657.1,-4.98,6.39386
9838.92,9699,66481.4,4821.18,4551,69426.7,15138.2,-2.49,6.39498
13815.6,13357,67785.9,5831.28,5677,67317,11738.2,64.74,6.39945
11671.5,11576,66076.8,4099.68,4056,66241.8,9859.98,98.77,6.39945
9624.04,9543,66092.5,3610.62,3539,66862.3,7338.24,2.49,6.40057
10063.3,9914,66523.1,3694.08,3658,66182.4,31182.1,19.92,6.40057
40532.1,35520,74783.5,22098.2,20236,71566.8,18436.9,61.42,6.4028
9646.48,9781,64634.7,3226.86,3249,65089.4,7101.9,-27.39,6.40727
12595.6,12528,65889.8,4538.82,4512,65925.6,21524.9,12.45,6.40839
17635.1,16191,71381.3,15188.9,13983,71188,30701.6,4.98,6.41062
14660.8,14297,67203.6,8286.72,7897,68770.2,21361.1,-14.11,6.41062
10963.6,11047,65041.5,3760.38,3751,65699.9,19762.9,24.07,6.41062
15279.6,14720,68027.4,7133.88,6924,67522.5,5952.18,2.49,6.41509
13799.2,13610,66447.3,5190.9,5082,66940.3,8781.24,-8.3,6.41509
8555.08,8307,67493.2,5773.56,5607,67482.8,16415.9,45.65,6.41509
11666.8,11485,66573.2,5687.76,5616,66373.4,23263.5,24.9,6.41509
18831.2,14840,83162,11732,9704,79232,15611.7,19.92,6.41621
12573.2,12441,66232.4,5067.66,5021,66145,21262,11.62,6.41621
9819.88,9849,65342.2,3537.3,3524,65783.3,7425.6,-40.67,6.41956
8857,8896,65248.7,3378.18,3392,65269,24839.1,-37.35,6.42179
16367.6,15436,69491.3,10754.6,9969,70700.8,27669.7,3.32,6.42179
41241.3,30672,88119.2,27215.8,20056,88931.6,80205.1,97.94,6.42291
24618.7,21287,75793.3,16270.8,14423,73932.1,13023.7,93.79,6.42403
10160.6,9841,67664.1,5966.22,5785,67589,14121.9,39.01,6.42403
23205.7,19263,78949.7,16445.5,14559,74028,69001.1,23.24,6.42515
7573.84,7633,65028.1,3647.28,3629,65866.1,17205.2,6.64,6.42738
31676.4,25984,79893.3,20099.8,16888,77999.9,31107.2,75.53,6.42738
10982,10669,67458.6,6546.54,6381,67236.2,17255.9,6.64,6.43185
24460.3,23024,69624.3,11404.4,10416,71754.8,23897.6,35.69,6.43297
12769.7,12540,66736.6,8143.98,7724,69099.4,10264,63.91,6.43297
9141.92,9129,65628.8,3643.38,3609,66160.3,19512.5,16.6,6.4352
11121.4,10959,66507.2,4559.88,4463,66958.6,15763.8,63.91,6.43632
29760.2,23009,84765.3,21045.2,15457,89229.3,10784.3,121.18,6.43632
9740.32,9789,65210.1,3573.96,3549,65996.9,16151.5,12.45,6.43744
18509.6,18055,67186.1,6304.74,6167,66999.8,11602.5,-0.83,6.43744
16554.6,16269,66686.5,5707.26,5552,67368.7,6970.08,-48.14,6.43967
15403.4,14505,69594.9,6981,6409,71385,6799.26,-20.75,6.44079
15414.9,14664,68892,5913.96,5448,71141.2,19376,37.35,6.4419
15827.7,15471,67046.9,7249.32,7179,66177.9,13473.7,26.56,6.4419
39682.8,26516,98078.5,36821.5,24368,99028.7,11404.4,166.83,6.44302
8470.08,8465,65575.3,3729.18,3701,66035,34173.4,20.75,6.44526
13941.4,11837,77186.9,7873.32,7209,71575.2,30213.3,-26.56,6.44637
9462.2,9489,65350.9,2776.8,2773,65625.8,10352.9,34.03,6.44749
26345.2,22765,75842.8,13979.2,12160,75340.3,12065,36.52,6.45084
15861,15498,67071,7401.42,7230,67089.8,11953.5,47.31,6.45084
23058.8,15913,94965.2,18578,13549,89861.3,17568.7,78.85,6.45084
23226.1,21284,71515.9,13751.4,12816,70319.3,46821.8,52.29,6.45196
12659.6,12572,65992.4,7064.46,6728,68813.4,24512.3,-0.83,6.45308
10855.5,10528,67574.8,5289.18,5104,67913.7,19290.2,0,6.45531
7099.88,7064,65868.9,2891.46,2885,65682.7,6233.76,49.8,6.45866
11458,11281,66564.3,6388.2,6213,67384,25917.1,127.82,6.4609
10746.7,9381,75077,5430.36,4921,72319.5,18902.5,47.31,6.46313
20975.3,17654,77865.4,11873.2,10422,74661.2,27139.3,23.24,6.46425
18062.8,15968,74133.7,8672.04,7572,75056.9,53395.7,-13.28,6.46648
9285.4,8221,74021.2,7835.1,7216,71158.7,13994.8,26.56,6.46872
22916.7,22024,68192.3,8902.92,8696,67095.4,13633.6,53.95,6.4743
15991.6,15460,67789.3,7743.84,7440,68212.4,8406.06,-14.94,6.47542
14986.5,14540,67548.6,6655.74,6437,67763,14575.1,29.88,6.47877
14388.1,14112,66818.3,6103.5,5940,67339.9,10317.1,83.83,6.47989
16111.2,15668,67390,5448.3,5220,68402.3,9204,-3.32,6.47989
37605.4,27496,89631.4,31061.9,25068,81206.1,7902.18,49.8,6.48548
16050,13644,77092.9,5800.86,5121,74236.5,5998.98,52.29,6.48771
16960.6,16240,68443.8,6933.42,6700,67819.2,9434.1,48.14,6.48883
13460.6,13467,65504.9,4527.12,4511,65770.2,9934.86,14.94,6.48994
10983.4,10457,68834.8,5772.78,5364,70530.4,7372.56,-50.63,6.49106
37718.2,30980,79790.3,19993.7,16008,81853.4,5835.96,85.49,6.4933
12157,11414,69802.3,5343,4962,70568.1,14670.2,37.35,6.4933
26798.8,21254,82633.2,15377.7,12614,79894.8,9845.94,81.34,6.49665
11061.6,10909,66452.5,6385.08,6000,69742.1,15451,117.03,6.49777
7894.12,7983,64806.3,3510.78,3487,65982.9,11402,9.96,6.49777
20109,19444,67777.3,8635.38,8324,67987.5,14646.8,60.59,6.5
11673.6,11539,66300.2,5128.5,4995,67287.6,8923.2,53.95,6.50112
7953.96,7973,65379.5,3749.46,3689,66610.1,5754.84,-9.96,6.50112
8585.68,8696,64704.6,2659.02,2632,66208.8,27776.6,36.52,6.50112
9406.44,8855,69617.2,6800.82,6215,71713.4,34409.7,41.5,6.50223
14745.1,13997,69038.8,9057.36,8653,68598.5,38359.6,51.46,6.50223
32717.5,23927,89613.2,21347,15911,87926.6,5947.5,63.08,6.50447
6009.16,6101,64549.5,2778.36,2741,66429.3,26030.2,14.94,6.50447
9958.6,9812,66515.2,5028.66,4892,67366.8,35305.9,-9.96,6.5067
15686.9,15279,67285.7,8184.54,7739,69309,33375.4,45.65,6.5067
12223,11350,70576.8,8736,8114,70559.8,12099.4,9.13,6.50782
9412.56,8554,72113.8,6894.42,6334,71334.5,14743.6,5.81,6.50894
13702.7,13468,66678,5291.52,5169,67089.4,5940.48,51.46,6.51006
8661.16,8641,65688.9,4338.36,4237,67103.8,14115.7,29.05,6.51229
8633.28,8760,64588,3533.4,3516,65860.3,17808.2,7.47,6.51229
16315.9,15336,69723.5,9547.2,9192,68068.5,32824.7,37.35,6.51452
7488.84,7572,64816.2,3173.82,3156,65906,20688.7,-31.54,6.51564
33952.4,26021,85511.9,20974.2,16481,83403,32236.6,94.62,6.51676
22835.1,21863,68449.9,11194.6,10823,67785.9,13590.7,-5.81,6.51788
15657.7,14587,70346.3,7868.64,7279,70844.8,29771.8,112.05,6.51899
13190.6,12705,68041.1,6631.56,6213,69951.1,43423.4,26.56,6.52011
14669.6,14001,68665.8,8665.8,8333,68153.4,27273.5,14.94,6.52011
25887.6,21135,80273,17357.3,13771,82603.3,60843.9,125.33,6.52123
9775.68,9329,68673.9,5416.32,5089,69751.2,20812.7,-9.13,6.52346
8529.92,8573,65206.7,3680.82,3661,65890.8,13485.4,4.98,6.52458
15409.5,15000,67325,4984.2,4856,67266.2,22400,6.64,6.52905
9507.76,9532,65369.3,3123.12,3116,65685.8,14829.4,-17.43,6.52905
6973.4,7045,64869.9,3110.64,3093,65909.8,12377,-2.49,6.53128
14132.4,13649,67857.3,6669.78,6389,68416.1,46323.4,32.37,6.5324
9930.72,9788,66491.6,4917.9,4819,66881,17530.5,-30.71,6.53352
5094.56,5145,64893.5,2256.54,2244,65902.2,5940.48,-11.62,6.53463
17027.9,16762,66575.5,6307.08,6254,66092.2,7082.4,-22.41,6.53575
10589.6,10326,67209.2,5459.22,5346,66924,11995.6,31.54,6.5391
14797.5,14729,65840.7,3583.32,3412,68826.6,14660.1,22.41,6.54245
13242.3,13089,66303.7,4541.16,4433,67135,15360.5,48.14,6.54245
41001.3,32712,82142.9,30235.9,24616,80498.1,60515.5,121.18,6.54804
27465.9,21148,85114.6,20659.1,17461,77539.3,69742.9,29.05,6.54916
13795.8,13725,65874.3,6258.72,6249,65637.9,10580.7,-5.81,6.55027
10615.5,10534,66042.9,5406.18,5286,67026,14539.2,35.69,6.55139
16555.3,12689,85504.5,13519,10905,81245.2,34296.6,76.36,6.55251
22461.8,18917,77816.4,15633.5,13697,74801.8,19826.8,-29.88,6.55251
13355.9,13302,65801.5,4999.02,4934,66399.6,21637.2,23.24,6.55251
10999,11068,65127.4,4328.22,4300,65966.1,24627.7,30.71,6.55474
15062.7,13328,74065.7,10769.5,9776,72195.9,14018.9,69.72,6.55586
13396.7,13192,66552.8,5430.36,5333,66732.4,33867.6,87.98,6.55698
11809.6,11516,67206.6,5576.22,5496,66492.6,7464.6,4.98,6.56256
13168.9,13008,66346.5,4300.92,4212,66919.5,10025.3,-0.83,6.56368
15536.6,14981,67966.7,7949.76,7641,68184.2,35712.3,61.42,6.5648
7394.32,7381,65654.3,3336.06,3301,66232.1,5840.64,18.26,6.56703
9061,9044,65659.2,3665.22,3696,64990.2,16582,-11.62,6.56703
22936.4,22097,68025.5,9884.16,9725,66608.6,15422.9,-21.58,6.5715
12373.3,12332,65755.4,4248.66,4124,67517,6687.72,55.61,6.57821
11131.6,9949,73326,7367.88,6733,71715.6,29597.9,-34.86,6.58044
13217.8,12986,66706,5363.28,5274,66645.4,32207,-55.61,6.58156
11346.5,11119,66876.8,6058.26,5787,68607.9,45378.1,39.84,6.58267
16118.7,13925,75860.4,10391.2,9149,74433.8,21913.3,19.09,6.58379
18610.2,15744,77467,13033,11648,73328.6,10192.3,65.57,6.58379
7575.2,7532,65911.9,3659.76,3624,66182.7,10217.2,35.69,6.58491
27403.3,13933,128896,12796.7,6448,130063,13282.6,6.64,6.58938
13488.5,12573,70307.9,7826.52,7069,72558.9,17814.4,48.97,6.59161
5108.16,5233,63972.6,2278.38,2289,65231.9,24130.1,60.59,6.59273
16647.1,15990,68229.1,10438.7,10082,67854.9,11555.7,86.32,6.59385
14552.7,12933,73743.5,7212.66,6513,72576.2,7753.98,4.98,6.59385
11583.8,10809,70233.7,6258.72,5812,70573.2,11458.2,-29.05,6.59608
12516.8,10864,75506.1,7265.7,6500,73256.1,21399.3,30.71,6.59832
10962.3,10356,69372.7,4977.96,4532,71984.9,23984.2,50.63,6.60055
14431,13209,71598.7,9289.8,8521,71448.9,33867.6,39.01,6.60167
13904.6,13640,66807.5,5161.26,5032,67219.5,9215.7,32.37,6.60167
11414.5,11304,66176.5,4598.88,4588,65691.4,15656.9,24.07,6.60502
12890.1,11580,72950.3,7137.78,6577,71123.8,9268.74,-10.79,6.60837
34701.1,27095,83933.2,24656.6,20499,78827.9,10119.7,134.46,6.61172
20439.4,19517,68633.5,7371,6800,71039.1,8489.52,55.61,6.61172
7273.28,7168,66498.6,4707.3,4608,66948.3,5693.22,13.28,6.61172
6954.36,6977,65323.3,2597.4,2549,66780.4,20869.7,39.01,6.61284
13341.6,13228,66098.8,4638.66,4428,68653.8,17343.3,35.69,6.61507
13183.8,13070,66106.8,5255.64,5242,65706.5,12475.3,50.63,6.61507
43614.5,32468,88035,22950.7,17360,86641.6,48948.9,75.53,6.62178
13756.4,13245,68066.4,5991.18,5801,67684.5,15710,79.68,6.62178
13527.9,13300,66659.1,5081.7,4988,66767.1,18159.2,-14.94,6.62178
20689.7,17845,75983.1,12441.8,10585,77032.1,6105.84,58.93,6.62289
7150.2,7217,64929.4,2876.64,2869,65710.5,14738.1,8.3,6.62513
42670.7,36974,75633.3,19677.1,17214,74913.2,9105.72,87.98,6.62625
17017.7,16692,66814.7,5444.4,5332,66917.5,33844.2,43.16,6.62625
19645.9,17946,71743.7,5590.26,5113,71653.3,42111.4,32.37,6.62848
8002.92,8045,65193.2,2771.34,2765,65686.3,5587.14,34.03,6.62848
11106.4,11149,65285.8,4300.92,4272,65979.7,11396.6,12.45,6.6296
14445.2,14129,67002.9,6249.36,5853,69974,20348.6,49.8,6.6296
21370.4,20429,68555.9,9703.2,9328,68172,13137.5,69.72,6.63183
9088.2,8983,66303.5,4901.52,4835,66437.6,12906.7,4.98,6.63183
12495,12348,66316.2,4680,4648,65987.2,12817,19.09,6.63295
6440.96,6545,64494.2,2248.74,2257,65296.2,18633.4,-42.33,6.63518
14201.1,12825,72568,8988.72,8109,72645.8,22075.6,77.19,6.6363
11415.8,9574,78143.8,11228.1,9874,74523.5,48693.8,77.19,6.63742
10105.5,9301,71204.5,6710.34,6213,70782,56440,98.77,6.63965
13277,12981,67030.4,5095.74,5025,66458.6,36662.3,-4.15,6.64077
8189.92,8277,64846.5,3143.4,3173,64924.6,9349.86,43.99,6.643
19994.7,17896,73221.6,10275.7,9073,74223.5,6213.48,39.01,6.64412
9384.68,9472,64931.8,2053.74,2084,64584.4,23281.4,22.41,6.64524
19813.2,19237,67498.8,8874.06,8477,68605.7,9846.72,53.95,6.64747
17758.2,16465,70683.4,9665.76,8721,72635.6,18886.9,101.26,6.65082
20808.7,20084,67900.7,9705.54,9524,66785.2,22861,-4.15,6.65194
14179.4,13996,66394.6,5620.68,5544,66442.4,8464.56,-54.78,6.65306
10081,9989,66139.6,4031.82,3985,66306,14504.9,1.66,6.65418
12867,12632,66755,6498.18,6225,68412,6969.3,92.96,6.65641
20348.3,19629,67937.6,5208.84,5049,67610.7,12338.8,14.11,6.65641
17392.4,17065,66793.2,5506.8,5389,66968.6,47789,32.37,6.65753
16561.4,16006,67810.1,7278.18,7105,67133.4,7280.52,58.1,6.662
18570.1,18385,66195.9,5166.72,5149,65761.5,40238.6,52.29,6.66423
48748.5,34148,93557,33167.9,24772,87748,71187.5,83,6.66535
9945.68,9894,65878.3,4382.04,4326,66385,14579,60.59,6.66647
13436.8,13260,66409.8,8044.92,7640,69009.4,17413.5,39.01,6.6687
22108.2,21269,68121.7,5233.8,5057,67827.2,40971.8,55.61,6.66982
8149.8,8148,65550.5,4056.78,4000,66466.3,12550.2,6.64,6.66982
19562.9,16147,79400.2,14304.4,11895,78810.8,11609.5,35.69,6.67205
28891.2,27405,69090,11130.6,10736,67944.8,7121.4,57.27,6.67205
6691.88,6821,64295.4,2228.46,2245,65053.2,16527.4,11.62,6.67205
25597.9,20458,82001.4,17222.4,14362,78588.4,7356.18,86.32,6.67317
18596,17817,68401.3,7027.8,6701,68732.1,20132.6,85.49,6.67652
30045.1,19257,102250,16297.3,10185,104866,22951.5,114.54,6.67764
31412.6,21497,95764.8,19694.2,14532,88816.4,20566.3,93.79,6.67876
15591.7,15125,67558.3,5487.3,5141,69950.5,24837.5,54.78,6.68099
37285.8,28401,86037.8,43361,35513,80018.7,90505,131.14,6.68099
16462.1,16069,67139.3,6760.26,6597,67157.9,23769.7,38.18,6.68881
9455.4,9448,65587.3,4485.78,4424,66451.2,32233.5,2.49,6.69775
12818,11524,72894.9,8760.96,7972,72021.9,12293.6,-27.39,6.69998
16743,16336,67168.6,6694.74,6612,66356.1,11673.5,20.75,6.7011
7535.76,7428,66486.8,4390.62,4348,66178.4,7041.06,8.3,6.7011
39772.5,26333,98983.5,38383.8,27568,91247.8,11106.4,136.95,6.70222
13701.3,13693,65575.8,5278.26,5264,65713.5,8431.02,79.68,6.70222
19837,19020,68351,8602.62,8380,67277,28077.7,58.1,6.70445
12102.6,11765,67416.8,7181.46,6757,69652.8,14111.8,34.03,6.70445
6890.44,7019,64335.6,3155.88,3167,65305.9,16666.3,60.59,6.70445
14414,14429,65467.7,4672.2,4637,66033.5,16586.7,-23.24,6.70445
19871.6,18969,68654.5,9071.4,8868,67039.2,15588.3,21.58,6.70669
18510.3,17948,67589.1,6775.08,6597,67305.1,18371.3,-26.56,6.70892
10955.5,10501,68372.4,6728.28,6465,68204.9,27573,27.39,6.71004
15136.8,14744,67282,6881.94,6709,67225.3,10085.4,16.6,6.71004
7880.52,7960,64881.6,3063.84,3068,65447.1,12753,-14.94,6.71115
22716.1,21856,68115,8260.98,7808,69338.1,10105.7,33.2,6.71451
63953.3,45073,92987.9,49464.5,32849,98685,35067.2,161.02,6.71562
19089.6,18758,66694.7,3666.78,3622,66346.2,27405.3,12.45,6.72344
13986.9,13536,67719.2,6793.8,6608,67378.7,12005.8,-26.56,6.72456
31193.6,23320,87663.2,25204.1,18081,91354.4,63299.3,77.19,6.72568
10718.8,9604,73143.5,7093.32,6484,71694.6,30319.4,-18.26,6.72568
6338.28,6530,63611.9,3626.22,3078,77208.6,26382.7,10.79,6.7268
21598.2,20160,70211.2,9221.94,8474,71320.4,33140.6,80.51,6.73015
18150.6,16716,71160.3,8796.84,8044,71669.5,16351.9,44.82,6.73015
40880.9,30809,86960.7,27599.5,21069,85849.5,30943.4,115.37,6.73015
8348.36,8156,67081.7,5003.7,4904,66868.4,6740.76,26.56,6.73015
9155.52,9188,65304.3,4034.16,4020,65766.8,13381.7,-0.83,6.73127
14044,13943,66010.9,4644.12,4615,65949.5,7240.74,89.64,6.7335
15808,15628,66290.7,5304.78,5004,69475.2,8711.04,33.2,6.7335
10856.2,10768,66072.8,4109.04,4024,66921,17145.2,6.64,6.73462
11298.2,11272,65688.3,4311.06,4284,65950,6096.48,-9.96,6.73685
13936.6,13789,66237.5,6307.86,6249,66153.3,23598.9,67.23,6.73797
12476.6,12441,65723.7,5094.96,5060,65988.8,33338,-25.73,6.73909
8994.36,8348,70610.3,7509.06,6936,70950.7,7424.04,52.29,6.7402
12777.2,11360,73711.9,8594.82,7932,71012.4,15885.5,66.4,6.74132
9430.92,9481,65189.8,3996.72,3945,66395.2,7925.58,4.15,6.74467
12944.5,11716,72407.8,7846.02,7152,71895.5,45998.2,112.88,6.74467
23654.5,19352,80106.5,18516.4,14892,81486.2,8964.54,65.57,6.74802
20126.6,17989,73323.7,11620.4,10597,71865.4,6602.7,58.93,6.74802
13277,12996,66953,6734.52,6560,67279.5,22211.3,19.92,6.74914
11618.5,11697,65096.1,3545.88,3505,66300.4,14659.3,26.56,6.75026
13829.2,13516,67054.4,5465.46,5281,67825.1,14997.8,11.62,6.75026
17044.9,16461,67860.6,8602.62,8365,67397.6,8842.86,36.52,6.75137
20515.6,19627,68503.1,8654.88,8171,69417,9062.82,27.39,6.75361
9319.4,9356,65279.6,3540.42,3544,65469.8,6558.24,9.13,6.75473
10907.2,10870,65760.3,3645.72,3606,66257.9,10312.4,30.71,6.75584
34616.1,25741,88131.8,25671.4,19184,87698,61683.2,101.26,6.7592
13641.5,12894,69335.2,5571.54,5102,71567.3,14096.9,4.98,6.76366
19004,18504,67306.7,7548.06,7345,67347.8,6629.22,55.61,6.77037
8982.8,8951,65768.8,2366.52,2323,66763.8,7941.96,6.64,6.77037
13714.9,12869,69843.9,6304.74,5745,71921.2,33498.7,69.72,6.77148
12576.6,12052,68388.7,7411.56,7124,68181.4,30904.4,23.24,6.77148
9455.4,9411,65845.2,3779.1,3751,66027,10595.5,24.9,6.7726
20383.7,19885,67179.5,6007.56,5881,66946.3,13870,3.32,6.77372
17562.4,17152,67103.9,6665.88,6544,66756.6,10002.7,-9.96,6.77595
44405.4,33896,85855.3,30721.1,23800,84594,58113.1,122.84,6.78377
14615.9,14324,66871.6,4821.96,4752,66500.8,14573.5,5.81,6.78713
10584.9,10416,66598.6,4540.38,4460,66717.1,6300.06,10.79,6.78713
13642.8,12548,71254.1,9495.72,9032,68900.7,9711,73.04,6.78824
33525.4,24637,89179.6,23290,17984,84871.8,111924,112.88,6.78824
12121.7,12037,65997,4495.14,4429,66514.7,9438.78,44.82,6.78936
26877,23429,75180.8,17792.6,15201,76709.1,23100.5,107.07,6.79159
16180.6,14840,71456.3,7543.38,6956,71070,8482.5,61.42,6.79383
14713.2,14397,66975.2,6690.84,6557,66873.7,5835.18,-18.26,6.79383
13101.6,11780,72888.3,8108.88,7440,71427.9,22926.5,69.72,6.79606
34343.4,23894,94196.4,40952.3,29158,92045.2,39437.6,184.26,6.79606
14499,14265,66610.9,5447.52,5316,67157.4,10849.8,42.33,6.79718
9887.2,9928,65266.7,3923.4,3916,65659.8,18953.2,21.58,6.7983
10550.2,9832,70323.2,8641.62,8120,69746,36751.3,31.54,6.7983
13294.7,13334,65342.7,4948.32,4770,67986,18632.6,33.2,6.7983
11213.2,10801,68037.1,6589.44,6069,71156,26796.9,8.3,6.79942
8752.28,8840,64885.7,3997.5,3964,66089.8,6827.34,20.75,6.80053
25793.8,21501,78620.5,15466.6,13040,77731.6,17929.9,48.97,6.80277
23348.5,20698,73928.2,15095.3,13182,75048.4,17993,26.56,6.80277
14903.6,14545,67151.6,6931.08,6673,68070.6,19661.5,45.65,6.80724
10897.7,10772,66300.6,3811.08,3696,67576.5,22616.9,46.48,6.80724
26345.9,20702,83402.9,23005.3,18794,80221.2,25023.2,114.54,6.80947
20065.4,18601,70695.6,12930.1,12244,69208.1,34983,93.79,6.80947
7661.56,7751,64779.8,3293.16,3235,66714.2,13238.9,7.47,6.81059
14056.3,13424,68622.8,8671.26,8036,70716.7,8721.18,9.13,6.81282
25620.4,21669,77486.5,14707.7,12587,76577.6,35495.5,63.91,6.81729
7181.48,7140,65916.7,3687.06,3608,66972.1,14473.7,-3.32,6.81841
35607.5,26391,88423.1,28434.1,21172,88015.2,60947.6,152.72,6.81953
15129.3,15042,65916.4,6337.5,6326,65655.1,6112.86,41.5,6.82064
17830.3,17177,68028.5,7179.9,7033,66904.9,44715.8,76.36,6.82288
15287.8,14473,69225.4,8341.32,7780,70264.4,24572.3,108.73,6.82511
11526.7,11417,66165.6,4585.62,4557,65947.6,20419.6,63.08,6.82623
34667.1,22185,102409,32234.3,23801,88757,52225.7,131.97,6.82846
14681.2,14188,67814.1,7775.82,7496,67982.4,12200.8,45.65,6.82846
9391.48,9385,65581.3,3338.4,3353,65250.6,8849.88,43.16,6.82958
30298.1,25897,76673.6,15068,12212,80863,24410.1,75.53,6.8307
13587.8,13000,68499,4492.8,4204,70038.1,10196.2,-18.26,6.83181
15762.4,14421,71632,12965.9,12481,68082.3,5881.98,53.95,6.83405
12583.4,12582,65543.3,4694.82,4694,65547.5,16727.9,47.31,6.83405
7999.52,8089,64811,3725.28,3737,65330.5,6210.36,67.23,6.8374
11474.3,11467,65577.8,3887.52,3855,66088.8,13919.1,-36.52,6.8374
13525.2,13493,65692.4,4974.84,4953,65825,15645.2,13.28,6.83852
22155.1,18486,78543.5,8984.04,7010,83991.2,24374.2,54.78,6.83852
28551.8,25728,72729.1,21047.5,19132,72097.5,53740.4,38.18,6.83852
12013.6,11967,65791,5172.96,5167,65611.6,6983.34,-11.62,6.83964
18422.6,17274,69893.5,8558.94,7806,71857.4,5741.58,-9.13,6.83964
32601.9,26767,79822.1,21138,17964,77115.3,13135.2,71.38,6.84187
12208.7,12152,65841.9,4730.7,4684,66189.4,14796.6,14.11,6.84522
7167.2,7282,64502.8,3015.48,3010,65655.3,17024.3,7.47,6.84634
9762.08,9851,64944.4,3877.38,3835,66260.2,6015.36,49.8,6.85081
15130.7,15285,64874.3,5456.1,5301,67453.5,22185.5,33.2,6.85081
17512.7,14701,78070.5,16604.6,13593,80056,35911.2,31.54,6.85192
22576,20088,73653,15534.5,13841,73554.5,38950.9,45.65,6.85192
15859.6,14456,71899.4,11595.5,10753,70670.6,18063.2,59.76,6.85528
12739.1,12312,67809.5,5084.82,4712,70721.3,16805.1,-37.35,6.85863
17489.6,16281,70401,11331.1,10601,70049.3,15058.7,64.74,6.85863
37512.2,26847,91570.7,25195.6,19275,85666.2,10346.7,81.34,6.85975
17906.4,16228,72314.3,12330.2,11036,73221.7,10059.7,24.07,6.86086
13787,13597,66451.8,6865.56,6717,66985.5,30535.4,78.02,6.86757
11475.7,10609,70889.8,9831.9,9173,70243.5,21324.4,0.83,6.86757
8939.28,9065,64627.1,3332.94,3325,65692.5,12244.4,11.62,6.86868
8045.76,7269,72539.1,6705.66,6089,72173.1,24520.1,50.63,6.87539
7727.52,7537,67192.6,4031.04,3957,66762.3,6667.44,5.81,6.87986
30093.4,25381,77703.8,16347.2,13137,81550.8,36340.2,103.75,6.87986
21618.6,20656,68590,9541.74,9212,67881.8,37803.5,68.06,6.87986
11917.7,11156,70010.5,9023.82,8564,69054.8,7987.2,-8.3,6.88432
6478.36,6512,65197.4,3066.18,3076,65326.8,8819.46,24.9,6.88544
14816.5,14360,67619.5,6775.86,6636,66917.2,5712.72,79.68,6.88656
20651.6,19964,67793.2,10058.1,9564,68921.8,7184.58,48.14,6.88768
14126.3,13813,67022.6,6633.12,6385,68082.7,8403.72,14.94,6.88768
9959.96,9860,66200.4,4648.02,4592,66335.5,10174.3,-46.48,6.88768
6258.72,6393,64159.5,2623.92,2649,64915.5,6181.5,8.3,6.88991
9454.04,8600,72044.2,8750.04,7880,72771.9,52239.7,53.12,6.89103
8912.76,8953,65241.4,2648.1,2665,65120.4,28503.5,62.25,6.89103
10153.1,9967,66759.5,4596.54,4335,69489.9,12117.3,19.09,6.89215
14928,13688,71473.1,10650.1,9944,70189.7,9067.5,68.06,6.89215
7435.12,7494,65021.1,2928.12,2914,65853.6,14915.9,21.58,6.89326
17408.7,17156,66501.2,5400.72,5336,66330.9,12157.1,10.79,6.8955
10591,10322,67243.9,5437.38,5126,69517,30949.6,58.93,6.89661
15522.4,15080,67458.4,6261.06,6088,67398.9,10850.6,-14.11,6.89773
35434.8,29765,78019.7,18450.1,15401,78510.9,28587.8,95.45,6.89885
16275.8,16025,66561.7,5343.78,5357,65374.3,13665.6,48.14,6.89997
12932.9,12901,65698.1,5211.96,5129,66596,12063.5,85.49,6.9022
14245.3,14161,65926.2,5452.2,5385,66353.8,16325.4,-47.31,6.90555
9523.4,9397,66417.5,5070,4917,67575.3,33722.5,-1.66,6.90667
11116,10863,67062.1,6003.66,5835,67430.3,13471.4,18.26,6.90779
18027.5,16687,70800.6,9447.36,8587,72102.3,20290.9,57.27,6.90779
16092.9,15782,66827,5731.44,5682,66106.2,43487.3,34.86,6.90779
7179.44,7099,66278.6,2968.68,2975,65396.8,17418.2,46.48,6.90779
26953.2,22026,80196.2,12871.6,11127,75811.1,14650,14.11,6.90779
15662.4,15255,67286.4,7062.12,6887,67202.4,8010.6,16.6,6.91114
6905.4,6887,65711.1,3089.58,3031,66802.6,9335.04,35.69,6.91337
17624.9,16888,68395.7,7343.7,7132,67481.3,23226.8,10.79,6.91672
9842.32,9734,66265.3,4462.38,4322,67664.6,30026.9,-21.58,6.91896
17559,17204,66888.2,5803.98,5684,66919.4,14360.6,11.62,6.91896
18179.8,14806,80469.5,11839.6,10438,74336.2,12587.6,72.21,6.92119
9625.4,9704,65005.2,3730.74,3701,66062.6,23832.1,14.11,6.92343
16269.7,15021,70983.9,8665.02,7821,72608.5,5833.62,51.46,6.92678
23681.7,19569,79309.2,12165.7,10245,77822.2,20996.8,91.3,6.9279
17258.4,16505,68527.5,8459.88,8153,68002.8,8160.36,24.07,6.92901
24029.8,19904,79120.8,14368.4,11864,79370,46308.6,86.32,6.93013
12603.8,12510,66027.4,4942.08,4878,66396.9,25454.5,7.47,6.93013
14934.2,14204,68904.9,9345.96,8972,68267.6,15120.3,23.24,6.93013
12414.8,10893,74691.4,8036.34,7097,74210.2,54167.9,-1.66,6.93125
13878.1,13676,66504.6,5500.56,5317,67798.5,5992.74,32.37,6.93348
21836.8,20741,68998.6,9642.36,9269,68175.8,19993.7,17.43,6.93348
18640.8,16804,72699.7,12313.1,11088,72776.9,40042.1,87.98,6.93572
11895.9,11644,66953.9,6420.96,6344,66331,16094.5,48.97,6.93572
12299.8,11636,69274.9,5741.58,5264,71481.8,28583.1,83.83,6.93572
29340.6,27528,69851.4,14652.3,13893,69117.8,24342.2,89.64,6.93683
10882,10776,66180.9,5562.18,5452,66860.4,11675.8,70.55,6.93683
23659.9,22560,68731.2,13793.5,13360,67662.6,13577.5,62.25,6.94019
27561.1,22355,80798.2,17071.1,14951,74829.1,5988.06,84.66,6.9413
68433.2,52088,86101.1,35114,24584,93607,35156.2,170.98,6.94465
5182.28,5316,63887.5,2405.52,2396,65796.4,8848.32,0,6.94577
22718.8,19189,77591.3,14546.2,12289,77573.5,44381.2,122.84,6.94912
9843.68,9766,66057.3,4856.28,4742,67115.4,39170.8,9.96,6.95024
9096.36,9216,64685.2,2759.64,2712,66687.2,6054.36,3.32,6.95024
9427.52,8924,69233.8,7034.04,6620,69634.9,6503.64,40.67,6.95136
16307.8,15651,68286.1,8268.78,7847,69058.6,21109.9,48.14,6.95247
13011.8,11056,77129.3,7820.28,6896,74319.9,30889.6,83.83,6.95359
12688.1,12449,66794.8,4750.2,4613,67485.2,14129.7,36.52,6.95359
16025.6,15665,67044.4,6089.46,5949,67083.3,45179.9,18.26,6.95359
8085.2,7981,66391.6,6385.86,5949,70348.6,12757.7,-26.56,6.95471
19096.4,18645,67122.8,7705.62,7429,67976.2,6522.36,-47.31,6.95694
34807.8,23065,98901.7,30395.8,19693,101154,34214.7,90.47,6.95806
12274.7,12072,66636.3,5644.08,5500,67252.8,16316.8,43.99,6.95918
14189.6,14080,66046,5629.26,5544,66543.9,10727.3,65.57,6.96141
22801.8,18505,80753.1,8512.92,6157,90612.8,29602.6,77.19,6.96365
13371.5,13235,66212,6116.76,5895,68001.4,11905.1,-14.11,6.96476
26928,23141,76260.9,32944.9,28085,76876.4,33293.5,71.38,6.967
15193.2,14512,68612.5,8366.28,8044,68161.7,16460.3,-16.6,6.96812
20363.3,19370,68896.6,11259.3,10554,69915.6,8511.36,12.45,6.96812
11595.4,10512,72290.1,7928.7,7260,71572.4,33355.1,83,6.96923
9714.48,8933,71269.3,7161.96,6565,71495.2,26838.2,-1.66,6.96923
15049.8,12861,76689.3,9813.96,8720,73757.8,17155.3,14.94,6.96923
7626.2,7677,65102.3,3091.14,3085,65666.4,21882.1,9.13,6.97147
14098.4,13878,66577,5034.9,4930,66930.5,20160.7,24.9,6.97258
19411.3,16963,74994.9,9245.34,8179,74080.3,11739.8,9.13,6.97705
7817.28,7944,64490.6,3189.42,3160,66146.1,18955.6,15.77,6.98041
18332.1,15349,78273.1,12347.4,10061,80429.3,32651.6,24.9,6.98041
12966.2,12776,66511.9,4020.9,3820,68982.6,17532.1,78.02,6.98264
18699.3,17640,69471.6,9547.98,9240,67720.4,28207.9,77.19,6.98264
5814,5867,64944,2600.52,2559,66599.3,6150.3,30.71,6.98487
14635,13569,70684.4,7679.88,7069,71199.4,32087.6,14.94,6.98599
18812.2,18224,67651.3,8347.56,8096,67572.3,17706,16.6,6.98823
7006.04,7092,64741.7,2871.96,2848,66087.3,10565.1,-23.24,6.98934
9018.84,8545,69170.1,6165.9,5893,68570.9,5723.64,47.31,6.98934
12412.7,12241,66455.4,3340.74,3321,65925.5,9246.12,24.9,6.98934
15817.5,15536,66723.4,5785.26,5716,66330.1,10373.2,36.52,6.99046
16260.8,15964,66754.6,4976.4,4853,67202.4,11292.1,30.71,6.99158
16035.8,15525,67692.1,7094.88,6981,66605.1,23947.6,-19.92,6.9927
7025.76,6755,68162.9,4715.88,4531,68210.1,18767.6,26.56,6.99381
19354.8,17219,73665.1,9370.14,8215,74751.3,53994.7,63.91,6.99493
32083.1,25836,81382.4,21589.6,18428,76779.8,19117.8,87.98,6.99605
10476.8,10492,65440.8,4458.48,4369,66878.2,7472.4,-6.64,6.99828
10435.3,10564,64737.5,3746.34,3732,65787.8,8754.72,-17.43,7.00051
60794.7,30367,131203,49761.7,27707,117702,33697.6,167.66,7.00051
17498.4,15021,76345,10431.7,9021,75784.6,15191.3,-20.75,7.00163
20604,18868,71565.8,12519,11632,70533.5,19850.2,26.56,7.00275
5133.32,5136,65501.8,2183.22,2176,65753.4,24457.7,-24.9,7.00387
13067.6,12945,66156.5,6016.14,5921,66589,5773.56,12.45,7.00945
14728.8,14629,65983.1,4376.58,4321,66379,8293.74,-12.45,7.01057
7100.56,7185,64765.8,3061.5,3045,65891.1,31915.3,13.28,7.01057
10169.4,9493,70205.6,6227.52,5725,71288.5,8522.28,32.37,7.01504
21335,16946,82509.8,14423.8,11778,80257.7,77356.5,122.01,7.01616
20738.6,20237,67160.5,11674.3,11481,66639.2,18604.6,-19.09,7.02174
7063.16,7161,64640.6,2891.46,2884,65705.5,28080.8,26.56,7.02174
14105.9,13889,66559.6,5221.32,5131,66689.6,9959.82,29.88,7.02509
17030.6,16621,67151,6407.7,6285,66815.4,8751.6,43.99,7.02621
8126.68,8143,65404.7,3050.58,3052,65505.5,24285.3,8.3,7.02733
9180,9231,65173.9,3038.88,3051,65275.7,9945,50.63,7.03068
29173.4,21876,87397.4,21292.4,16704,83538.1,17192.8,69.72,7.03292
9900.12,9917,65424.4,4227.6,4192,66092.6,6957.6,19.09,7.03515
14643.1,13610,70510.8,9498.84,8846,70372.6,8883.42,8.3,7.03738
26704.3,23232,75331.1,18996.9,17204,72365.8,10637.6,110.39,7.0385
15962.3,13781,75909.4,10739,9489,74169.4,29876.3,39.01,7.0385
18681,18448,66363.6,3499.86,3448,66521.7,12692.9,12.45,7.0385
16587.2,14676,74070.7,8113.56,7220,73646.9,7899.06,43.16,7.04074
13742.8,13451,66957.7,5166.72,5067,66825.8,29081.5,129.48,7.04185
14592.8,14436,66247.8,5183.1,5072,66971.5,11322.5,-26.56,7.04185
12767.7,12752,65616.6,5052.06,5008,66112.6,9199.32,-6.64,7.04297
15436.7,14789,68406.1,8481.72,8193,67845.5,20631.8,28.22,7.0452
11659.3,11524,66305.3,5344.56,5200,67357.9,26292.2,-43.16,7.04632
14424.8,14426,65530.7,4593.42,4414,68199.9,18320.6,-37.35,7.04744
11128.9,10968,66497.3,4811.04,4721,66785.9,12920.7,5.81,7.04967
25772,20130,83904.3,16494.7,13398,80683.2,31275.7,20.75,7.04967
13164.8,13204,65341.4,4810.26,4836,65187.2,13497.1,97.94,7.05079
15652.9,15373,66729.3,7064.46,6969,66433.7,10711,88.81,7.05079
11255.4,11271,65445.1,4105.14,4087,65826.9,8380.32,4.98,7.05414
22132,20776,69813.3,13130.5,12440,69173.8,6177.6,29.88,7.05526
12226.4,12075,66357.7,5036.46,4911,67210.2,7934.94,28.22,7.05526
13186.6,12585,68668.6,7712.64,7204,70163.2,6354.66,71.38,7.05749
14275.9,13933,67149,7331.22,7005,68588,10568.2,0,7.05861
13247.1,13104,66251.6,4222.92,4208,65768.4,7134.66,57.27,7.05973
11141.1,10984,66473.5,5445.18,5256,67894.8,6608.94,0,7.06085
12794.9,12468,67254.2,5940.48,5812,66984.7,18815.9,26.56,7.0642
14761.4,14096,68629.8,8650.98,8176,69343.3,21535.8,19.09,7.0642
10008.2,10034,65367.8,3304.08,3234,66956.1,14948.7,-29.05,7.06531
8663.2,8699,65266.3,3351.66,3279,66988.2,22782.2,64.74,7.06755
34894.9,28976,78922.9,26518.4,21924,79269.9,25463.9,75.53,7.06867
10176.9,10116,65930.4,3916.38,3872,66287.2,6163.56,-3.32,7.06978
14477.2,12819,74013.4,7596.42,6691,74404.3,7432.62,13.28,7.0709
22527.7,20588,71710.5,13685.1,12309,72862.7,33381.7,2.49,7.07984
18934.6,17925,69227.2,13172.6,12209,70708.7,6420.18,33.2,7.08207
43989.9,27573,104556,27950.5,19049,96160.7,45008.3,131.14,7.08431
9112.68,8883,67230.5,5799.3,5555,68418.2,9437.22,35.69,7.08431
11132.3,11019,66209.7,6076.2,5963,66780.1,8616.66,43.99,7.08878
10210.9,9777,68444.3,6455.28,6009,70403.3,6311.76,41.5,7.09213
13158.7,12776,67499,8082.36,7756,68293.7,11059.6,49.8,7.09325
23438.2,22692,67691.2,8285.16,8064,67333.4,15196,66.4,7.09325
12122.4,11160,71187.4,8689.98,8344,68253.4,42278.3,14.94,7.09436
12638.5,11720,70672,9183.72,8744,68831.7,31175,34.86,7.09436
20502.7,18908,71063.2,11546.3,10529,71868.3,11767.9,22.41,7.09436
12191,12107,65990.9,4078.62,3995,66907.7,14199.9,-50.63,7.09995
12033.3,11932,66092.3,5164.38,5100,66363.3,9149.4,3.32,7.10553
6978.16,6923,66058.2,4009.2,3935,66771.8,6236.88,-26.56,7.10665
45431.5,32977,90287.1,34387.9,26129,86250.6,32350.5,117.86,7.11
18372.2,17676,68117.4,8120.58,7893,67425.6,21981.2,15.77,7.11112
40129.5,27984,93979.7,32411.3,24244,87613.8,18214.6,148.57,7.11336
16148.6,15589,67888.7,6488.82,6309,67403.9,7109.7,-23.24,7.11336
15695.1,15028,68445.1,8446.62,8116,68205.7,6667.44,89.64,7.11447
10653.6,10529,66311.3,4433.52,4349,66809.6,34950.2,44.82,7.11447
31090.3,23821,85535.1,23291.6,18681,81710.7,15352.7,111.22,7.11559
17516.8,14477,79296.9,12755.3,10960,76271.4,14376.2,64.74,7.11782
17230.5,16390,68896.8,7973.16,7622,68555.4,19571,42.33,7.11894
11483.8,11312,66531.6,4215.9,4164,66352.8,20450,47.31,7.12006
17322.3,16741,67811.7,7580.04,7369,67412.9,21227.7,58.93,7.12118
7229.76,7300,64905.4,2510.04,2468,66652.3,5729.88,-14.11,7.12229
10066,9965,66200.5,3903.12,3760,68030.6,6668.22,-39.01,7.12229
28963.2,22683,83681,13157,9247,93247.5,25775.9,28.22,7.12229
14444.6,13310,71122.4,8515.26,7854,71053.7,13129,42.33,7.12341
13466,13158,67070.3,4324.32,4209,67331.6,12953.5,10.79,7.12453
8803.28,8840,65263.8,3649.62,3596,66513.2,12324.8,29.88,7.12676
11398.8,10356,72135.4,6508.32,6004,71040.9,9870.12,-50.63,7.129
6193.44,6185,65625.4,2807.22,2756,66754,21636.4,53.12,7.13123
9813.08,9338,68870.2,4489.68,4218,69757.1,6827.34,24.9,7.13235
12680.6,11233,73981.9,8021.52,7313,71885.5,18424.4,-9.96,7.1357
18487.8,18012,67267.3,6300.06,6145,67189.7,13212.4,12.45,7.13682
24527.6,16353,98296.4,20973.4,15841,86769.4,32942.5,97.94,7.13793
20964.4,19946,68882.1,8787.48,8186,70351.4,6126.12,56.44,7.13905
16447.2,16062,67107.5,7135.44,6846,68306.8,14616.4,19.09,7.13905
21243.2,17148,81187,17214.6,14264,79092.5,24969.4,88.81,7.14129
10924.2,10438,68588.7,7036.38,6838,67437.3,24759.5,39.01,7.1424
13417.1,13130,66968.9,5616,5498,66942.6,9040.98,-7.47,7.14352
10180.3,10164,65641,3967.08,3920,66323.1,12454.3,-10.79,7.14464
17769.1,16784,69382.4,9477.78,8944,69447.2,20186.4,1.66,7.14687
12681.3,11130,74670.5,7965.36,7242,72082,19269.1,46.48,7.14799
22795.6,19757,75615.5,10332.7,9021,75065,7570.68,71.38,7.14911
18565.4,15932,76368.3,11903.6,10421,74859.7,10739,38.18,7.14911
13596.6,12403,71842.8,9684.48,8999,70528.1,26979.4,65.57,7.15246
13460.6,12932,68214.8,6773.52,6512,68167.9,33088.4,95.45,7.15246
11243.8,10781,68349.3,7395.18,6969,69543.8,21468.7,43.16,7.15357
17446.1,16904,67637.6,7998.9,7617,68821.8,37064,24.9,7.15581
11435.6,10734,69819.4,5158.92,4746,71237.9,30328,20.75,7.15581
14830.8,13581,71567,12040.1,11033,71518,34776.3,88.81,7.15581
5083,5120,65062.4,1979.64,2004,64739.4,15629.6,-1.66,7.15693
14141.3,13273,69823.2,7458.36,7193,67953.7,19336.2,-19.09,7.15693
7171.96,7173,65526.5,2922.66,2865,66855,10938.7,29.88,7.16028
17770.4,16728,69620,8014.5,7416,70825,36883.9,62.25,7.16251
14408.5,14045,67232.2,5939.7,5853,66506.8,25800.8,47.31,7.16251
15198.7,14940,66670.7,5736.9,5676,66239.2,26445.1,-33.2,7.16586
10861,10820,65784.1,2186.34,2176,65847.4,11749.1,14.11,7.16698
12228.4,12129,66073.3,3949.14,3901,66344.7,9342.84,-7.47,7.1681
11964.6,11854,66147.5,4297.02,4218,66763.8,20826,-11.62,7.16922
6304.96,6297,65618.9,3189.42,3113,67144.8,7051.98,0.83,7.16922
13141.7,12063,71396.3,8161.92,7439,71904.8,27427.1,24.07,7.17592
9796.08,9608,66818.9,4300.92,4204,67046.9,14153.9,36.52,7.17592
10329.2,10204,66340.1,6162.78,6085,66373.7,25251.7,40.67,7.17815
26741,23020,76129.4,17185.7,15292,73651.9,15594.5,44.82,7.18486
13262,12908,67333.5,5243.16,4977,69040.7,8797.62,43.16,7.18709
6058.12,5969,66514.5,3956.16,3877,66874.1,9898.2,24.9,7.18821
23851,22669,68953.2,9339.72,9069,67492.3,10234.4,40.67,7.18933
14675.1,14331,67109.5,5892.9,5771,66920.3,21648.9,132.8,7.18933
14339.8,13660,68797.6,7797.66,7532,67847.5,32909.8,114.54,7.18933
11154.7,10737,68085.7,6299.28,6053,68202.5,6800.04,20.75,7.19044
9370.4,8932,68752.6,5768.88,5504,68689.9,14977.6,-20.75,7.19044
17415.5,16824,67840,6810.18,6568,67952.5,15096.1,25.73,7.19268
36924.7,23661,102274,28977,19613,96825.4,36151.4,152.72,7.19491
12574.6,12323,66873.8,6150.3,5959,67639.9,6530.94,14.94,7.19603
15170.1,14973,66398.8,8203.26,7840,68572.6,14969,15.77,7.19826
12021.7,12057,65344.2,4992,5069,64540.5,11335.7,-37.35,7.19938
5964.28,6080,64288.7,3300.96,3268,66197,14575.9,72.21,7.20273
10012.3,9949,65953.1,4467.06,4377,66884.5,21308,26.56,7.20273
10319,10365,65245.1,3256.5,3232,66032.8,5647.98,14.11,7.20497
16785.1,16376,67173.3,7688.46,7512,67075.5,6298.5,28.22,7.20608
30596.6,23780,84322.1,19922,16548,78898.2,29843.6,92.96,7.2072
16505,16169,66897.7,5037.24,4900,67371.5,20197.3,-11.62,7.20832
14063.1,13884,66381.3,7934.16,7576,68634.3,17608.5,22.41,7.21055
7664.96,7593,66157.1,4097.34,4020,66796.8,12791.2,53.95,7.21055
50106.5,32882,99865.5,31304.5,20406,100538,48839.7,165.17,7.21167
12511.3,11669,70266.7,6475.56,5977,71002.6,27721.2,-25.73,7.21502
16524.7,16329,66321.4,6123.78,5940,67563.6,9228.96,-15.77,7.21614
17442,17148,66659.6,6890.52,6780,66604.3,5841.42,28.22,7.21726
13092.7,12669,67727.9,7697.82,7597,66405.7,14003.3,72.21,7.21726
22722.9,22236,66971,8922.42,8657,67545.3,26208.8,32.37,7.21726
13678.2,13598,65922.5,4593.42,4542,66277.9,7153.38,-29.88,7.22173
12029.9,11440,68915.2,6577.74,6108,70576.1,20027.3,28.22,7.22173
13342.3,12825,68179.3,6858.54,6692,67166.9,9183.72,43.99,7.22173
15701.9,14776,69642.6,7924.8,7292,71223.2,9055.02,91.3,7.22284
5303.32,5388,64506,2177.76,2204,64755.8,8289.06,18.26,7.22284
6823.12,6912,64693.3,3102.06,3104,65495,13387.9,-10.79,7.22508
20301.4,16475,80757.1,10517.5,9147,75355.4,16017.3,95.45,7.22955
13104.3,13061,65753.2,3719.82,3701,65869.3,23212.8,-35.69,7.22955
12193.8,11409,70043.9,7284.42,6725,70987.6,13516.6,26.56,7.23066
29910.5,23334,84006.7,13199.9,10658,81166.4,26150.3,121.18,7.23178
8397.32,8431,65274.2,3597.36,3547,66466.5,15049.3,44.82,7.2329
7999.52,8066,64995.9,3524.04,3510,65798.1,20915.7,53.12,7.23401
27703.2,25064,72436.9,13604,12220,72958.3,25160.5,118.69,7.23513
15359.8,15164,66382.4,5006.82,4936,66476.3,15379.3,62.25,7.23737
5357.72,5497,63875.5,1868.88,1881,65113.7,20847.1,44.82,7.23737
20554.4,17778,75770.6,13225.7,11778,73591.3,32765.5,25.73,7.23848
16372.4,15849,67700.1,5884.32,5481,70358.5,40655.9,36.52,7.24072
19552.7,18460,69415.3,11773.3,11308,68232.8,10275.7,26.56,7.24072
10943.2,10769,66596.4,4728.36,4569,67821.8,17988.4,36.52,7.24184
12442.6,12358,65984.9,4534.14,4486,66239.3,14218.6,-20.75,7.24295
10290.4,9660,69813.1,6013.02,5621,70106.6,9449.7,3.32,7.24295
6768.72,6869,64579.3,2169.96,2209,64377.8,5631.6,-78.02,7.24407
13237.6,13101,66219.1,2764.32,2717,66677.4,17501.6,57.27,7.2463
19156.3,17970,69862.3,7642.44,6998,71571.2,7722.78,38.18,7.24742
50194.2,38919,84522.4,32370,27155,78121.9,25053.6,140.27,7.24854
19032.5,17941,69523.2,9865.44,9457,68366.4,27172.9,62.25,7.24854
20748.8,19729,68923.7,9110.4,8769,68087.5,24534.9,66.4,7.24966
24014.9,22592,69663.6,16209.2,15396,68997.5,7846.02,9.13,7.24966
9102.48,9050,65916,3359.46,3358,65564.5,11838.1,-59.76,7.24966
15903.8,15044,69281.7,10600.2,9768,71119.4,51255.4,11.62,7.25077
19490.2,19128,66776.8,9883.38,9685,66878.4,18599.1,-43.99,7.25189
15673.3,15569,65975.1,5012.28,4829,68023.4,6381.18,29.88,7.25301
28009.9,22932,80047.8,19327.6,16708,75811.3,6147.96,117.03,7.25524
16403,15789,68084.4,10532.3,10237,67426.7,13865.3,12.45,7.25524
9026.32,9097,65026.8,3578.64,3581,65492.8,6708.78,-16.6,7.25636
36441.2,20273,117803,34273.2,22465,99983.5,8806.98,114.54,7.25636
9353.4,9439,64941.7,3083.34,3083,65543.2,27951.3,-29.88,7.25748
13260.7,13181,65932.2,4460.82,4425,66066.5,21187.1,-7.47,7.26306
55957.9,41709,87924.8,30577.6,20793,96375.3,121753,118.69,7.2653
14359.6,14060,66932.3,5039.58,4936,66911.2,15879.2,10.79,7.26641
7396.36,7465,64933.4,2907.84,2889,65963.4,8869.38,33.2,7.26865
22472.6,21108,69772.9,10685.2,10252,68305.4,7705.62,6.64,7.26865
21977.6,21040,68456.5,9677.46,9092,69756,17028.2,-45.65,7.26977
11259.4,11276,65439.8,4931.16,4856,66550.4,17315.2,26.56,7.27088
8912.76,8952,65248.7,3693.3,3672,65916.1,22888.3,4.98,7.272
12323.6,11696,69052.9,7847.58,7252,70918.2,33912.8,48.14,7.272
14564.2,13997,68191.9,10480.9,9885,69486.5,12408.2,-8.3,7.27312
11462.1,11449,65610.9,5052.84,5001,66215.3,10115,-6.64,7.27423
15268.7,14973,66830.4,6647.94,6429,67767.8,8760.18,63.91,7.27423
12829.6,12261,68575,7990.32,7389,70869.3,25950.6,80.51,7.27535
9551.28,8346,75000.3,6934.2,6334,71746.1,24222.9,63.08,7.2787
15282.3,13400,74742,9799.14,8897,72181.2,23862.5,4.98,7.28094
14545.2,13190,72269.5,8301.54,7634,71266.7,7140.9,44.82,7.28094
10767.8,10537,66971.5,5644.08,5517,67045.6,10114.3,38.18,7.28429
19442.6,18038,70639.1,9693.06,9298,68320.5,15664,60.59,7.28429
20501.3,17950,74850.9,12654.7,10926,75905.2,23506.9,4.98,7.28429
12825.5,12653,66429.4,5213.52,5133,66564,14392.6,16.6,7.28541
17394.4,16656,68441.4,9543.3,9024,69307.4,9694.62,-49.8,7.28652
9318.04,9214,66276,4742.4,4618,67301.4,9409.92,22.41,7.28652
17049,16748,66713.7,7547.28,7464,66267.2,12708.5,-15.77,7.29099
9660.76,9503,66624,5396.82,5263,67202.4,25689.3,19.92,7.29211
13383.8,13001,67465.4,6896.76,6701,67450.5,9297.6,10.79,7.29435
13117.9,12765,67347.7,6492.72,6320,67327,18961.8,62.25,7.29546
13259.3,13165,66005.5,4615.26,4560,66330.2,5593.38,-19.09,7.29658
35876.8,28241,83255.6,18980.5,15365,80957.2,45289.1,68.89,7.2977
10925.6,10791,66353.2,3790.8,3731,66586.4,9423.96,33.2,7.29881
7894.12,7855,65862.4,2795.52,2767,66211.5,22627,53.95,7.30105
11031,10861,66561.5,4945.98,4873,66517.5,17116.3,9.96,7.30217
9744.4,9524,67052.6,4712.76,4588,67318.1,7519.2,6.64,7.3044
11532.1,11317,66781.8,4205.76,4101,67210.1,16203.7,-10.79,7.3044
13252.5,12950,67067,5297.76,5170,67155.5,9129.12,-14.94,7.30552
8638.04,8700,65069.3,3541.2,3532,65706.7,25488.1,-9.13,7.30552
19265.8,18777,67241.9,6135.48,6057,66385.1,15522,-11.62,7.30663
16218.7,15617,68060.9,7889.7,7641,67669.1,33685.1,-43.16,7.30663
22365.9,18252,80307.4,13238.9,10529,82403.6,15126.5,57.27,7.30775
15672.6,15585,65904.5,5001.36,4913,66714.7,7901.4,6.64,7.30887
12121.7,12182,65211.5,4995.9,4998,65508.5,5801.64,-0.83,7.3111
13062.8,13096,65369.9,3751.8,3720,66096.2,8844.42,4.15,7.31334
5138.76,5216,64565.5,2991.3,2924,67044.4,12263.9,-23.24,7.31446
8562.56,8656,64828.6,4314.96,4312,65581,10352.2,61.42,7.31446
12597.7,12037,68588.6,6225.18,6077,67134,9806.16,-4.15,7.31669
23713,21951,70796.4,13671.1,12671,70708.4,17472,61.42,7.31669
21783.8,20742,68827.7,7445.88,7170,68057.6,15784.9,46.48,7.31781
11580.4,11497,66011.4,4133.22,4105,65986.5,5971.68,-11.62,7.31892
37329.3,23380,104637,22560.7,15860,93224.4,93204.5,122.84,7.31892
12509.3,12172,67352,5245.5,5100,67405.7,15751.3,19.92,7.32004
8673.4,8229,69075.2,5343.78,5049,69362.2,16395.6,11.62,7.32116
14477.2,13441,70588.3,8975.46,8293,70929.2,20453.2,18.26,7.32339
20966.4,17630,77938.5,11758.5,10206,75505.1,15146.8,114.54,7.32563
12786,12644,66272.2,4478.76,4404,66648.5,29948.1,25.73,7.32786
10718.2,10797,65057.5,3393,3389,65613.3,13203.1,53.95,7.32898
22413.5,17028,86263.2,18283.2,15748,76086.3,51100.9,136.95,7.3301
21381.9,16942,82710.8,13813,11786,76807.2,36851.9,50.63,7.33121
14593.5,14301,66876.3,5846.1,5744,66700.9,34833.2,-15.77,7.33233
6156.72,6235,64713.2,2933.58,2923,65773.2,7694.7,29.05,7.33233
26172.5,22581,75959.5,13243.6,11561,75074.3,15556.3,68.06,7.33345
18858.4,17766,69565.8,12247.6,11618,69087.3,17681,35.69,7.33457
24473.2,18948,84646.2,26604.2,21852,79788.4,11230.4,96.28,7.33568
19027.1,17763,70199.8,10338.1,9863,68693,28218.1,5.81,7.33568
7007.4,7053,65112.3,3290.04,3277,65796.8,19021.1,-9.13,7.33792
8421.12,8396,65732.1,3973.32,3912,66563.3,13933.9,68.06,7.33903
28122.1,26021,70827.8,13446.4,12781,68948,34275.5,32.37,7.34015
11513.8,10242,73673.7,7710.3,6934,72873.1,12062.7,31.54,7.34015
8944.72,8512,68867.6,6149.52,5972,67484.1,29303,18.26,7.34127
6398.8,6433,65187.6,2874.3,2869,65657.1,11625.9,-18.26,7.34239
12950.6,12450,68171.1,7040.28,6770,68152.4,6377.28,-0.83,7.34239
14749.2,13108,73741.5,12299.8,11280,71461.1,38479,20.75,7.3435
16230.2,15957,66658.2,7501.26,7377,66639.9,26901.4,19.92,7.3435
14924.6,13385,73074.4,8911.5,8157,71597.9,6381.18,34.03,7.34574
24999.5,23528,69634.8,13553.3,13048,68073.9,32083,85.49,7.34685
28109.8,16652,110630,11376.3,6200,120251,15751.3,46.48,7.34797
21611.8,16700,84811.3,10809.2,8785,80636.8,12884.8,59.76,7.34909
14507.8,14354,66238.2,5588.7,5526,66279.6,19721.5,46.48,7.35132
11925.8,11805,66206.9,4857.84,4784,66547.5,7254.78,-12.45,7.35579
10193.9,9296,71866,6833.58,6216,72047.2,24601.2,-4.98,7.35579
23261.4,18200,83761.6,17173.3,14280,78814.2,10128.3,43.99,7.35803
17667.1,16610,69706.8,9321.78,8998,67894.2,18840.1,46.48,7.3625
19286.2,17924,70516.5,12093.9,11578,68456.2,23737,36.52,7.36361
7879.84,7999,64559.7,3318.9,3307,65771.8,6182.28,-20.75,7.36473
10272.1,10171,66187.3,5112.9,5067,66129.7,10949.6,89.64,7.36473
18308.3,17873,67132.2,9725.04,9493,67137.9,6534.06,-0.83,7.36585
18302.2,17597,68162.4,8537.1,8153,68623.5,7883.46,67.23,7.36696
23475.6,21524,71478.3,13685.9,12320,72801.8,50800.6,107.9,7.36696
8489.12,8412,66136.8,3644.16,3601,66321.5,31221.1,3.32,7.37032
22990.1,18153,82999,13234.3,11133,77905.4,32530.7,73.04,7.37143
8986.2,8931,65941.1,4166.76,4103,66554.4,10942.6,-12.45,7.37143
12962.8,12014,70711.9,8855.34,8442,68744.8,40172.3,29.05,7.37255
13277.7,13008,66894.7,5831.28,5680,67281.5,10275.7,-9.13,7.37255
31421.4,22724,90619.4,17926,13056,89981.3,26161.2,91.3,7.37478
13420.5,13079,67247.1,6281.34,6067,67851.3,19416.5,24.9,7.37478
19399.7,16671,76263,11667.2,10191,75029.4,27583.9,29.05,7.3759
11685.8,10605,72215,8759.4,8141,70514.2,28501.2,64.74,7.37702
15567.9,14304,71326.8,7024.68,6388,72067.9,30661.8,95.45,7.37814
15908.6,14588,71468.8,10223.5,9304,72012.5,41412.5,0,7.37925
40408.3,33753,78458.2,25225.2,21881,75552.2,6291.48,51.46,7.38149
12462.4,12489,65396.2,3786.12,3796,65365.4,5644.08,18.26,7.38149
27965.7,24952,73451.4,9952.8,9221,70737.1,46393.6,107.07,7.38149
13639.4,13361,66901.8,5953.74,5829,66938.5,8367.06,72.21,7.38596
9823.28,9613,66969.6,5328.18,5225,66830.2,36146,-42.33,7.39043
5688.2,5685,65572.9,2633.28,2625,65742.7,5995.86,14.11,7.39043
17520.9,16677,68852.2,8227.44,7957,67763.4,13311.5,38.18,7.39154
14063.1,11885,77546.3,8388.12,7277,75542.6,6998.94,48.97,7.39154
13051.2,12984,65875.4,3271.32,3201,66975.7,8736,12.45,7.39154
16267,13880,76806.3,11276.5,10101,73162.5,33085.3,82.17,7.3949
12751.4,11680,71547.4,9080.76,8320,71528.5,38606.1,23.24,7.39601
27107.5,22312,79621.7,20469.5,16824,79736.8,28470,98.77,7.39601
17230.5,13216,85443.4,11522.9,10100,74769.1,9830.34,-4.15,7.39601
9685.24,9623,65959.9,3505.32,3459,66413.6,27523.1,32.37,7.39713
15566.6,15098,67569.9,6566.04,6430,66922.5,17775.4,51.46,7.39713
12069.3,10755,73544.9,9531.6,9011,69322.3,10318.6,27.39,7.39825
10142.9,10243,64895.4,3485.82,3527,64770.8,7238.4,15.77,7.40048
22330.5,18737,78105,13554.8,11893,74693.5,12483.1,63.08,7.4016
7601.04,7649,65125.1,3111.42,3109,65587,12122.8,18.26,7.40272
11271,10211,72339.3,7717.32,7143,70805.3,19411.9,28.22,7.40272
12726.9,12836,64978.9,3921.84,3924,65499.9,11538.5,48.14,7.40272
12359,12418,65224.6,4053.66,3958,67119.9,13686.7,39.84,7.40383
9286.08,9314,65339.5,3556.8,3494,66713.9,12418.4,87.98,7.40495
14352.8,13792,68200.6,4679.22,4280,71648.9,35085.2,55.61,7.40607
24237.9,19321,82214,18766,15689,78389.3,16466.6,84.66,7.4083
8833.2,8905,65007.6,1864.2,1853,65932.1,7062.9,42.33,7.4083
14645.8,14344,66915.1,6922.5,6757,67141.2,16791.1,23.24,7.40942
10557,10585,65362.6,3977.22,3940,66155.1,7903.74,-35.69,7.40942
8212.36,8188,65731,3449.16,3388,66719,24850,39.01,7.41389
14830.8,14435,67333,5133.96,4963,67793.5,8995.74,31.54,7.41501
10776.6,10847,65110.9,3338.4,3327,65760.6,7836.66,62.25,7.41501
22912.6,11685,128507,17606.9,8989,128367,54972.8,117.86,7.41612
17514.8,14823,77436.9,11980,10695,73410.2,23052.1,61.42,7.41612
16326.1,14705,72760.9,7244.64,6457,73530.2,16679.5,42.33,7.41724
17614.7,16100,71701.8,12694.5,11492,72393.6,36764.5,21.58,7.41947
13962.4,13709,66747.6,5382.78,5261,67053,20429,11.62,7.43176
12809.2,12469,67323.9,5226,5109,67036.8,19305.8,-10.79,7.434
74551.8,51053,95701.1,47759.4,32973,94924.9,9292.92,258.13,7.43623
14562.2,14224,67094.2,6373.38,6132,68115.8,22834.5,12.45,7.43623
11179.9,11168,65605.7,4447.56,4460,65353.2,17751.2,57.27,7.43735
9993.28,9616,68107.3,6736.08,6420,68762.6,15385.5,57.27,7.43847
7601.72,7701,64691.1,3099.72,3125,65005.8,18700.5,-7.47,7.43958
22903.1,20220,74232.3,14929.2,13388,73080.4,42003.8,62.25,7.4407
52907.4,31112,111447,61483.5,39217,102746,13433.9,213.31,7.44182
10501.9,9732,70720.7,7069.92,6504,71238.4,18585.1,14.94,7.44294
25977.4,21345,79758.8,12444.9,10701,76216.1,6164.34,-43.99,7.44294
14816.5,14438,67254.2,6420.18,6306,66722.6,9133.8,42.33,7.44517
9219.44,8993,67186.2,5033.34,4917,67086.6,21712.9,-12.45,7.44517
13864.5,12745,71292.7,10579.1,9565,72484.5,7511.4,40.67,7.44964
13878.1,13206,68871.5,7159.62,6934,67668.4,6412.38,-15.77,7.44964
11034.4,10970,65920.5,4015.44,4010,65624.9,7040.28,19.92,7.45299
6058.8,6124,64838.3,1974.96,1996,64845.2,10360,0.83,7.45299
13488.5,13386,66037.7,5443.62,5358,66583.3,16936.9,-25.73,7.45634
22444.1,21265,69169.8,12857.5,12293,68545.5,6824.22,23.24,7.45746
16262.9,15063,70756.4,11157.9,10532,69430.7,10013.6,20.75,7.45858
39218.3,33138,77560.9,21287,17286,80704.8,75589,124.5,7.45969
24632.3,19505,82763.6,19510.9,16725,76452.5,34957.3,54.78,7.45969
12434.5,12397,65734.1,4554.42,4480,66624.7,28780.4,42.33,7.46081
17641.9,17029,67894.8,9108.84,8861,67369,14263.9,34.86,7.46081
6812.92,6853,65152.7,2901.6,2869,66280.7,14235.8,-1.66,7.46528
12605.2,12525,65955.4,5695.56,5613,66499.9,11006.6,11.62,7.4664
15672.6,15697,65434.3,7261.02,7137,66674.8,6812.52,36.52,7.46751
32209.6,27233,77512.1,22313.5,19389,75420.8,68785.1,91.3,7.46863
12571.8,12498,65923.2,4236.18,4166,66640,13180.4,-32.37,7.46863
25732.6,21660,77858.2,13314.6,11628,75041.8,17211.5,83,7.46863
18194.8,15387,77494.8,10918.4,9567,74793.7,18653.7,48.14,7.46975
18465.4,17653,68552,10123.6,9801,67693.2,21573.2,-31.54,7.46975
23594,22605,68403.2,6129.24,5865,68488.6,8110.44,63.91,7.47198
18496,16561,73193.3,10022.2,8849,74224.9,24918.7,28.22,7.4731
8415.68,8333,66186.3,5675.28,5357,69429.8,13437.8,64.74,7.4731
31679.2,22077,94040.2,25740,18877,89362.5,45085.6,66.4,7.4731
8706.04,8792,64895.3,3052.14,3089,64754,15591.4,-16.6,7.47422
6201.6,6293,64584.2,2601.3,2577,66154,7129.2,22.41,7.47422
6783.68,6872,64693.7,3350.1,3313,66269.9,19293.3,-1.66,7.47645
16386.6,15339,70012,9766.38,8943,71569.9,35224,34.03,7.47869
8242.28,8314,64970.7,2968.68,2938,66220.4,10475.4,-39.01,7.4798
13944.1,13829,66081.4,5481.84,5105,70373.7,22743.2,15.77,7.48204
10872.5,10501,67854.6,6873.36,6589,68364.3,46038.7,64.74,7.48539
13890.4,13604,66915.5,4548.96,4448,67023.5,8881.86,38.18,7.48539
34817.4,24632,92635.2,23659,17429,88961.7,13953.4,148.57,7.48762
8784.92,8050,71519.1,6390.54,5922,70721.1,9217.26,47.31,7.48874
73672.6,48264,100037,48170.5,30860,102297,40567.8,260.62,7.48986
15208.9,14885,66962,6976.32,6613,69136.6,38904.1,1.66,7.48986
13111.8,13080,65695.1,4389.84,4376,65743.3,6388.98,1.66,7.48986
22955.4,18773,80136.8,9871.68,8333,77637.2,21055.3,65.57,7.49098
22550.2,21593,68441,10045.6,9796,67206,6125.34,-10.79,7.49209
27557.7,22908,78838,14903.5,13096,74581,7062.9,37.35,7.49433
7484.76,7578,64729.6,3473.34,3438,66209.7,12452.7,34.86,7.49545
22568.5,20737,71324.2,9842.04,8769,73555.5,65299.3,55.61,7.49656
10986.1,10970,65632.1,3472.56,3450,65964.5,8548.02,-6.64,7.49991
15567.2,15273,66798.6,5786.04,5684,66712.5,5933.46,10.79,7.50103
19284.1,19060,66306.6,5363.28,5220,67334.8,9029.28,-19.92,7.50215
22416.2,18922,77638.1,16947.1,14781,75139.9,15208.4,108.73,7.50327
11347.8,11161,66633.1,5169.84,5092,66537.8,7965.36,48.97,7.50438
10995.6,10717,67239.7,7782.06,7417,68761.6,14093.8,34.03,7.50438
20941.3,20061,68411.7,7532.46,6909,71449.9,26024.7,23.24,7.50662
63990,40648,103170,52501.8,36229,94972.5,59975.8,200.03,7.50773
13748.9,12992,69354.2,5417.88,4976,71355.7,8236.8,-42.33,7.50997
22569.2,19489,75893.9,9061.26,8097,73340.6,5933.46,-9.96,7.51109
6349.16,6441,64601.5,2909.4,2900,65748.4,21331.4,12.45,7.51109
12947.9,12956,65494.9,4941.3,4961,65275.8,13160.2,0,7.51109
14036.6,13856,66390,4773.6,4756,65778.5,13717.9,28.22,7.51109
17363.8,15183,74949.2,8029.32,7035,74798.8,11616.5,25.73,7.51332
20869.2,20009,68353.4,9860.76,9533,67789.2,14394.9,10.79,7.51555
11730.7,11510,66792.5,4818.84,4706,67107.4,9379.5,18.26,7.51667
13992.4,13903,65957.2,5810.22,5759,66118.9,17355.8,-8.3,7.51779
7530.32,7573,65166.7,3655.86,3605,66460.6,5804.76,32.37,7.51891
28248.6,22943,80691.2,17534.4,14012,82010.7,16373,50.63,7.52002
10156.5,10100,65902.5,4114.5,4028,66943.4,25289.2,25.73,7.52114
18373.6,15644,76970.9,10807.7,9692,73080.1,16734.9,-6.64,7.52114
12146.2,11464,69435.7,6673.68,6193,70622.7,12922.3,-14.94,7.52226
15946,15015,69599.5,6811.74,6167,72387.6,35273.9,-9.13,7.52226
18651.7,15934,76713.9,8302.32,6458,84252.2,30612.7,114.54,7.52226
24818.6,20147,80732.3,16762.2,14615,75164.4,40567,73.04,7.52449
14009.4,12076,76028.3,8672.04,7541,75365.4,16549.3,4.15,7.52449
17117,16552,67772.9,8085.48,7852,67484.7,11689.1,-34.03,7.52561
15146.3,14455,68670.3,8857.68,8439,68787.4,8629.14,-1.66,7.52784
15778.7,14953,69155,8426.34,8089,68269.1,6938.88,-0.83,7.53008
5587.56,5790,63244.6,2271.36,2298,64776.3,9184.5,24.07,7.5312
10565.2,9681,71521.4,6125.34,5569,72083,10049.5,33.2,7.5312
20042.3,19144,68611.2,12682.8,12120,68579.2,19755.1,66.4,7.5312
10158.5,9413,70726.5,5445.18,4993,71471.1,5885.88,19.92,7.53455
7577.92,7635,65046,3102.06,3079,66026.8,10514.4,-31.54,7.53455
22628.4,21096,70296.4,6797.7,6140,72556,6168.24,0.83,7.53678
9458.12,8853,70015.5,6743.1,6205,71219.3,37993.8,39.84,7.5379
12363.1,12120,66850.4,6338.28,6072,68410,11784.2,-17.43,7.53902
13800.6,13651,66254.2,5669.04,5571,66689.3,13485.4,14.11,7.54013
9189.52,9285,64862.1,2538.9,2513,66211.4,9166.56,345.28,7.54125
8784.92,8818,65290.1,3796.26,3686,67496.4,23678.5,7.47,7.54237
11079.9,10500,69155.6,7594.08,7024,70855,54470.5,67.23,7.54349
17276.1,15829,71527.3,11643.8,10921,69873.7,28271.9,27.39,7.54349
12675.9,12613,65862.7,5402.28,5333,66387.4,7819.5,46.48,7.54349
13088,13050,65726.6,3997.5,3966,66056.5,11926.2,34.86,7.5446
22661.7,17524,84749.8,14731.1,11684,82627.2,25362.5,25.73,7.5446
14790,13453,72049.2,9696.96,8573,74128.1,9599.46,-29.05,7.54572
35953,27906,84433.9,21171.5,17042,81416.4,6401.46,27.39,7.55019
14485.4,14477,65573.9,5164.38,5129,65988.1,10115,21.58,7.55131
13818.3,13952,64907.9,8562.84,8404,66774.7,12160.2,39.84,7.55131
12422.2,12264,66381.6,5600.4,5528,66394.3,7914.66,-1.66,7.55242
17746,16554,70254.9,7906.86,7274,71237.8,6965.4,48.97,7.55354
10269.4,9501,70836,6447.48,5997,70458.9,26515.3,71.38,7.55801
24559.6,20640,77981.4,16241.2,13216,80537.3,27051.2,25.73,7.55801
8838.64,8849,65459.3,3375.84,3389,65281.5,6107.4,19.09,7.56248
18610.2,17913,68086.9,10122.1,9844,67387.2,7231.38,34.03,7.56248
14957.3,14753,66443.5,4866.42,4789,66595.5,10579.1,-4.98,7.56248
13744.2,13669,65896.4,5236.92,5217,65786.2,6467.76,46.48,7.5636
16524.7,15320,70689.4,11979.2,11269,69666.5,16202.9,61.42,7.5636
15223.2,13428,74297.4,8640.84,7760,72975,21066.2,-15.77,7.56471
11923.1,11333,68948.5,5094.96,4737,70488.3,16249.7,-0.83,7.56806
13655.8,13418,66697.3,5099.64,5034,66390.5,8884.2,19.92,7.56918
11674.9,11609,65908.1,4917.12,4857,66347.2,21221.5,-47.31,7.5703
15449.6,15208,66577.1,5388.24,5304,66576.9,10218,61.42,7.5703
17386.2,16637,68487.4,9201.66,8633,69852.9,27855.4,78.85,7.5703
5875.88,5940,64828.6,2735.46,2768,64765.6,28775.8,1.66,7.57253
18098.9,16837,70447.7,6792.24,6205,71738.3,6304.74,75.53,7.57253
10554.3,10471,66057.2,4616.82,4595,65847.2,9052.68,43.99,7.57253
10848,10406,68319.9,7117.5,6886,67739.2,41982.7,37.35,7.577
9050.12,8924,66462.2,3928.86,3845,66965.3,16092.2,-18.26,7.57924
51725.6,40297,84122.5,42654.3,32649,85619.5,6326.58,219.95,7.57924
18986.3,18273,68094.2,8807.76,8349,69137.1,28894.3,54.78,7.58035
19824,19201,67662.5,9423.96,9217,67007.6,10013.6,58.93,7.58259
12941.8,12489,67911.9,6740.76,6436,68639.3,21032.7,48.97,7.58259
5811.28,5857,65024.4,2381.34,2389,65325.9,6949.8,-19.92,7.58259
11500.2,10594,71141.6,7495.8,6946,70723.4,28571.4,63.91,7.58817
14142,13997,66214.7,5162.04,5120,66074.1,13075.9,14.11,7.59041
15060.6,12712,77644.3,11064.3,9768,74233.2,64413.2,76.36,7.59264
13827.8,13735,65978.8,5254.86,5107,67433.4,17075.8,29.05,7.59264
15191.9,14904,66801.9,5726.76,5461,68725.3,24773.6,45.65,7.596
10884.1,10231,69719.4,7575.36,6903,71919.3,33547.8,87.98,7.60046
18055.4,16048,73733.6,9272.64,8368,72620.9,5573.88,11.62,7.60158
41336.5,26228,103288,36005.6,24944,94598.4,38999.2,200.86,7.60493
13529.3,13453,65907.6,4273.62,4208,66558,12045.5,9.96,7.60605
20676.1,19373,69944.1,10512.8,9625,71581.2,11033.9,49.8,7.6094
12427,11369,71634.8,4412.46,4020,71934.1,9881.04,-51.46,7.61275
15565.9,15193,67144.4,4886.7,4809,66594.9,15963.5,32.37,7.61275
30678.9,24572,81823.7,19412.6,14872,85545.1,31041.7,74.7,7.61611
6258.04,6319,64903.8,2919.54,2876,66528.2,7271.94,21.58,7.61834
32029.4,24520,85606.7,18352.6,14264,84321.2,28438,137.78,7.62057
17076.8,15608,71703.5,11078.3,10040,72313.8,20829.9,61.42,7.62057
5988.08,6028,65102,2562.3,2540,66111.4,18241.9,9.13,7.62281
9081.4,9108,65344.6,3604.38,3572,66130.1,10125.2,-50.63,7.62281
27437.3,21997,81744.4,10036.3,7817,84141.8,36850.3,49.8,7.62393
14071.2,13841,66626.2,4408.56,4209,68643.2,8246.94,21.58,7.62616
15735.9,15496,66550.5,6325.02,6225,66589,10318.6,2.49,7.62616
9178.64,8461,71094.6,6040.32,5568,71095.3,28122.1,34.86,7.62728
19521.4,18048,70886.4,12876.2,11756,71781,28303.9,37.35,7.62728
14226.3,13589,68609.4,6057.48,5637,70424.5,16160.8,-14.94,7.62839
14391.5,14206,66391.9,4949.1,4894,66273.8,11955.1,21.58,7.62839
17281.5,16429,68936.7,10076.8,9741,67795.4,27118.3,-11.62,7.63063
8682.92,8717,65279.8,3521.7,3520,65567.6,6745.44,0,7.63063
9927.32,9708,67016.6,5222.88,5100,67115,15976,20.75,7.63063
13636,13477,66309.4,4554.42,4557,65498.9,6342.96,36.52,7.63175
16987.8,16580,67147.8,4399.2,4352,66246.8,24240.8,64.74,7.63286
6761.92,6924,64001.9,2582.58,2584,65500,8965.32,10.79,7.63398
5741.92,5832,64523.7,2694.9,2689,65679.8,10359.2,-5.81,7.63622
25755.7,20048,84194.1,15207.7,12548,79426.9,11449.6,91.3,7.63622
13528.6,13376,66283.7,5146.44,5076,66445.5,8737.56,38.18,7.63622
9433.64,9328,66278.2,4824.3,4736,66757.9,30856,-4.98,7.63733
16179.2,16004,66253.6,6885.06,6804,66316.8,15708.4,68.89,7.64068
21881,17110,83810.4,16198.3,13078,81172.1,23571.6,25.73,7.64068
7923.36,7874,65946.8,5032.56,4850,68002.9,17437.7,57.27,7.6418
16679.7,15489,70574.1,8871.72,8073,72020,10810,5.81,7.6418
40555.2,31377,84706.2,28099.5,22689,81163.9,12919.9,128.65,7.64292
19201.8,18417,68328.8,7270.38,6781,70265.7,13212.4,-15.77,7.64515
12903,11278,74978.8,10570.6,9754,71022.4,30870.1,38.18,7.64627
21904.2,20145,71258.9,10523.8,9621,71685.4,13938.6,4.15,7.65074
18229.4,16777,71209.7,13375.4,12500,70125.8,23694.8,36.52,7.65186
16033,15664,67080,5016.96,4932,66664.9,5692.44,75.53,7.65409
12057.8,11461,68948.4,5531.76,5109,70959,6851.52,48.97,7.65409
13617,12193,73189.8,7622.16,6949,71884.6,44602,28.22,7.65521
12053,12039,65612.2,3896.88,3879,65838.1,15673.3,0.83,7.65521
12227.8,12035,66585.7,6542.64,6259,68505.9,20528,16.6,7.65632
15000.8,15037,65378.2,4226.04,4221,65614.3,7119.06,29.88,7.65632
10561.8,10418,66440.3,4538.04,4246,70043.6,36492.3,1.66,7.65744
12590.9,12651,65224.6,2750.28,2751,65518.8,24885.9,42.33,7.65856
12127.8,12166,65330.2,5048.94,4870,67944,13377.8,11.62,7.65856
20730.5,17633,77048.3,12465.2,10713,76254.8,39774.5,89.64,7.65856
14917.8,14827,65937.5,5444.4,5387,66234.3,13899.6,30.71,7.65968
13687.7,13588,66017,5384.34,5308,66478.5,8432.58,2.49,7.66191
10468.6,10472,65514.7,3188.64,3180,65714.1,6735.3,-15.77,7.66303
43389.4,34904,81468.3,23379.7,17272,88710.8,12796.7,134.46,7.66415
13842.8,13693,66252.8,4350.06,4297,66345.3,6778.2,32.37,7.66526
14526.8,14130,67376.6,7229.82,6978,67901,15806.7,-15.77,7.66861
32406.8,28592,74279.9,15952.6,13956,74911.6,14402.7,71.38,7.67085
9384.68,8095,75977.1,7245.42,6651,71393.2,15082.9,71.38,7.67085
14321.5,14048,66811.8,5586.36,5460,67052.7,11018.3,7.47,7.67085
14760.8,13460,71869.3,7997.34,7216,72632.2,30317,86.32,7.6742
19410.6,15550,81806.6,12299.8,10078,79984.2,13831.7,34.86,7.6742
11577,10737,70663.2,5318.82,4925,70776.5,9169.68,83,7.67643
8422.48,8516,64816.3,3194.88,3212,65186.7,26444.3,50.63,7.67979
7741.12,7777,65233.6,3100.5,3093,65694.9,11007.4,-7.47,7.67979
11049.3,10376,69788.8,8168.94,7836,68320.5,14006.5,-0.83,7.68202
32708.7,27417,78184.9,17766.1,15684,74235.9,20141.2,25.73,7.68314
11643,11024,69215.6,7505.16,7028,69985.5,15816.8,7.47,7.68426
27913.3,21359,85646.7,25325.8,20011,82942,10126,179.28,7.68537
28623.9,16278,115241,11270.2,6930,106581,28249.3,110.39,7.68761
14955.9,14484,67671.3,8086.26,7572,69986.9,7927.14,34.03,7.68872
8982.8,8972,65614.9,2318.94,2264,67126.3,9733.62,27.39,7.68984
25254.5,22227,74462.6,11078.3,9175,79131.3,8099.52,53.95,7.69096
9913.72,9877,65779.6,4645.68,4549,66928.8,15529,53.95,7.69319
15699.2,15293,67276.5,7863.18,7561,68155.2,17872.1,58.93,7.69431
17075.5,15956,70134,8108.88,7444,71389.5,23799.4,-3.32,7.69543
10652.9,9344,74716.1,7852.26,7168,71792.1,36819.1,18.26,7.69543
16889.2,14656,75521.8,8104.98,7248,73284.8,55022,39.84,7.69766
10226.5,10300,65068.5,4142.58,4124,65831.3,6041.88,18.26,7.69878
18361.4,16228,74151.5,11510.5,10064,74955.2,30316.3,48.14,7.70101
13429.3,12739,69087.4,7429.5,7063,68936.7,11300.6,-9.96,7.70213
13081.8,12697,67522.4,5918.64,5705,67990.2,9296.04,25.73,7.70325
13136.2,13176,65338.2,4048.2,3992,66458.6,8696.22,43.16,7.70437
13966.5,13661,67001.7,6835.14,6608,67788.7,39966.4,29.05,7.70437
6150.6,6298,64002.2,3120.78,3050,67056.9,19718.4,7.47,7.70548
13436.8,13113,67154.3,6175.26,6020,67226.2,13882.4,46.48,7.70995
10653.6,10525,66336.5,6738.42,6361,69424.5,6267.3,24.07,7.70995
10820.2,10396,68209.9,7253.22,6648,71502.3,15070.4,14.11,7.70995
18122.7,17821,66645.4,6549.66,6470,66342.9,8056.62,71.38,7.7133
9772.28,9521,67265.6,5581.68,5321,68746.7,12494,27.39,7.71442
14173.9,13648,68061.4,5132.4,4796,70132.8,11671.1,19.09,7.71442
17666.4,17362,66685,6023.94,5910,66799.5,17014.9,31.54,7.71442
7522.16,7448,66188.6,4446.78,4348,67024.9,6275.88,48.97,7.71777
10302.7,9836,68645.4,5594.16,5153,71146.7,5962.32,16.6,7.72336
14910.4,14184,68892.1,9994.92,9361,69974,29682.9,8.3,7.72336
13294,13173,66138,4120.74,4049,66697.2,9780.42,42.33,7.72448
9272.48,8129,74754.7,6584.76,5977,72199.9,29238.3,13.28,7.72448
11342.4,11074,67124.4,4687.8,4582,67049.2,14701.4,-9.96,7.72559
25120.6,23937,68776.4,9380.28,9117,67428.5,18741.1,-18.26,7.72559
11203,11003,66727.3,6207.24,5915,68773.9,17250.5,20.75,7.72671
15459.8,15052,67311.5,5022.42,4705,69957.3,13532.2,35.69,7.72783
12822.8,12589,66752.9,7232.94,6857,69129.1,6384.3,85.49,7.72894
6590.56,6717,64302.4,2313.48,2329,65099.3,26963.8,48.97,7.72894
54411.6,36745,97044.9,34507.2,24217,93383.3,44658.1,113.71,7.72894
14561.5,14332,66585.5,7560.54,7153,69269.9,8612.76,43.99,7.73006
5552.88,5676,64114.4,2338.44,2341,65464.3,16640.5,-20.75,7.73118
11514.4,10349,72916.3,5850.78,5465,70162.3,7289.1,60.59,7.73118
14826,14501,67005,6438.12,6289,67089.9,21245.6,63.08,7.73118
13659.2,13200,67815.7,7456.8,7248,67424,27608.9,4.15,7.73118
11058.2,10617,68259.2,6165.12,5789,69794,25516.1,45.65,7.73341
6636.8,6711,64811.4,3208.92,3187,65986.8,23175.4,15.77,7.73341
23541.6,18737,82341,17415.8,15057,75802.9,52885.6,62.25,7.73341
8094.72,8129,65259.6,3585.66,3553,66138.4,25750.1,10.79,7.73453
12144.1,11581,68722.6,7286.76,6480,73695.2,11554.1,238.21,7.73565
30014.5,18061,108910,11916.1,8377,93223.2,8347.56,-6.64,7.73565
13793.8,13505,66937.5,6346.08,6197,67112.6,16894,14.94,7.73676
15091.2,14937,66212.7,5449.08,5417,65924.1,17424.4,43.16,7.73788
12586.8,12425,66389.4,5271.24,5145,67144,13376.2,33.2,7.739
15897.7,13667,76232.8,7463.82,6599,74124.7,20121.7,71.38,7.739
37206.2,27784,87760.8,24925.7,19169,85217.3,101456,136.12,7.74012
10239.4,10205,65757.2,4009.2,3997,65736,10297.6,-3.32,7.74235
10608.7,10509,66157.6,4493.58,4441,66311.9,8248.5,16.6,7.74459
13234.2,12761,67966,4994.34,4733,69154.7,25499,-17.43,7.74459
5827.6,5845,65340.9,2577.9,2593,65154.4,19192.7,-34.03,7.74682
36456.2,24741,96568.1,27243.8,19309,92467.4,38036.7,103.75,7.74682
9869.52,9308,69489.6,7393.62,6828,70964.9,26093.3,61.42,7.74794
13855,13465,67434.2,5761.08,5657,66741.8,7067.58,23.24,7.74794
21611.1,20580,68819.4,11684.4,11308,67717.4,8255.52,44.82,7.74905
16301.6,16212,65898.4,2400.84,2320,67819.6,13760,81.34,7.74905
49672.6,42705,76228.7,22071.7,18181,79560.4,9927.84,126.99,7.75017
10400.6,10452,65213.7,3543.54,3552,65379.9,9341.28,9.96,7.75241
11936,11969,65355.5,4313.4,4301,65724.9,5908.5,22.41,7.75241
10704.6,10687,65643.7,3768.96,3775,65431.1,17457.2,-15.77,7.75352
23011.2,18896,79808.5,14035.3,12176,75543.6,37426.7,45.65,7.75576
15007.6,14748,66689.6,6193.2,6060,66976.5,24428,38.18,7.75576
39029.3,30848,82917,24318.1,19700,80898.9,31980.8,108.73,7.75688
11094.2,10979,66223.7,3772.08,3651,67709.4,8283.6,43.16,7.75688
13963.8,13752,66545.3,4938.96,4844,66820.7,8670.48,21.58,7.75799
14352.1,14077,66816.6,5469.36,5344,67073.3,9284.34,18.26,7.76134
14877.7,13653,71414.8,10232,9197,72911.5,9273.42,55.61,7.76134
11341.7,11140,66722.7,4628.52,4520,67109.4,9700.86,52.29,7.76246
10822.9,10853,65354.1,2546.7,2549,65476.9,6567.6,29.05,7.76246
19345.3,16924,74912.3,8377.98,7500,73207.9,16490,140.27,7.76358
19656.1,19330,66641.5,5920.98,5842,66422,24170.6,46.48,7.7647
12333.2,11808,68450.7,6990.36,6496,70523.4,12600.9,-13.28,7.7647
8421.8,8448,65332.8,3545.1,3472,66915.8,7002.06,36.52,7.76581
7382.76,7453,64918.4,2891.46,2893,65501.1,22074.8,46.48,7.76693
16867.4,16512,66946.6,6943.56,6864,66295.6,7427.94,0,7.76693
15066.1,14320,68950.5,7888.14,7280,71010.6,8681.4,14.94,7.76916
14010.7,13976,65698.8,5566.08,5528,65987.4,6256.38,0.83,7.76916
12321.6,12181,66292.5,4548.18,4453,66936.8,6251.7,-1.66,7.77028
20772.6,16153,84278.8,14715.5,11668,82652.9,34226.4,44.82,7.7714
19664.2,17232,74786.2,10469.9,9296,73812.2,7455.24,5.81,7.77252
15371.4,15187,66331.7,5662.02,5575,66559,37477.4,18.26,7.77363
17917.3,17509,67064.3,6700.2,6625,66279.9,6391.32,69.72,7.77363
9736.92,9716,65677.1,4188.6,4152,66113.7,7282.08,-10.79,7.77587
11818.4,11636,66563.3,4275.96,4164,67298.1,20663.8,44.82,7.77698
16143.2,13917,76019.3,8214.96,7145,75350,8535.54,32.37,7.78034
8853.6,8770,66160.7,3007.68,2934,67181.8,6533.28,-4.15,7.78034
12069.3,11601,68181.6,7017.66,6785,67783.3,13812.2,38.18,7.78034
9634.24,8528,74037.2,7950.54,7236,72007.5,33951.8,-15.77,7.78481
9532.24,9487,65848.5,3840.72,3819,65908.7,21049.9,36.52,7.78592
13591.2,13245,67248.8,6357,6237,66796.9,18128,2.49,7.78592
17805.8,16662,70034.9,9966.84,9506,68713.1,30909.1,8.3,7.78704
8054.6,8036,65687.7,3645.72,3648,65495,9796.8,-11.62,7.78704
19956.6,18368,71204.2,10117.4,9380,70687.9,14919.8,58.1,7.78704
20828.4,18561,73541.8,11698.4,10097,75930.4,37938.4,14.94,7.78816
11897.3,11647,66944.3,5340.66,5215,67115.1,47072.2,28.22,7.79039
20402,18548,72086.9,14421.4,13584,69576.1,13329.4,21.58,7.79151
6685.76,6759,64825.9,2305.68,2340,64574.8,8434.14,14.94,7.79263
26326.9,19973,86384.5,18898.6,15713,78822.6,30125.9,95.45,7.79263
6477,6472,65586.6,2932.8,2933,65531.5,14059.5,68.06,7.79374
49142.9,40933,78680.5,22531.9,19169,77033.1,23779.1,123.67,7.79486
47419.8,32385,95961.2,52767,38677,89410.7,27346,214.97,7.79933
21667.5,20585,68982.4,8261.76,8013,67570.5,43168.3,43.99,7.79933
12486.2,12167,67255.1,5653.44,5527,67035.3,10040.9,-12.45,7.79933
11018,10810,66797.3,4275.96,4142,67655.6,26398.3,15.77,7.80045
12603.8,11313,73013.6,8038.68,7393,71259.7,33023.6,100.43,7.80268
12120.3,11704,67867.2,6812.52,6668,66956.4,6615.18,86.32,7.80268
14083.5,13889,66453.7,4635.54,4601,66028,12054.1,98.77,7.80268
18737.4,17924,68510.1,10217.2,9316,71875.9,17551.6,31.54,7.8038
18412.4,18033,66914.7,7005.96,6921,66340.5,22945.3,96.28,7.80603
12450.1,12260,66552.3,6910.02,6680,67792.7,14217.8,19.92,7.80603
10148.3,10153,65505.8,4031.04,3972,66510.1,7485.66,25.73,7.80938
17306.7,16600,68325.9,7651.8,7356,68171.3,24433.5,30.71,7.80938
7086.96,6874,67566.3,5855.46,5641,68027.5,16755.2,61.42,7.81162
18217.9,17157,69588.3,8622.12,7865,71844.8,18012.5,63.08,7.81162
13478.3,13275,66539.6,5828.16,5743,66507.8,25069.2,21.58,7.81274
12632.4,11571,71547.3,7604.22,7123,69963.5,25016.2,58.93,7.81274
10278.9,9317,72301.9,6644.82,5969,72956.1,32122.7,29.88,7.81385
40778.2,25752,103776,39217.6,24776,103736,55753.6,203.35,7.81497
17436.6,16917,67548.8,9338.94,9137,66984.4,8674.38,27.39,7.81609
28536.2,23809,78548,15772.4,13529,76403.2,49293.7,33.2,7.81832
11315.9,11269,65808.6,4370.34,4329,66161.8,17348.8,24.07,7.81944
14163,13948,66546.4,6405.36,6325,66368.6,6487.26,97.11,7.82056
17021.1,16704,66780,6499.74,6388,66682.4,13324.7,87.15,7.82056
15167.4,14913,66654,6236.88,6101,66995.6,50152.4,85.49,7.82279
9970.16,10016,65236.1,4105.92,4116,65375.5,8823.36,97.94,7.82279
22790.9,21337,70001.6,14056.4,13620,67635.8,8556.6,61.42,7.82279
31652.6,26853,77249.7,28350.7,23377,79479.4,67420.1,83,7.82391
20840,16369,83436.2,17210.7,15109,74652.2,50430.9,98.77,7.82614
20218.4,19421,68227,10401.3,10016,68057.1,6493.5,68.06,7.82726
9456.76,9544,64936.9,4482.66,4449,66031.8,7315.62,-49.8,7.82838
17335.9,17100,66440.2,6226.74,6065,67283.7,10020.7,14.11,7.82838
8503.4,8506,65516,3987.36,3966,65889,32489.3,63.08,7.82949
35814.9,23756,98803.1,20318.2,13880,95934.8,7435.74,73.04,7.82949
15236.1,15086,66188,6707.22,6638,66219.4,27958.3,17.43,7.83061
19878.4,18061,72130.8,12664.9,11552,71849.4,37272.3,26.56,7.83061
16596.1,16269,66853.6,5545.02,5417,67084.8,17735.6,31.54,7.83396
12346.8,12249,66059,4917.12,4857,66347.2,10700,-14.11,7.83396
9452,8658,71546.1,7665.06,7090,70851.5,18170.1,43.99,7.83508
30952.2,20004,101404,25327.4,18496,89741.3,11162.6,134.46,7.83508
15512.8,15241,66704.9,7210.32,7165,65950.5,6941.22,11.62,7.8362
7945.12,7957,65438.2,3506.1,3503,65594,24307.9,72.21,7.83955
7713.24,7787,64915.2,3466.32,3487,65147.3,6412.38,37.35,7.83955
11781.7,11553,66833.2,7254,7117,66797.5,8216.52,54.78,7.84178
13459.2,10757,81999.1,12480,11125,73518.1,37482.9,90.47,7.8429
11124.1,11208,65045.5,4211.22,4200,65711.1,11997.2,2.49,7.8429
15493.1,15181,66883.4,6759.48,6477,68394.2,19769.1,34.03,7.84402
15987.5,15869,66025.3,4666.74,4637,65956.3,6225.18,28.22,7.84514
40611.6,35126,75770.8,23903.9,20418,76724.7,16007.9,49.8,7.84625
17119,16257,69010.9,10729.7,10341,67999.3,7952.88,43.99,7.84849
23383.8,20508,74726.1,21031.9,19189,71830.1,66288.3,91.3,7.85184
21227.6,18695,74414,14747.5,13139,73558.8,12451.9,88.81,7.85407
11726.6,11661,65904.7,4988.88,4912,66561.7,21413.3,31.54,7.85519
15801.2,15533,66667.4,5447.52,5353,66693.2,10196.9,-3.32,7.85631
10416.9,10357,65915.2,4941.3,4713,68710.6,38432.9,22.41,7.85742
51557.6,35426,95378.5,37723.9,27426,90143.5,23953.8,153.55,7.85854
15365.3,15001,67127.5,6981,6756,67718.6,21742.5,29.88,7.86078
5404.64,5494,64470.1,2557.62,2518,66567.2,11011.3,-13.28,7.86189
13546.3,13489,65814.3,8751.6,8581,66838.9,10818.6,-46.48,7.86189
26183.4,19041,90119,25049.7,18525,88618.5,37741.9,68.89,7.86413
11499.5,11521,65413.6,4992.78,4921,66491.9,6282.12,-18.26,7.86413
11921.8,11156,70034.5,5530.98,5116,70851.9,8462.22,1.66,7.86636
10718.8,10340,67937.1,6594.9,6384,67701,16220.1,24.07,7.86748
24864.9,20705,78703,16644.4,14645,74483.4,61709.7,79.68,7.8686
32710.7,27640,77559,27175.2,23452,75940.4,47682.2,202.52,7.8686
38522,26564,95037.6,25963.1,19452,87472.6,109375,103.75,7.87195
14714.5,13505,71405.5,6139.38,5521,72876.4,13654.7,-20.75,7.87195
9204.48,8931,67542.8,5621.46,5427,67884.3,7273.5,14.94,7.87307
7921.32,7964,65184.8,3243.24,3224,65927.1,5931.12,18.26,7.87307
9858.64,9842,65646.8,4619.16,4578,66125.2,12096.2,-8.3,7.87307
9506.4,9553,65216.3,3910.92,3873,66177.7,29584.6,-46.48,7.8753
12537.2,12453,65978.9,4248.66,4217,66028,17872.9,14.94,7.8753
6960.48,7056,64648.8,2875.86,2860,65899.4,19327.6,4.15,7.87642
11783.7,11417,67641.1,6993.48,6788,67519.8,9057.36,124.5,7.87753
7794.16,7843,65127.9,3464.76,3415,66490.9,7052.76,48.14,7.87753
11447.1,10882,68939.4,6104.28,5694,70258.2,25298.5,19.09,7.87753
10515.5,10252,67220.6,4605.12,4325,69780.6,10891.9,57.27,7.87977
17087,14191,78910.3,9980.88,8683,75331.9,12903.5,42.33,7.88089
11827.2,11098,69842.3,6204.12,5786,70271.9,14267,9.96,7.89206
12842.5,12380,67984.2,5765.76,5592,67572.4,21943,27.39,7.89206
8393.24,8324,66081.1,3712.02,3620,67201.9,23827.4,29.88,7.89318
12305.3,12221,65988,5917.08,5853,66253.5,9215.7,29.05,7.89429
10145.6,9383,70862.4,7818.72,7255,70628.2,15935.4,61.42,7.89541
4925.24,5028,64196.6,1932.06,1916,66085.3,8902.92,78.02,7.89541
11377.8,10929,68227,8650.2,8181,69294.6,23472.5,67.23,7.89653
14519.4,13675,69582.5,7066.02,6511,71122.5,13160.2,68.06,7.89653
12701.7,12789,65088.7,3254.16,3233,65964.9,9155.64,72.21,7.89765
30244.4,23436,84574.8,26500.5,20689,83944.9,18327.7,140.27,7.89988
9716.52,9735,65411.6,4124.64,4103,65881.6,8856.9,9.13,7.90435
28434.9,23782,78357.9,16117.9,14226,74251.6,10796.8,14.11,7.90658
21195.6,16677,83292.9,13490.9,11385,77658.2,40587.3,83.83,7.90658
13734.6,13590,66233.5,6586.32,6438,67045.8,9159.54,47.31,7.9077
20534.6,15751,85439.5,16912,14067,78790.2,48198.5,72.21,7.9077
11283.9,11146,66346.9,4674.54,4602,66569,6293.04,-63.91,7.9077
7989.32,7956,65810.5,4102.8,4036,66620.7,5871.84,-32.37,7.90993
13699.3,13240,67809.4,6218.94,6060,67254.9,34678,59.76,7.90993
16116,15812,66796,5617.56,5312,69305.8,17471.2,-36.52,7.91105
13782.2,13761,65637.2,2907.84,2893,65872.2,7185.36,-67.23,7.91105
8185.16,8200,65417.4,3098.94,3080,65939,8136.18,0.83,7.91217
10589.6,10600,65471.9,4125.42,4172,64804.3,6550.44,-4.98,7.9144
24366.4,23196,68842.9,9877.92,9432,68634.4,26187.7,-48.14,7.91552
13918.9,13829,65962.1,5419.44,5441,65276.3,7933.38,7.47,7.91552
8556.44,8436,66471.7,3754.14,3736,65854.2,16390.1,35.69,7.91552
15093.3,13372,73972,11016.7,10177,70943.5,46371.8,82.17,7.91664
15006.2,14629,67226,6365.58,6293,66291.9,13229.6,66.4,7.91664
25767.2,20105,83993.1,21623.9,15780,89806.5,86160.4,88.81,7.91887
26158.9,20661,82975.2,19092.8,15821,79089.1,23815,105.41,7.91887
17259.8,16881,67006.4,8963.76,8785,66869.5,13286.5,92.13,7.91999
20808.7,20019,68121.2,10490.2,9735,70620.1,17284.8,34.86,7.92111
11716.4,11585,66279.3,4266.6,4197,66622.8,12567.4,51.46,7.92222
14537,13987,68113.2,5377.32,4995,70552.2,38627.2,24.9,7.92334
21488.7,20328,69277.9,14759.9,13756,70318.9,17464.2,117.86,7.92334
29335.9,17004,113065,15411.2,7980,126565,51426.2,43.16,7.92334
11445.1,11301,66371.5,4305.6,4273,66036,12603.2,0,7.92558
12269.2,12050,66728.4,4954.56,4850,66948.9,9532.38,66.4,7.92669
17446.1,17332,65967.4,6519.24,6388,66882.4,9406.8,8.3,7.92669
10013.7,9183,71464.3,6757.92,6283,70489.7,13505.7,41.5,7.92781
28062.2,22062,83359.9,20667.7,16682,81193.9,30196.1,136.95,7.92893
25125.3,18852,87344.2,14944.8,12096,80970.8,27906.8,85.49,7.93004
10870.5,10588,67284.5,5500.56,5372,67104.4,22822.8,68.06,7.93004
16684.5,16072,68033.5,7651.02,7500,66855.6,24648,-20.75,7.93228
16846.3,14316,77119.3,11730.4,10113,76017.5,13264.7,92.13,7.93563
11497.4,10480,71898.5,5632.38,5188,71149.5,40486.7,-26.56,7.93787
14322.8,13824,67900.9,6049.68,5896,67244.2,14822.3,-13.28,7.93787
14199.8,14027,66343.2,5145.66,5051,66764.2,8208.72,12.45,7.93898
54769.9,43083,83313.6,33627.4,27867,79082.9,11855.2,99.6,7.9401
75760.8,41176,120581,39595.1,21448,120986,73528.3,182.6,7.94457
9750.52,9642,66273.6,4325.1,4302,65887.9,10410.7,25.73,7.94569
18462.7,17864,67732.3,6827.34,6776,66032.5,18691.9,44.82,7.94569
18443,17968,67268.4,8611.2,7796,72388.9,7512.18,7.47,7.9468
12731,12552,66470.4,4822.74,4776,66177.4,7821.06,6.64,7.9468
12175.4,12030,66328.1,4478.76,4419,66422.3,26399.1,-24.07,7.9468
13164.1,12855,67111.9,5605.86,5571,65946.1,9656.4,-8.3,7.94792
15683.5,15204,67602.9,7158.06,6956,67439.7,38414.2,-11.62,7.95015
14161,13972,66422.5,7403.76,7196,67428.1,18217.7,28.22,7.95351
14507.1,13432,70781.6,9367.8,8476,72431.4,14509.6,30.71,7.95686
10558.4,10689,64735,2568.54,2577,65320.9,24395.3,17.43,7.95686
10344.8,10413,65107,3786.12,3760,65991.3,23496.7,-8.3,7.95686
8698.56,8812,64692.3,3524.82,3532,65402.8,16468.1,-3.32,7.95797
10795.7,10763,65735,4031.04,4011,65863.4,13975.3,30.71,7.95909
5690.92,5749,64873.9,2432.04,2433,65510.1,8036.34,14.94,7.96021
15247.6,14141,70664.7,11901.2,11273,69188.3,11994.1,25.73,7.96133
12442,12433,65583.2,5634.72,5545,66596.4,22775.2,50.63,7.96133
6483.8,6531,65062.4,2609.1,2595,65892.1,16359.7,42.33,7.96133
13953.6,13532,67577.8,6371.82,6204,67308.8,5783.7,4.15,7.96244
14607.8,14457,66219.4,5211.96,5204,65636.2,8644.74,19.09,7.96244
9679.12,9637,65822.4,3549.78,3517,66146.8,15784.1,15.77,7.96356
13101.6,12816,66996.3,5572.32,5408,67527.3,14507.2,4.15,7.96356
13238.2,11738,73912.2,8633.04,7754,72965.6,25673.7,15.77,7.96356
22837.8,21457,69753.4,13600.1,13105,68011.8,14845.7,52.29,7.96915
13264.8,13040,66665.6,5766.54,5732,65930.9,14871.5,51.46,7.96915
5365.2,5413,64957.3,2134.08,2149,65081,14016.6,36.52,7.97138
15181.7,14752,67444.9,7294.56,7008,68215.8,36869,108.73,7.97473
14395.6,13154,71721.9,11111.9,10274,70880.7,28741.4,15.77,7.97585
44722.2,32692,89652.4,24946,18120,90224,16229.5,70.55,7.97697
9583.24,9514,66013,3828.24,3818,65711.8,7892.04,78.85,7.97808
11362.1,11126,66926.8,5399.94,5270,67151.9,10384.1,34.86,7.97808
12899.6,12804,66025.3,4887.48,4852,66015.2,19143.5,-19.09,7.97808
7694.88,7748,65086.7,2559.96,2544,65947.1,16902.6,0.83,7.9792
16587.2,15389,70638.9,7830.42,7133,71943.7,13005.7,-13.28,7.9792
11353.3,11288,65915,3822,3777,66316.8,13868.4,-9.96,7.98032
8318.44,8280,65840.3,4294.68,4184,67269.6,19843.2,32.37,7.98144
11373.7,9773,76269.9,9801.48,8829,72754.5,43988.9,52.29,7.98255
16296.2,14372,74310.3,10798.3,9516,74367.2,5874.96,90.47,7.99037
12382.8,12120,66957,6580.86,6444,66927.9,30680.5,15.77,7.99149
16699.4,15024,72844.4,8140.86,7236,73731.3,44911.6,42.33,7.99149
17514.1,14945,76801.8,11578.3,10405,72926.2,13469,45.65,7.99261
19482.7,16918,75470.9,10877.1,9650,73869.6,36765.3,35.69,7.99261
10702.5,10900,64348.7,2414.88,2424,65289.4,13417.6,-1.66,7.99484
9378.56,9509,64637,3885.18,3889,65471.6,17738.8,-19.09,7.99484
14523.4,14552,65407.4,3155.1,3148,65683.8,7311.72,-16.6,7.99596
15768.5,13953,74063.3,10678.2,9517,73532.3,18780.1,12.45,7.99596
11856.5,11777,65978.3,4741.62,4701,66102.3,28544.9,39.84,7.99708
14259.6,13104,71315.4,8072.22,7460,70914.3,26966.2,71.38,7.99708
17839.8,16973,68882.9,8943.48,8665,67642.2,15408.9,92.13,7.9982
8276.96,8347,64986.1,3114.54,3115,65526.3,7995.78,32.37,7.9982
10952.1,10893,65891.4,3993.6,3904,67040.1,16998.5,4.15,7.99931
14590.1,14352,66623.2,4261.14,4164,67064.9,33023.6,63.91,8.00043
23593.3,19832,77965.4,14320,12401,75677.5,29140,25.73,8.00155
6780.96,6813,65227.8,2903.16,2893,65766.2,7811.7,-0.83,8.00266
19059,18173,68731.3,7511.4,7232,68067.9,21552.2,17.43,8.00378
12578,12416,66390.9,6221.28,6100,66839,34081.3,-29.05,8.00378
10769.2,10546,66922.8,4210.44,4037,68351.6,7500.48,13.28,8.01048
23728.6,20529,75750.3,17424.4,14565,78402.1,21924.2,88.81,8.01048
12112.8,12025,66014.7,4317.3,4276,66169,31122.8,-11.62,8.0116
13356.6,12692,68967.5,8263.32,7880,68724,35204.5,28.22,8.0116
17059.8,16668,67076.7,6642.48,6369,68350.1,29412.2,99.6,8.01607
43949.8,34005,84702,37097.6,30761,79036,89231.2,155.21,8.01942
18171,17597,67673.6,8040.24,7833,67269.9,6249.36,7.47,8.02166
15820.2,13489,76862.1,9567.48,8149,76943.7,37015.7,37.35,8.02277
31952.5,23754,88155.3,28808.5,22346,84489.2,58895.5,96.28,8.02501
9687.96,9321,68116.1,6481.02,6265,67795.7,7573.8,0.83,8.02501
15746.1,15504,66559.3,5807.88,5732,66403.6,43120,24.07,8.02613
12217.6,11590,69084.6,8445.84,7974,69413.9,15860.5,45.65,8.02836
12368.5,12072,67145.7,5953.74,5868,66493.6,6650.28,-9.13,8.03618
8837.28,8689,66654.4,4394.52,4309,66836.7,18584.3,44.82,8.03618
33382.6,28136,77756.6,18294.9,15052,79655.5,5616,39.84,8.03841
9016.12,8848,66781.2,5668.26,5396,68842.7,6762.6,-14.94,8.03953
5835.76,5819,65724.8,3583.32,3531,66507.1,13482.3,55.61,8.03953
6610.96,6602,65624.9,2675.4,2681,65399.1,7353.06,-5.81,8.04065
15582.2,13494,75677.7,10301.5,9218,73238.9,44289.2,4.98,8.04177
22823.5,19186,77961.1,14042.3,12257,75081.9,22246.4,96.28,8.04288
11985,11585,67798.8,7283.64,6901,69169.8,31159.4,48.14,8.04512
11010.6,11145,64745.5,3403.92,3417,65285.1,15359.8,77.19,8.04624
14741,13857,69717,10869.3,10057,70829.3,13155.5,39.01,8.04624
58460.3,34803,110084,32888.7,20067,107410,58198.9,156.04,8.04624
8770.64,8760,65615.6,4265.04,4220,66235.5,15154.6,40.67,8.04959
10641.3,10570,65978.2,3816.54,3790,65994.9,17412.7,-50.63,8.05182
13539.5,13385,66292.4,5128.5,5060,66423.2,11210.9,27.39,8.05406
42907.3,32252,87187.6,24027.9,18325,85931.4,25938.9,165.17,8.05517
10189.8,9984,66886.9,4564.56,4420,67679.4,6498.96,14.94,8.05629
21761.4,20457,69714.6,9679.8,8637,73448.6,17189.6,74.7,8.05853
37034.2,25097,96707.6,29881.8,20189,97000,51589.2,101.26,8.05853
22516.2,18901,78071,13400.4,11537,76121.1,18024.2,40.67,8.05964
33224.1,25761,84522.2,25765,20933,80663.7,21063.9,88.81,8.05964
14913.8,14437,67700.2,6016.92,5865,67233.6,10849.8,30.71,8.05964
7921.32,8033,64624.9,1607.58,1625,64833.5,12406.7,8.3,8.06299
18050.6,16625,71155.7,9880.26,9077,71335.5,22009.3,57.27,8.06411
36325.6,26184,90919.4,22184.8,15032,96720.4,60717.5,106.24,8.06635
11406.3,11009,67901.2,5551.26,5241,69415.6,16148.3,5.81,8.06746
43984.4,37281,77319.9,24715.9,20357,79568.6,16206.8,51.46,8.06746
23079.9,22066,68547.2,9005.1,8774,67262.2,10884.1,13.28,8.06858
22812,20756,72027.6,11938.7,10544,74204.6,37347.2,-29.05,8.06858
24616,20765,77690.1,14649.2,12496,76828.5,11200.8,93.79,8.07193
10985.4,10853,66335.5,5088.72,4997,66738.9,14797.4,45.65,8.07305
10131.3,10056,66026.9,5017.74,4936,66621.3,6338.28,42.33,8.07417
55520.6,34709,104832,42520.1,24249,114916,15870.7,191.73,8.07528
13381,13209,66389.6,4756.44,4713,66140,35132,-11.62,8.0764
14212.7,14016,66455.6,6757.92,6636,66740.1,8798.4,-45.65,8.07752
12722.1,12485,66780.7,5327.4,5201,67128.7,11682.8,-14.11,8.07752
12896.9,12544,67379.6,7667.4,7324,68608.8,40863.4,-14.94,8.07864
22552.9,21327,69303,12983.9,12219,69638.4,28397.5,32.37,8.07864
9418,9501,64963.5,3846.18,3856,65369.1,6531.72,13.28,8.08087
14301.8,12593,74428.7,6488.04,6049,70292.6,32478.4,36.52,8.08199
13914.8,12901,70686.2,7760.22,7053,72107.4,18298.8,51.46,8.08199
15509.4,15236,66712.2,6109.74,6004,66690.2,7786.74,27.39,8.0831
12321.6,10591,76244.8,8639.28,7839,72226.5,53521.3,47.31,8.08757
62766,42969,95730.3,40111.5,27405,95922.2,11848.2,170.15,8.08757
10240.8,8997,74596.1,6483.36,6045,70288.4,12566.6,32.37,8.08981
22421,21696,67725.9,10251.5,9936,67617.2,9700.08,0,8.08981
16124.8,15653,67511.5,7690.02,7397,68132.1,9872.46,27.39,8.09092
12157.7,11901,66949.7,5484.96,5309,67708.1,18679.4,25.73,8.09092
8931.12,9036,64775.3,3531.06,3512,65891.7,15410.5,18.26,8.09539
10540.7,10589,65236.9,4246.32,4249,65494.7,8797.62,16.6,8.09651
14911.7,13770,70969.8,8598.72,7854,71750.2,7576.92,0.83,8.09875
17522.2,16605,69156.1,10219.6,9389,71333.4,31012,34.03,8.10321
11976.2,11473,68410.1,8182.98,7717,69493.3,41106,9.13,8.10321
12036.7,11424,69050.8,8704.8,8164,69877.2,26649.5,14.11,8.10545
13535.4,13287,66761.2,6445.92,6323,66810,11930.9,83,8.10545
10759,10689,65964.9,4399.2,4237,68044.8,14803.6,38.18,8.1088
13275.6,12748,68248.5,6846.84,6620,67781.6,18964.1,79.68,8.10992
11788.5,11548,66900.8,4523.22,4405,67294.8,7587.84,43.16,8.11215
17522.2,16051,71543.1,8971.56,8199,71711.2,22377.4,25.73,8.11215
8351.76,8290,66024.2,3501.42,3462,66282.2,5679.18,33.2,8.11774
22810.6,21186,70561.5,12830.2,12130,69319.1,24961.6,45.65,8.11886
42704.7,31396,89141.7,29420.8,22624,85224.7,33542.3,105.41,8.12109
19880.5,14962,87079.8,16436.9,13234,81397.3,6882.72,22.41,8.12221
10200.7,10193,65585.4,3287.7,3273,65830.3,12880.9,12.45,8.12221
13615,13072,68258.1,5455.32,5300,67456.6,17128,26.56,8.12444
14880.4,14652,66557.8,6489.6,6337,67114.2,19915,6.64,8.12444
13139,12876,66874.4,4197.18,4040,68085.7,21378.2,4.98,8.12668
44036.1,30236,95447.5,46887.4,31576,97314.7,38128.7,200.86,8.12891
8477.56,8368,66394,3286.14,3200,67300.1,6059.82,97.94,8.13003
19550.7,18185,70457.7,12523.7,11593,70797.2,35869.9,35.69,8.13003
9993.96,9889,66231.6,4254.9,4177,66758.2,45473.2,-4.15,8.13114
16244.5,15765,67529.4,6417.84,6209,67740.3,20709.8,50.63,8.13338
9648.52,9676,65349.9,3909.36,3909,65542,8400.6,67.23,8.1345
23763.3,22104,70455.6,12938.6,11896,71280,24526.3,43.99,8.1345
17059.2,16791,66582.6,6342.96,6212,66917.6,13267.8,78.85,8.13785
21898.7,21159,67827.1,9624.42,9043,69749.6,14535.3,52.29,8.13785
26290.2,21691,79431.6,15390.2,13375,75410.2,8818.68,80.51,8.13785
10752.8,10885,64740.3,3627,3601,66009.2,23708.1,5.81,8.13896
5176.16,5289,64137.8,2733.9,2697,66432.7,8562.06,-7.47,8.14008
18103,17248,68784.5,7862.4,7540,68338.2,23966.3,23.24,8.14008
12775.2,12077,69324.6,7677.54,7337,68577.8,43840.7,29.88,8.1412
15795.7,15188,68158.3,6159.66,5772,69937.5,5846.88,36.52,8.1412
25056,20176,81387.2,14564.9,12616,75660.1,21758.1,78.02,8.14567
13237.6,13004,66713.1,5834.4,5720,66846.7,14471.3,22.41,8.1479
32516.2,27231,78255.8,23737,19147,81246.4,28261.7,151.06,8.15125
15503.3,15045,67532.4,9143.16,8513,70387.2,6327.36,60.59,8.15237
19058.4,18197,68638.2,9652.5,9205,68722,11632.1,119.52,8.15237
25930.4,21428,79306.4,11633.7,9632,79155.5,7003.62,97.11,8.15572
14133.1,13915,66563.3,6026.28,5928,66622.5,17092.1,-15.77,8.15572
30238.2,22081,89746.5,28272.7,22801,81263,25531.7,156.04,8.15684
20442.8,19544,68550,8753.16,8529,67258.4,8536.32,17.43,8.16019
7628.92,7296,68526.4,5737.68,5408,69531.2,11125.9,31.54,8.16243
11792.6,11679,66173.2,5339.88,5291,66141.4,23094.2,32.37,8.16243
11984.3,11852,66267.7,4069.26,4028,66207.3,9771.06,-9.13,8.16354
9223.52,8998,67178.6,4751.76,4678,66569.3,11506.6,63.08,8.16354
12002.7,11650,67520,6332.04,6130,67696,23559.9,58.93,8.16354
7930.16,7846,66239,3419.52,3394,66028.8,17639.7,-28.22,8.16466
11294.1,10189,72644.2,7399.08,6617,73281.9,7775.04,9.96,8.1669
14920.6,14650,66746.3,6058.26,5998,66194.4,13032.2,17.43,8.1669
14155.6,13784,67302.6,4869.54,4837,65976.9,8393.58,72.21,8.16801
16954.4,16791,66173.9,5169.06,5159,65663.8,12710.1,3.32,8.16913
19839.7,18560,70054.6,11173.5,10048,72876.8,14908.1,75.53,8.17025
5350.92,5445,64403.7,2194.92,2161,66564.7,10568.2,-30.71,8.17695
8075,8064,65625.4,3949.92,3960,65369.2,12355.2,48.14,8.17695
13256.6,12527,69353,6200.22,5794,70130.8,13595.4,35.69,8.17695
35283.2,28773,80364.1,16564.9,13745,78981.1,16560.2,39.01,8.17807
21766.8,16253,87769,20807.3,17085,79814.2,69132.2,69.72,8.1803
20045,19525,67281.5,7199.4,6853,68848.7,21490.6,93.79,8.1803
14079.4,13596,67866.1,6646.38,6444,67594.2,15624.2,22.41,8.18254
12480.7,11970,68332.2,8152.56,7586,70430.6,38607.7,17.43,8.18365
17587.5,16564,69585.6,9345.18,8640,70884.9,24694.8,66.4,8.18365
10943.2,10807,66362.2,4548.96,4531,65795.8,22949.9,-24.07,8.18477
12471.2,11617,70354.9,7574.58,7033,70582.6,7324.98,35.69,8.18701
17059.2,16453,67950.5,6585.54,6481,66593.1,21609.1,47.31,8.18924
17346.1,16452,69097.7,8764.86,8340,68874.6,9618.18,88.81,8.19147
41677.2,31920,85568.8,32782.6,25892,82977,16280.2,85.49,8.19147
10708.6,10777,65120.3,3470.22,3481,65333,13571.2,-24.9,8.19259
12765,11661,71740.4,6578.52,6016,71663.9,12389.5,50.63,8.19259
14998.8,14815,66348.9,6039.54,5867,67463.3,10582.3,-14.11,8.19483
23033.6,19093,79062.1,18487.6,14713,82349,39437.6,85.49,8.19483
8415,8490,64957.1,3027.18,3018,65735.3,15290.3,63.91,8.19594
6001,6037,65145.2,2346.24,2333,65907.9,5994.3,-24.07,8.20041
9007.28,8837,66798.8,4617.6,4517,66995.6,7734.48,2.49,8.20265
6815.64,6773,65948.6,3644.94,3601,66335.7,6959.16,-9.96,8.20488
55566.9,37048,98294.9,44626.1,30184,96893,23166.8,147.74,8.20712
22727,15916,93580.9,11663.3,7153,106860,17720,63.08,8.20712
18574.2,17836,68248.4,8609.64,8200,68809.9,16022.8,49.8,8.20823
18948.2,18061,68755.3,8750.04,8317,68948.3,16221.7,67.23,8.20823
14907.6,13681,71412,9744.54,8901,71746.8,34667.1,31.54,8.2127
7164.48,7249,64771.9,2954.64,2941,65840,22893,-13.28,8.2127
6686.44,6837,64092.8,2494.44,2537,64436.6,13675.7,-0.83,8.21382
14186.8,13477,68987.8,7723.56,7117,71121.4,10788.2,73.87,8.21382
6088.04,6104,65364.6,3363.36,3352,65758.1,29086.2,47.31,8.21382
13747.6,13580,66344.6,5457.66,5329,67118.3,13416,7.47,8.21494
8827.08,8806,65692.9,3552.9,3489,66736.3,7131.54,48.97,8.21605
7030.52,7069,65179.3,2854.8,2825,66227.3,6147.96,34.03,8.21829
6382.48,6428,65071.9,2473.38,2465,65758.8,15398,9.96,8.22164
10325.8,10221,66208,4041.96,3981,66539.5,17237.2,-13.28,8.22387
8769.28,7882,72913.4,6082.44,5594,71258.3,8149.44,19.92,8.22499
11400.2,10786,69267.9,5091.84,4630,72073.2,15917.5,24.9,8.22499
16030.3,15812,66440.9,6353.88,6128,67951.7,23494.4,43.99,8.22499
14441.2,14193,66681.9,5976.36,5793,67610.3,23013.9,57.27,8.22499
22175.5,21177,68626,10096.3,9817,67400.7,5795.4,-25.73,8.22499
16264.9,15909,67002.2,6057.48,5957,66641.4,32834.1,112.05,8.22946
17924.8,17448,67326.9,5840.64,5676,67437,10239.1,33.2,8.23169
16271.7,15793,67522.5,6931.86,6721,67592.1,15767.7,-2.49,8.23393
10960.9,9776,73479.4,5983.38,5296,74042.1,28243.8,40.67,8.23616
8247.72,8240,65597.4,3985.8,3888,67184.5,13348.1,-20.75,8.23616
12273.3,11705,68718,4953,4601,70549.8,18529.7,-11.62,8.23728
9330.96,9247,66131,3386.76,3324,66773.4,7400.64,1.66,8.23952
12218.9,11861,67513.6,5938.14,5793,67178,37622.5,81.34,8.24175
9132.4,9098,65783.8,3448.38,3406,66351.4,8281.26,-29.05,8.24622
13668,12880,69545.5,7281.3,6932,68838.3,14126.6,74.7,8.24622
37253.1,27904,87493.6,33483.1,24764,88610.3,10948.1,87.98,8.24734
11588.6,11349,66919.4,5282.94,5225,66262.7,12137.6,17.43,8.25069
31358.9,25672,80053.6,16901,14220,77892.2,10381.8,81.34,8.25404
14284.1,13620,68731.4,6899.88,6616,68348,22240.1,34.03,8.25851
12221.6,12029,66585.5,4988.88,4905,66656.7,9561.24,-45.65,8.25851
13929.8,13551,67368,5515.38,5311,68058,19815.1,17.43,8.25962
33864,24374,91052.4,22283.8,17314,84347.5,32330.2,26.56,8.25962
18944.8,17441,71186.6,7151.04,6465,72490.4,13209.3,9.96,8.26186
11164.2,11000,66514.5,4811.04,4721,66785.9,31086.1,36.52,8.26521
25742.8,20594,81920.8,22835.3,18246,82019.8,19075.7,96.28,8.26856
22802.4,22102,67612.9,9607.26,9398,66995.3,24707.3,-13.28,8.26968
15893,15449,67419.3,6525.48,6329,67570.5,16895.6,-5.81,8.26968
35098.9,27169,84664.2,21367.3,16981,82464.4,37136.6,125.33,8.2708
6491.28,6601,64446.7,2992.86,2937,66782.5,7442.76,44.82,8.2708
9560.8,9507,65906.9,3186.3,3159,66102.4,15608.6,1.66,8.27191
12612.6,11732,70455.3,8785.14,8272,69601.4,9548.76,-14.11,8.27303
13025.4,12388,68908,7905.3,7516,68930.5,38825.3,58.1,8.27527
8457.16,8429,65755,4217.46,4157,66489.2,15712.3,48.14,8.27527
17775.2,14778,78827.7,16514.9,13738,78783.2,9327.24,35.69,8.2775
14709.8,14509,66442.8,4712.76,4649,66434.8,21588.1,16.6,8.27862
13697.9,13586,66075.9,5276.7,5250,65869.3,7596.42,12.45,8.27973
7171.96,7237,64947,3310.32,3249,66772.9,11555.7,41.5,8.28085
39340.7,26048,98980.1,33139.9,25592,84864.6,94999.3,175.13,8.28309
9547.2,9652,64824.4,2924.22,2900,66083.3,6016.14,7.47,8.28532
10492.4,10529,65308.2,4102.8,4069,66080.4,20968,14.94,8.28644
8851.56,8832,65681.1,4143.36,4064,66815.8,10644.7,-29.05,8.28867
16049.4,15661,67161.2,5711.94,5504,68011.9,8491.86,57.27,8.29202
19777.1,19197,67516.5,6684.6,6521,67180.2,6840.6,12.45,8.29202
17849.3,17050,68608.4,8960.64,8638,67983.8,5957.64,32.37,8.29202
10379.5,10230,66493.9,4618.38,4502,67230.2,9665.76,11.62,8.29314
26154.2,20968,81745.5,13216.3,10776,80377.2,13610.2,37.35,8.29426
16940.8,15517,71549.6,10391.9,9449,72076,19248.1,20.75,8.29538
11271,11253,65640.8,3889.86,3849,66231.7,8509.02,50.63,8.29761
6755.12,6680,66273,3649.62,3605,66347.2,6945.12,1.66,8.29761
16305,15988,66835.6,7197.06,7060,66808.3,16014.2,16.6,8.29873
17038.1,16796,66480.6,6193.98,6129,66230.8,14204.6,-0.83,8.30096
15438,14833,68209.2,7541.82,7345,67292.1,16661.6,43.99,8.30096
15880,15688,66338.2,5534.1,5484,66134.7,10476.2,0,8.30543
19692.8,15810,81631.1,12303.7,10754,74980.1,8335.86,81.34,8.30655
14350,14174,66350,5555.16,5518,65977.3,8905.26,11.62,8.30767
14817.2,14652,66274.9,6944.34,6696,67966.6,10518.3,57.27,8.30878
11432.2,10916,68634.9,7367.88,7028,68705.4,6966.96,-22.41,8.30878
14432.3,13303,71099.5,11468.3,10675,70406.5,26131.6,71.38,8.30878
41835.6,26804,102288,40396.2,29600,89439.4,96506.3,173.47,8.3099
17703.8,17254,67244.5,6938.1,6722,67642.9,8214.18,-20.75,8.3099
11931.3,11649,67124.1,5883.54,5721,67398,21893.8,15.77,8.31102
12767.7,12681,65984,4613.7,4564,66249.6,17731.7,-22.41,8.31102
7204.6,7192,65650.8,3910.92,3864,66331.8,8295.3,-31.54,8.31325
23217.2,21888,69516,13763.1,12808,70423.1,16339.4,40.67,8.31325
12296.4,12252,65773.7,4054.44,4040,65770.2,13845,89.64,8.3166
13361.3,12645,69248.5,5043.48,4573,72278.5,13423,4.98,8.31772
11054.8,10730,67519.5,6639.36,6298,69088.1,16173.3,-14.11,8.31884
6989.72,7070,64791.8,3517.8,3502,65831.7,22167.6,-8.3,8.31884
15266,13837,72304.2,9427.86,8269,74720.5,21539.7,-39.01,8.31995
6061.52,6181,64269.2,2699.58,2673,66187.7,9130.68,-29.05,8.32107
7745.88,7806,65031.3,3522.48,3514,65694.1,16599.2,-14.11,8.32219
23428.7,20645,74372.7,10051.1,9201,71590.9,90154.7,77.19,8.32331
79496.8,57173,91125.2,36213.1,26169,90689.7,88911.4,146.08,8.32331
14309.9,14132,66361.1,4892.94,4836,66307.6,8849.88,34.86,8.32442
12951.3,12818,66217.4,4724.46,4641,66714.6,13095.4,-33.2,8.32778
11411.8,10484,71335.5,7533.24,6908,71467.6,37270,9.13,8.32778
14118.8,13113,70563,8990.28,8173,72089.4,26539.5,-16.6,8.32778
11168.3,10756,68048.3,6970.86,6772,67460.5,11271.8,34.03,8.32889
14913.8,14449,67644,5846.88,5677,67497.1,33059.5,-4.98,8.33001
50396.8,33096,99794.8,44269.7,30821,94132.5,26206.4,145.25,8.33224
14287.5,13976,66996.6,6085.56,5964,66871.8,8169.72,-10.79,8.33224
12958.8,12685,66950.4,5470.92,5325,67331.9,26562.1,80.51,8.33224
19724.1,15293,84524.8,19755.1,16573,78119.1,40861.9,27.39,8.33336
13683.6,13489,66481.7,5230.68,5137,66731.1,9806.94,38.18,8.33448
13923.7,13841,65927.5,4431.18,4385,66226.2,13342.7,15.77,8.33448
10840.6,10702,66384.5,4517.76,4490,65941.2,11427.8,17.43,8.33448
17105.4,16861,66485.9,5593.38,5565,65870.2,36367.5,9.13,8.33783
8635.32,8155,69396,7622.94,7311,68332.2,13298.2,64.74,8.33783
21541.7,19804,71286.5,13342.7,12648,69135.5,26908.4,68.06,8.33895
18122.7,16121,73673.3,8054.28,7069,74670.4,12518.2,-2.49,8.34118
24622.8,22308,72336.4,13192.1,11908,72603.3,11560.4,83.83,8.3423
13129.4,13030,66036.1,4538.82,4518,65838,19198.1,36.52,8.34453
15905.2,15409,67646.4,7720.44,7381,68549.9,9536.28,35.69,8.34453
12310.7,10997,73365,8182.98,7493,71570.8,13240.5,39.01,8.34453
13139,12494,68919.1,8741.46,8122,70534.4,11835.7,33.2,8.34789
9927.32,9347,69604.9,6016.92,5619,70177.1,36200.6,29.05,8.349
11050,11111,65176.2,4036.5,4023,65755.9,28848.3,26.56,8.35012
13140.3,12850,67016.7,5403.06,5286,66987.3,21531.1,112.88,8.35235
11726.6,11515,66740.3,4610.58,4523,66805,45943.6,24.07,8.35347
6944.16,6937,65603.6,3082.56,3069,65825.6,9853.74,24.9,8.35571
16527.4,16184,66926.6,5336.76,5221,66989.1,17877.6,25.73,8.35682
20281.7,15560,85422.9,14142.2,11909,77825.3,18732.5,68.06,8.36018
16762,16777,65477.4,6451.38,6452,65529.7,7076.16,-19.92,8.36018
17136,15216,73805.5,8322.6,7540,72338.2,9261.72,-12.45,8.36018
17004.8,15661,71159.2,11154,10592,69013.3,15054.8,71.38,8.36018
7401.8,7307,66386.3,3813.42,3739,66840.4,5696.34,16.6,8.36464
8767.24,8028,71570.7,6659.64,6188,70531.1,26718.9,4.98,8.36911
13041,12473,68520.6,7486.44,7225,67907.4,7597.2,15.77,8.37023
13855,13464,67439.2,5757.96,5352,70507,6965.4,8.3,8.37135
10622.3,10009,69551.6,5328.18,4973,70216.7,6500.52,67.23,8.37135
24544.6,20600,78085.2,24166,20248,78217.1,7381.14,150.23,8.37358
20043.7,18437,71247.1,10489.4,9477,72537.3,29877.9,23.24,8.37358
13244.4,11481,75601.6,10688.3,9513,73633,24650.3,43.16,8.3747
9801.52,9742,65936.4,3889.08,3770,67606,17584.3,-21.58,8.38364
12850,11133,75643.1,8903.7,7721,75574.8,21311.2,7.47,8.38475
13131.5,11985,71805.1,8862.36,7981,72773.3,27304.7,25.73,8.38587
20013.8,18300,71673.3,8799.18,7893,73060.1,5697.9,42.33,8.38587
20105.6,18896,69731.1,9986.34,9508,68833.1,12545.5,-57.27,8.38699
18644.9,18057,67669.8,7858.5,7540,68304.3,9760.92,27.39,8.38811
7943.76,7809,66667,4857.84,4713,67550.1,8217.3,58.1,8.39034
8689.72,8688,65549,4201.08,4160,66183.2,7374.12,-14.94,8.39146
12299.8,11817,68213.8,9519.9,8953,69685.7,8718.84,-4.15,8.39257
6336.24,6393,64954.1,2393.82,2381,65888.9,11324,-8.3,8.39928
32621,23930,89337.5,23383.6,19002,80647.8,16571.9,69.72,8.40375
20219.8,16209,81752.4,16972,14229,78169.8,12266.3,52.29,8.4071
11088.1,10897,66685.2,4401.54,4349,66327.7,14132,92.96,8.4071
13568.7,13357,66574.8,5541.9,5449,66653.3,11189.9,7.47,8.40933
17253.6,15881,71200.5,10881,10217,69795.2,29056.6,45.65,8.40933
13564.6,13533,65689.2,4275.18,4269,65630.9,27715,-30.71,8.41045
64559.9,43665,96896.7,31849.7,20373,102454,50470.7,114.54,8.41157
10691,10049,69722.6,9453.6,8737,70911.2,17960.3,4.98,8.4138
12556.9,11369,72383.5,7537.92,6889,71709.3,12274.1,-20.75,8.4138
25980.1,22797,74686.6,16031.3,13549,77543,72177.3,-9.96,8.4138
7407.92,7411,65508.8,5282.94,5091,68006.8,7983.3,50.63,8.41492
16682.4,16261,67234.5,7157.28,6721,69790.1,47477.8,24.9,8.41492
17605.2,17269,66811.9,8296.86,7997,67993.4,38912.6,81.34,8.41492
23290.7,19839,76938.3,11119.7,9711,75042.7,11136.8,44.82,8.41604
13957,13669,66916.8,6115.98,5937,67511.7,9895.86,58.93,8.41604
16235,15917,66845.3,6653.4,6589,66176.5,6565.26,-4.15,8.41827
9697.48,9619,66070.7,3532.62,3459,66930.9,8714.94,-48.97,8.42051
23105,19289,78501.3,21515.5,19060,73979.1,18521.1,25.73,8.42162
22786.8,21946,68046.8,8367.84,8090,67786.8,9318.66,26.56,8.42162
11107.8,10035,72542.2,7899.06,7331,70614.2,27130,58.1,8.42274
12422.2,12088,67348.1,6293.04,6108,67521.4,25594.1,-10.79,8.42386
9240.52,9204,65796,3940.56,3892,66353.7,14899.6,-71.38,8.42497
15536,14124,72087.6,9796.02,8908,72069.1,24462.4,-34.03,8.42497
18327.4,18120,66286,5058.3,5032,65878.5,11205.5,54.78,8.42721
9670.28,9647,65694.2,3284.58,3243,66376.3,8739.9,75.53,8.42833
13016.6,12597,67718.8,7305.48,7105,67385.2,17552.3,68.06,8.42833
12916.6,12952,65356.9,3574.74,3468,67553.1,13664.8,-4.15,8.43168
11371,11388,65437.9,3908.58,3884,65950.7,9193.08,19.09,8.43391
6148.56,6217,64814.5,2664.48,2665,65523.2,9666.54,53.95,8.43503
9675.04,8944,70892.6,8606.52,8096,69668.6,21080.3,34.86,8.43503
18668.7,14644,83547.8,13424.6,10804,81432.2,12456.6,75.53,8.43615
11264.9,9984,73943.8,7360.08,6624,72818.6,12316.2,1.66,8.43615
9558.08,9450,66285.5,3656.64,3614,66309.2,21365,22.41,8.43726
14949.1,14442,67837.3,6159.66,5902,68397.1,10512.8,68.06,8.44061
17679.3,16436,70493.6,11374,10160,73366.5,41886.8,63.91,8.44173
11143.2,10945,66722.5,4347.72,4241,67185.1,10689.1,14.94,8.44173
13068.9,12343,69390.3,6697.08,6211,70664.9,18784.7,29.05,8.44285
15424.4,14898,67851.8,5736.12,5590,67249.1,7761,-19.09,8.44285
16057.5,15111,69641,8697,8295,68712.1,12231.2,-4.98,8.44285
19307.2,15863,79765.4,10253.1,8787,76470.6,22085.7,18.26,8.44285
11675.6,11600,65963.1,3422.64,3436,65281.2,7764.12,4.98,8.4462
16196.2,15733,67465.6,7984.86,7857,66602.5,8220.42,6.64,8.44844
12815.3,12119,69301.3,9078.42,8467,70268.5,15681.9,43.16,8.44955
19863.5,19441,66960.2,8260.2,8049,67255.6,7819.5,38.18,8.45067
13795.8,12942,69859.7,9031.62,8618,68681.4,12612.6,1.66,8.45067
22019.8,18865,76495.5,12083.8,10229,77419.2,23730.7,115.37,8.45179
18010.5,16907,69813.4,10423.1,10011,68234,52552.5,70.55,8.45402
17560.3,17016,67632.4,7256.34,7000,67935.9,8927.1,37.35,8.45402
5791.56,5848,64903.5,2487.42,2476,65838.3,24111.4,17.43,8.45626
9439.76,9248,66894.9,4899.96,4640,69207.7,6013.02,-7.47,8.45626
10148.3,9578,69438.3,6477.9,6186,68628.5,12795.9,23.24,8.45737
5500.52,5569,64730.1,1977.3,1957,66215.8,6853.08,0,8.45849
22183,17565,82765.9,12302.9,10649,75714.7,28073,34.86,8.45849
8311.64,8327,65415.1,3839.16,3799,66228.8,12475.3,33.2,8.46072
17097.2,16356,68506,8000.46,7648,68556.2,9656.4,50.63,8.46184
14482.6,14281,66461.3,5567.64,5389,67708.5,9453.6,34.86,8.46519
14957.3,14565,67301.1,7374.12,7137,67713.4,15853.5,7.47,8.46631
14966.8,14478,67748.6,8858.46,8650,67115.4,11824,22.41,8.46631
8025.36,8080,65092.8,3318.9,3260,66720.1,6211.92,-27.39,8.46631
20709.4,20097,67533,8264.88,8069,67126.9,6444.36,-33.2,8.46631
9054.88,8767,67688,5452.98,5231,68317.1,5811.78,38.18,8.46966
15357.1,15152,66423.2,5765.76,5652,66855.1,9448.14,1.66,8.47078
12088.4,10496,75478.5,8624.46,7664,73749,19227.8,3.32,8.47078
55143.9,32157,112383,47162.7,30525,101257,25573.9,169.32,8.4719
6415.12,6441,65272.7,2956.98,2925,66252.5,19094.4,53.95,8.47301
15049.8,12837,76832.7,10955.9,9873,72724.1,34652.3,38.18,8.47525
5687.52,5725,65107,2980.38,2921,66868.3,20453.9,56.44,8.47637
10256.4,9850,68240.2,6608.16,6378,67901,26191.6,-15.77,8.47748
24031.9,22936,68667.3,10099.4,9688,68319.3,12864.5,81.34,8.4786
18311,17559,68342.9,7560.54,7191,68903.8,9588.54,47.31,8.48419
16012.6,13545,77475.4,9724.26,8601,74094.8,10654,36.52,8.48419
31551.3,24773,83467.8,26030.9,21349,79908.4,24807.1,49.8,8.48642
9068.48,8816,67412.9,4407.78,4288,67366.7,17163.9,65.57,8.48754
14577.2,12923,73924.7,15827.8,14427,71899.1,26995.8,68.06,8.48977
8005.64,7817,67117.5,3702.66,3565,68066.6,18911.9,81.34,8.49089
9983.08,9845,66455.2,3987.36,3961,65972.1,35206.9,19.92,8.49312
16719.8,16100,68059.1,5613.66,5424,67827.6,22673.8,26.56,8.49312
20464.6,17461,76809.4,10977.7,9749,73795.9,13352,59.76,8.49312
31950.5,20341,102940,24654.2,17349,93131.6,44649.5,127.82,8.49312
39229.2,27304,94159.3,28339,21077,88116.1,40255,72.21,8.50095
12886,12757,66198.7,4576.26,4513,66454.6,11949.6,28.22,8.5043
8788.32,8648,66599.4,3640.26,3580,66639.1,7480.2,42.33,8.50541
14215.4,13744,67783.8,7534.8,7188,68697.9,22558.4,48.14,8.50541
9965.4,8708,74999.1,7979.4,7344,71206.1,17854.2,14.11,8.50765
11138.4,10976,66505.7,3996.72,3952,66277.6,8037.12,39.84,8.511
12355.6,12166,66557.4,5083.26,4850,68687.9,17401.8,29.88,8.511
18515,17660,68709,7783.62,7500,68014.3,34309.1,3.32,8.51212
8838.64,8856,65407.5,2563.86,2552,65840.6,13217.9,48.14,8.51212
18058.8,15111,78320.4,13239.7,11655,74446.9,32896.5,41.5,8.51659
7325.64,7190,66772.4,3459.3,3378,67113.3,9048,-48.14,8.5177
17939.1,17145,68571.3,10487.9,9737,70589.9,19880.6,80.51,8.51994
10132.7,10108,65696,3825.12,3804,65899.9,34476.8,27.39,8.52106
15897,15008,69418.2,9363.12,8780,69888.5,12237.4,41.5,8.52664
11413.1,11232,66592.8,4458.48,4384,66649.4,12760.8,19.09,8.52776
17307.4,16923,67024.5,6342.18,6191,67136.3,11969.9,0,8.52999
29875.1,24246,80751.3,23703.4,20114,77231.2,7353.06,141.93,8.53334
11991.1,11339,69305.1,6795.36,6459,68948.9,6887.4,35.69,8.54005
23986.3,19434,80887.5,12745.2,10714,77960.6,15554.8,26.56,8.54117
13694.5,13197,68006.7,7934.94,7613,68307.4,19850.2,43.99,8.54117
34776.6,22911,99477,33165.6,24975,87028.6,57719.2,166,8.54228
6590.56,6621,65234.7,3365.7,3325,66338.2,8518.38,5.81,8.5434
12499.1,12509,65484,8123.7,8073,65947.6,5561.4,77.19,8.54452
10333.3,9905,68369.7,3933.54,3657,70491.8,15429.2,32.37,8.54563
13102.9,12604,68130.2,6112.86,5884,68085,28494.2,34.86,8.54787
14869.6,14653,66504.6,4701.84,4413,69825.5,13745.9,-16.6,8.54787
25570.7,23386,71658.4,12994,11678,72921.4,7658.82,14.11,8.54899
22297.9,19080,76588.8,15096.1,13452,73545.9,29544.1,19.92,8.54899
16541.7,16110,67292.1,5921.76,5774,67213.1,14061.1,26.56,8.54899
13239.6,13100,66234.4,6038.76,5733,69031.3,18856.5,-9.13,8.5501
15648.2,14677,69872.4,8804.64,8353,69079.5,20632.6,13.28,8.5501
14439.1,13975,67712.5,5343.78,5143,68094.5,19287.1,48.97,8.55122
7321.56,6546,73300.6,7153.38,6642,70581.7,37597.6,-19.92,8.55234
6866.64,6911,65115.3,2740.14,2703,66436.5,11399.7,29.05,8.55234
39703.2,28045,92779,24019.3,17789,88489,98254.3,94.62,8.55569
10491.7,10310,66691.1,4624.62,4530,66904.9,20588.1,4.98,8.55569
10461.1,10201,67207.1,5540.34,5401,67226.8,22286.9,56.44,8.55681
13187.9,11204,77140.6,10574.5,9260,74838.9,26332.8,-6.64,8.55681
9474.44,9513,65270.4,2202.72,2201,65587.2,26416.3,10.79,8.55792
18888.4,17812,69496.3,9621.3,9252,68151.9,20789.3,37.35,8.55792
18395.4,15837,76122.9,10567.4,9389,73761.6,11994.8,87.98,8.55904
14858,14781,65877.4,5263.44,5165,66785,15614,36.52,8.56127
13277,12924,67326,5599.62,5464,67162.6,16465.8,14.94,8.56239
40836.7,30009,89182.4,27181.4,21117,84356.8,7594.08,112.88,8.56351
14955.9,13532,72432.1,9871.68,9052,71470.4,19025,14.94,8.56463
17395.1,16420,69427.8,10147.8,9404,70719.5,40388.4,92.13,8.56574
13670.7,12925,69317.2,8002.02,7593,69066.3,6403.8,9.96,8.56798
10301.3,10093,66888.7,5956.86,5830,66962,7375.68,-9.96,8.57245
8628.52,8613,65654.1,3485.82,3453,66158.9,5686.98,63.91,8.57245
13010.4,12758,66832.8,5582.46,5414,67575.2,52652.3,10.79,8.57356
17946.6,17405,67575.2,6470.1,6304,67262.8,11524.5,50.63,8.57356
11964.6,11233,69804.3,5251.74,4821,71391.4,25097.3,35.69,8.57692
11886.4,11973,65062,4875,4773,66936.5,32915.2,51.46,8.57692
8601.32,7790,72361.5,6468.54,6030,70302.2,18387.7,59.76,8.57692
16632.8,16121,67616.6,7773.48,7481,68098.2,16817.6,15.77,8.57803
9768.88,9720,65865.6,3977.22,3932,66289.7,8177.52,-29.05,8.57803
13507.5,13445,65840.8,5818.8,5633,67697.7,8487.96,2.49,8.57915
9949.08,9896,65887.5,3853.2,3788,66664,9030.06,14.94,8.58027
16160.2,14110,75058.5,7733.7,6862,73861.2,43076.3,36.52,8.5825
16385.3,14804,72536.2,9029.28,8208,72093.4,13339.6,4.15,8.58474
11756.5,11761,65511,4263.48,4277,65328.8,10700.8,88.81,8.58585
14105.9,13737,67296,5759.52,5492,68728.3,13845,67.23,8.58809
10539.3,10266,67280.8,4951.44,4794,67688.3,6071.52,19.09,8.58809
14571.7,13821,69095.7,8529.3,8153,68560.8,17114,17.43,8.58921
7521.48,7624,64654.7,1444.56,1432,66110.8,12172.7,12.45,8.58921
18783,16040,76743.1,15188.9,13921,71505.1,19771.4,62.25,8.58921
8619.68,8717,64804.3,3987.36,3977,65706.7,13539.2,33.2,8.59032
21058.9,17357,79513.6,18552.3,16045,75777.1,36845.6,94.62,8.59256
7617.36,7706,64782.2,3346.98,3310,66268.2,11870.8,39.01,8.59367
15132.7,13669,72553.8,10428.6,9773,69932.3,6484.92,89.64,8.59479
14120.9,11323,81729.8,11601.7,10571,71926.1,8670.48,40.67,8.6082
49521,26849,120876,41593.5,21825,124897,169919,250.66,8.60932
7941.72,7919,65724,2914.86,2879,66352.3,12023.7,5.81,8.60932
15215,15138,65869.4,5204.16,5158,66122.5,9572.94,24.07,8.61155
14519.4,14392,66116,5397.6,5372,65848.3,14728,-10.79,8.61155
18212.4,17655,67605.2,11380.2,10935,68204.2,27410,66.4,8.61267
29717.4,19460,100080,30658.7,22016,91263,10702.4,147.74,8.6149
7813.88,7949,64422,3449.16,3453,65463.1,13999.4,32.37,8.6149
13914.8,13332,68401.1,8166.6,7828,68370.8,18336.2,44.82,8.6149
10250.3,9165,73296.8,7662.72,7117,70561.2,18441.5,39.01,8.61602
29633,24450,79428.7,15236.5,13218,75544,26754,29.88,8.61825
19481.3,18957,67348.6,7610.46,7517,66350.8,13541.6,47.31,8.61937
11675.6,11172,68490.2,6643.26,6388,68154.8,20906.3,22.41,8.61937
16229.6,14229,74750.2,8230.56,7441,72490,11760.1,96.28,8.6216
19368.4,17396,72966.8,8376.42,7584,72383.6,7724.34,65.57,8.62607
5642.64,5731,64525.6,2529.54,2535,65394.8,9864.66,13.28,8.63054
17479.4,16076,71257.2,12412.9,11544,70468.9,19322.9,73.87,8.63166
17134,15999,70185.1,11494.1,10636,70823.2,10372.4,46.48,8.63389
9751.2,9819,65083.5,3785.34,3739,66348.2,7945.86,22.41,8.63725
10250.3,10028,66988.9,5436.6,5352,66571.9,13012,4.98,8.63948
28613.7,22440,83566.4,16848.8,13308,82972.8,44332.9,85.49,8.63948
15446.9,15217,66526,2646.54,2593,66889.2,16611.7,-40.67,8.6406
13615,13427,66453.4,4214.34,4144,66648.4,13248.3,29.05,8.6406
13160.7,12482,69099.6,7904.52,7426,69759,20873.6,52.29,8.64172
9418,9145,67492.4,5202.6,5005,68123.4,9539.4,-13.28,8.64283
21460.8,20020,70252.5,14575.1,13828,69076.7,17644.4,-21.58,8.64395
29501.8,22276,86794.3,24306.4,18352,86799.4,25567.6,103.75,8.64507
13822.4,13461,67295.3,5726.76,5609,66911.9,6760.26,-1.66,8.65065
34426.4,29209,77242.2,10665.7,9213,75869.8,29253.9,103.75,8.65177
11759.9,11275,68354.6,9884.94,9231,70178.7,13383.2,34.86,8.65289
12812.6,12709,66070,4442.1,4337,67124.2,12167.2,-30.71,8.654
16866,16259,67982.8,7933.38,7767,66939.9,13885.6,-1.66,8.65512
24913.8,20296,80447.1,16494.7,12664,85359.6,5617.56,-27.39,8.65512
24681.3,20155,80253.6,13797.4,11759,76896.7,6013.02,129.48,8.65736
18073,17565,67431.5,7690.02,7421,67911.8,8767.2,25.73,8.65736
16721.9,15252,71851.9,7314.06,6500,73743.7,11857.6,14.11,8.65736
17176.8,16269,69192.9,9543.3,8845,70710,6891.3,26.56,8.65847
11444.4,11241,66721.8,5034.12,4909,67206.4,23286.1,11.62,8.65847
10086.4,9417,70194.9,6193.2,5844,69452,15486.9,86.32,8.65959
17950.6,17117,68727.8,8586.24,8153,69018.5,16355,40.67,8.65959
9962,9882,66066.5,4930.38,4858,66512.4,14871.5,48.97,8.66071
12911.8,12248,69088,7039.5,6449,71536.8,23286.9,36.52,8.66183
12990,12783,66597.5,4669.08,4607,66419.1,29609.6,17.43,8.66518
5618.84,5734,64219.8,2758.86,2726,66326,24222.1,-34.86,8.66629
21323.4,20478,68241.7,10624.4,10138,68680.2,6483.36,24.9,8.66741
18179.1,17697,67321.4,8069.88,7897,66970.7,31571.3,33.2,8.67076
22004.1,17944,80364.6,21053,17080,80780.3,6030.96,109.56,8.67076
40723.8,27726,96259,27371.8,19182,93516.6,28739.9,151.06,8.67747
8367.4,7761,70656.6,6587.1,6245,69126,13136,-7.47,8.67747
8990.96,8936,65939.1,3622.32,3644,65146.1,14845,19.09,8.67858
8102.88,8109,65486.5,2717.52,2729,65260.3,6156.54,14.94,8.67858
11792.6,11388,67864.2,6313.32,6101,67816.7,10616.6,7.47,8.6797
14543.8,14193,67156,5452.2,5373,66502,9803.82,11.62,8.68082
20966.4,19633,69987.1,11515.1,11077,68128.2,12313.9,106.24,8.68082
16426.1,15853,67905.1,7035.6,6848,67331.4,30870.8,10.79,8.68194
9528.16,9448,66092,3374.28,3356,65893,10786.6,-0.83,8.68305
15208.9,14869,67034,7439.64,7325,66561.7,5780.58,-24.9,8.68305
15786.9,14892,69474.1,9185.28,8597,70020.5,5933.46,-10.79,8.6864
15855.6,15357,67663.6,7522.32,7024,70185.5,16410.4,-0.83,8.68976
9067.8,8767,67784.6,7485.66,7051,69576,5888.22,-14.94,8.69087
14664.2,14334,67045.7,7488,7194,68214.3,9398.22,48.14,8.69422
9422.76,9193,67173.9,4797,4692,67002.6,12494,14.11,8.69534
32640,22489,95117.4,28378.7,21629,85987.8,28790.6,125.33,8.69646
5382.2,5416,65127,2119.26,2129,65236.2,9068.28,-37.35,8.69758
22098,17107,84656.1,14660.1,11891,80797.6,24118.4,87.15,8.69758
18254.6,17773,67311.8,7903.74,7757,66775.8,11656.3,40.67,8.69758
13096.1,12856,66760.1,5210.4,5064,67430.6,30430.1,74.7,8.69869
9703.6,9568,66464.8,4333.68,4260,66669.5,14369.2,-17.43,8.69869
7140.68,7173,65240.7,3003,2997,65667.2,16322.3,64.74,8.70093
8765.88,8670,66260.8,3546.66,3470,66983.8,12371.6,46.48,8.70093
9027.68,9076,65187.1,3393,3392,65555.3,8114.34,-15.77,8.70205
5153.72,5260,64211.8,2253.42,2257,65432.1,19451.6,-29.88,8.70316
19789.4,17800,72860.4,11813.1,10993,70425.1,68640.8,23.24,8.70316
7980.48,7973,65597.5,3566.16,3557,65704.8,24061.4,-24.07,8.70428
51145.5,31562,106200,34166.3,21230,105470,95489.2,214.97,8.7054
15630.5,15380,66603.3,5885.88,5824,66232.3,18415,-10.79,8.70763
12880.6,12612,66931.5,5764.98,5632,67083.4,14927.6,42.33,8.70875
32056.6,22864,91885,10503.5,6252,110102,24492.8,59.76,8.70987
17984,17369,67856.3,9724.26,9085,70147.4,15802,31.54,8.7121
23044.5,22173,68111.9,7106.58,6909,67410.2,13501.8,39.01,8.71322
10829.7,9542,74380,7336.68,6786,70854.2,22035.8,29.88,8.71322
13804,13552,66754.6,5695.56,5500,67866.2,7413.12,95.45,8.71545
15729.8,15312,67324,4877.34,4804,66536.5,9184.5,24.9,8.71545
19510.6,18347,69692.3,9072.18,8747,67972.4,42447.6,29.05,8.71545
21318,20415,68434.8,8610.42,8367,67442.6,7844.46,-19.09,8.71769
15434,15221,66452.9,7029.36,6821,67537.9,11322.5,19.09,8.7188
7484.08,7460,65747.5,3438.24,3416,65962.7,9725.04,33.2,8.71992
18307.6,16853,71192.6,12081.4,11089,71401.2,28534,78.85,8.71992
20204.2,18545,71399.3,13449.5,12209,72195,18683.3,46.48,8.71992
13608.8,12293,72551,6422.52,5805,72507.5,7147.14,4.15,8.72104
10706.6,10372,67650.2,5997.42,5744,68427.4,10847.5,-13.28,8.72327
9008.64,9042,65294.2,3769.74,3718,66448,21531.1,34.86,8.72551
18504.2,17501,69292.5,10505,10000,68845.8,28980.9,92.96,8.72662
20201.4,19316,68540.1,9934.08,9616,67703.8,17278.6,45.65,8.72662
13483.7,12136,72813.9,9168.12,8257,72767.6,11352.1,48.97,8.73109
22537.9,21345,69198.6,8828.04,8549,67675.1,7197.84,22.41,8.73333
12513.4,12322,66553.8,5500.56,5410,66633,10200.1,34.86,8.73333
19068.6,18147,68864.1,11061.2,9251,78359.7,30072.1,387.61,8.73556
13829.2,13601,66635.4,4570.8,4501,66552.3,13618,-6.64,8.73668
11782.4,10624,72681.5,8008.26,7244,72450.2,24952.2,10.79,8.73668
7605.12,7548,66032,3703.44,3617,67102.2,23790,5.81,8.73668
7792.12,7800,65469.8,3329.04,3308,65952.8,15128.1,40.67,8.7378
15100.8,14652,67543.2,6772.74,6629,66957,21911.8,16.6,8.7378
11832,10156,76351.1,9608.82,8449,74532.3,27243.8,3.32,8.73891
5588.92,5680,64485.1,2370.42,2404,64620.6,17720,-13.28,8.73891
11568.8,11632,65180.2,3954.6,3972,65248.9,20829.9,19.09,8.74226
26491.4,23508,73853.3,12331,10880,74276.3,67158.8,68.89,8.7445
5838.48,5849,65418.1,3187.86,3177,65760,14923,26.56,8.74562
8296,8267,65765.9,3403.14,3343,66715,10235.2,21.58,8.74785
20242.2,17353,76447.6,9281.22,7988,76146,16208.4,4.98,8.74785
9271.8,9277,65499.3,2910.96,2873,66401.9,20183.3,17.43,8.74897
26021.6,21192,80471.4,20763.6,16277,83600.4,25533.3,74.7,8.74897
11640.9,10729,71106.3,7637.76,6980,71711.8,26539.5,35.69,8.75009
31036.6,26765,75995.2,18503.2,16000,75788.9,26974.7,64.74,8.7512
9959.28,10069,64821.9,3389.88,3397,65398.6,13085.3,19.09,8.75455
6566.08,6563,65566.8,2622.36,2595,66227,9382.62,-27.39,8.75455
8471.44,8491,65385,2539.68,2527,65864.8,13970.6,7.47,8.75567
31463.6,22935,89906.2,21637.2,17044,83197.3,13884,9.96,8.75679
12837.7,12459,67528.1,7125.3,6879,67882.5,10706.3,-1.66,8.75791
11390.7,11383,65580.2,4277.52,4247,66007,27306.2,3.32,8.75902
10964.3,10214,70350.3,7032.48,6566,70192,17954,44.82,8.76014
13736.7,13504,66665.2,6751.68,6576,67286.8,14855.9,42.33,8.76014
14097.1,13956,66198.5,4552.08,4484,66531,20623.2,13.28,8.76126
20623,17264,78287.3,14046.2,11856,77642.9,9643.14,63.08,8.76349
8536.72,8595,65091.6,4307.16,4231,66715.7,9218.82,4.98,8.76573
8018.56,7810,67286.1,5733,5474,68636.8,7519.98,9.96,8.76573
18924.4,18469,67152,5908.5,5745,67401.1,17458.7,4.98,8.76573
17210.8,16975,66446.4,6647.94,6443,67620.6,12713.2,40.67,8.76684
12799.6,12759,65744.8,3821.22,3767,66479.3,7555.08,11.62,8.76796
36063.1,24842,95138.6,34467.4,24586,91875.7,24933.5,157.7,8.76796
15240.2,13535,73792.3,8148.66,7291,73245.2,7513.74,26.56,8.76796
8268.12,8316,65158.7,2875.08,2821,66792.4,6523.92,-15.77,8.76908
14186.2,13775,67492.1,6887.4,6671,67661.9,30689.1,52.29,8.7702
13881.5,12648,71927.5,9167.34,8305,72340.9,5711.94,-41.5,8.77131
13911.4,13713,66484.4,5123.04,4993,67242.9,7458.36,43.16,8.77466
38261.6,28354,88435.8,19278.5,13730,92020,68565.9,138.61,8.77466
23951.6,19931,78756.4,20119.3,17995,73272.6,15121.9,42.33,8.77466
9097.04,8357,71339.4,7976.28,7289,71715.4,8557.38,18.26,8.77578
13185.2,12684,68125.6,7748.52,7304,69524.5,6490.38,19.92,8.77578
13310.3,12705,68658.4,6076.2,5825,68362.2,26935,72.21,8.77802
11811.6,11797,65617.1,5535.66,5201,69752.9,30193,-22.41,8.77913
25165.4,22101,74623,14779.4,13221,73261.1,29917.7,43.16,8.78025
18655.1,17407,70235.1,13559.5,12667,70153.7,74273.9,106.24,8.78137
12063.2,12008,65837.3,3749.46,3704,66340.3,7394.4,105.41,8.78137
20988.9,20197,68105.5,8604.18,8273,68159.5,7982.52,-3.32,8.78137
13979.4,13233,69232.7,7120.62,6629,70396.3,13212.4,25.73,8.7836
12860.8,12656,66596.7,6892.08,6432,70223.8,28950.5,39.01,8.7836
15493.8,14921,68051.9,6364.8,6153,67791.9,34933.9,24.9,8.78807
12120.3,11962,66403.4,4818.06,4730,66756.1,7392.06,53.95,8.78807
12443.3,11869,68707.2,6669.78,6080,71893.2,20363.5,27.39,8.78919
8514.28,8480,65800.9,3785.34,3720,66687.1,8926.32,-33.2,8.79142
13050.6,12484,68510.2,6902.22,6448,70152.6,31834.1,22.41,8.79142
17605.9,16895,68293.5,9750,9215,69340.9,19383,-4.15,8.79366
5001.4,5065,64713.1,2548.26,2525,66139.7,13685.9,14.11,8.79589
7314.76,7328,65417.6,3471.78,3456,65835.2,17965,41.5,8.79813
10289.1,10262,65708.9,4017.78,4006,65728.7,32415.2,-5.81,8.79813
11881,12009,64837.3,3682.38,3677,65631.9,9030.06,57.27,8.79924
12537.8,12368,66436,4531.8,4464,66531.4,6087.9,20.75,8.80371
15092.6,14856,66579.8,7453.68,7132,68491.9,12214,24.07,8.80371
17976.5,17392,67738.4,5981.04,5824,67303.1,5596.5,-26.56,8.80483
9953.16,10020,65098.8,4374.24,4380,65449.8,20247.2,-36.52,8.80595
30374.9,23556,84507.2,19393.9,15296,83093.6,19547.6,103.75,8.80595
20754.3,16708,81407.3,15465.8,13260,76438.1,5913.96,82.17,8.80706
13363.4,12924,67763.9,5777.46,5569,67989.2,41626.3,39.01,8.80818
25311,19406,85477.6,15659.3,12958,79197.9,14784.1,102.09,8.81042
19280,16196,78015.4,15529.8,13216,77009.8,8403.72,75.53,8.81042
6974.08,7050,64830.3,3291.6,3274,65888.3,16772.3,19.92,8.81153
8916.84,8873,65859.8,3508.44,3449,66665.4,13170.3,19.09,8.81377
38440.4,30036,83873.7,25789.1,21512,78566.2,23826.7,102.09,8.81712
69882.2,47536,96343.9,70593.1,49792,92914.3,30747.6,146.91,8.81935
7439.88,7481,65175.8,3368.04,3373,65439.6,5966.22,-46.48,8.82159
11896.6,11702,66625.8,4638.66,4530,67108,14010.4,-18.26,8.82159
14380,14141,66643.5,5346.12,5261,66596.3,10728.9,-3.32,8.82271
46371.9,35756,84993.6,35429.9,27592,84152.5,39324.5,131.97,8.82271
31496.9,27701,74516.5,14324.7,12341,76070.3,58676.3,18.26,8.82271
24541.9,20143,79847.9,17595.2,13963,82584.1,31212.5,50.63,8.82271
15257.8,14128,70777,8625.24,7808,72395.4,28659.5,0,8.82606
42461.2,29325,94893.1,27055.9,19725,89892.7,29305.4,141.93,8.82829
21266.3,20180,69063.9,8428.68,8176,67561.4,21741.7,-20.75,8.83053
8799.2,8155,70713,4740.06,4527,68620.4,13523.6,22.41,8.83388
13840,13485,67261.5,7704.84,7465,67641.6,15553.2,-35.69,8.83499
25549,20887,80163.6,12579.1,10723,76879.7,22435.1,168.49,8.83499
14003.2,12890,71196,6649.5,6090,71556.9,24147.2,13.28,8.83723
21645.8,19282,73570,11284.3,10241,72212.2,24592.6,3.32,8.8417
8814.16,8716,66274.1,2619.24,2545,67447.7,6094.92,19.09,8.8417
9857.96,9856,65549,3415.62,3396,65914.6,7264.14,-4.98,8.84282
45645.7,27364,109320,33648.4,21264,103705,90675,150.23,8.84282
12629.6,12471,66369.7,4382.82,4279,67126.1,5587.14,-16.6,8.84393
12436.5,12237,66604.5,3961.62,3901,66554.4,8055.84,27.39,8.84393
27890.2,23704,77109.9,14124.2,11352,81540.4,8074.56,71.38,8.84393
10554.3,10531,65680.9,3711.24,3655,66544.4,28558.9,14.94,8.84505
15120.5,14833,66806.2,4987.32,4901,66690.3,12558.8,22.41,8.84728
19210.7,18276,68887.7,10379.5,10036,67778.8,10405.2,34.86,8.8484
17161.8,16652,67542.5,7446.66,7237,67434.6,16785.6,1.66,8.8484
10988.1,11108,64828.7,2523.3,2516,65726.1,21089.6,9.13,8.85064
12881.9,12840,65750,2941.38,2933,65723.2,24144.1,-16.6,8.85175
12152.3,11525,69103,5672.16,5205,71418,8013.72,-29.05,8.85175
12463.7,11620,70294.5,6192.42,5680,71448.3,59709,50.63,8.85622
17640.6,16868,68537.6,8775.78,8196,70172,7338.24,108.73,8.85622
22212.2,18149,80208.2,13047.1,11073,77219.5,14671,76.36,8.85622
8102.88,8165,65037.4,3713.58,3657,66550,28320.2,91.3,8.85734
14158.3,13816,67159.6,6035.64,5941,66580,7243.08,-4.98,8.85734
15380.9,14948,67434,7615.14,7352,67881.6,17789.5,50.63,8.85846
9598.88,9593,65576.2,4459.26,4377,66767.7,6036.42,9.96,8.85846
7712.56,7676,65848.1,3874.26,3736,67961.3,10861.5,26.56,8.85957
18676.9,17948,68197.5,7595.64,7352,67707.8,36428.3,83,8.85957
15433.3,15176,66647,6325.8,6220,66650.8,7166.64,48.97,8.86069
16097.6,15620,67540,6649.5,6424,67836.5,11491.7,77.19,8.86292
11513.1,11141,67724.7,5635.5,5361,68891.7,18308.9,13.28,8.86292
15502.6,13972,72715.5,12285.8,11520,69892.4,10243,19.92,8.86516
15623.7,15248,67150.7,5324.28,5248,66488.6,34657,5.81,8.86516
9794.72,9437,68020.2,5415.54,5200,68252.5,32989.3,6.64,8.86739
7352.84,7372,65365.7,3594.24,3516,66994.3,9705.54,34.86,8.86739
15681.5,14349,71621.8,8432.58,7472,73961.1,39061.6,4.98,8.86739
10540,10439,66170.1,4818.84,4611,68490,14795.8,39.01,8.86851
22596.4,20372,72691.8,12763.1,12036,69495.3,35344.1,38.18,8.86963
7569.76,7564,65585.9,3137.16,3077,66817.3,10026.9,26.56,8.86963
17824.8,17244,67743.5,9154.08,8428,71182,32576.7,44.82,8.86963
13680.2,13282,67501,6829.68,6534,68501.7,14508.8,102.92,8.86963
11670.2,11573,66086.2,4275.96,4189,66896.5,18082.7,19.92,8.87298
14336.4,13933,67433.6,9279.66,8749,69511,8050.38,-7.47,8.87521
22162.6,20637,70380.7,11876.3,10525,73950,34859,76.36,8.87857
12881.9,12465,67728,5316.48,5105,68250.9,16714.6,8.3,8.87968
10678,10549,66337.7,4125.42,4049,66772.9,11959.7,33.2,8.87968
18590.5,17001,71663.3,8160.36,7545,70881,52064.2,128.65,8.8808
7493.6,7358,66743.8,3871.14,3774,67222.8,13766.2,49.8,8.8808
8264.04,8008,67631.4,5407.74,5244,67582.3,7792.2,34.03,8.8808
22616.1,19005,77988.4,10745.3,9033,77958.9,40500.7,117.03,8.88303
29247.5,23880,80266.5,22832.2,19084,78407.5,8239.92,122.01,8.88415
18225.4,17429,68530.4,8991.84,8693,67788.9,20834.6,70.55,8.88639
15501.3,15261,66567.9,6126.12,5776,69508.5,41609.1,-22.41,8.88639
13442.9,12546,70221.2,7512.96,6977,70570.4,22610.6,91.3,8.88862
27912,22704,80569,13246.7,11264,77071.9,19376.8,89.64,8.88974
13728.5,13476,66764.1,5984.16,5816,67430.9,8186.88,40.67,8.89197
15818.8,14669,70673.1,6610.5,6109,70916,22584.9,49.8,8.89197
8135.52,8067,66092.7,3680.04,3603,66937.3,15568,36.52,8.89309
6007.8,5972,65928.9,2594.28,2532,67148,13758.4,13.28,8.89532
24586.1,22940,70238.6,11850.5,11377,68263.8,35367.5,43.99,8.89532
11188,9905,74025.2,8671.26,7605,74724.5,16878.4,52.29,8.89532
12672.5,12216,67984.9,7290.66,7048,67792.4,24917.9,-15.77,8.89532
14545.9,14040,67897.4,6263.4,6108,67203.4,9186.06,4.15,8.90091
8782.88,7879,73054.3,6595.68,5859,73776.2,18429.1,75.53,8.90091
8678.84,8565,66407.1,3389.1,3357,66162.7,12142.3,42.33,8.90203
13889,13773,66088,4370.34,4345,65918.2,28294.5,-20.75,8.90538
15462.5,14125,71741.7,8580.78,7785,72235.1,10574.5,38.18,8.90985
31721.3,31020,67017.7,8923.98,8641,67682.2,21077.9,43.99,8.90985
5881.32,5849,65898.1,3134.04,3049,67363.9,19132.6,-2.49,8.9132
10168,9937,67059.8,4754.1,4621,67423.6,5700.24,52.29,8.91879
11591.3,11358,66882,4737.72,4634,67002.8,20477.3,65.57,8.9199
20111,18069,72942.3,10369.3,9105,74636.3,33302.1,31.54,8.92437
8693.12,8609,66176.4,2369.64,2353,65999.5,8182.98,-24.07,8.92437
7186.24,7178,65611.2,3296.28,3278,65901.5,9942.66,27.39,8.92884
17717.4,16157,71865.3,7709.52,6909,73129.4,12291.2,58.1,8.92996
9233.72,8712,69460.6,6677.58,6200,70584.2,25591,54.78,8.93108
15437.4,14839,68178.6,6906.9,6711,67449.1,13660.1,68.06,8.93219
11430.1,10956,68372.1,6755.58,6444,68704.8,9714.9,18.26,8.93219
14110,13724,67379.3,5208.84,5080,67198.1,10752.3,-4.15,8.93331
14439.1,14141,66917.6,5699.46,5472,68260.2,25790.7,18.26,8.93331
7720.72,7475,67690.3,4900.74,4723,68002.3,18898.6,0,8.93443
9380.6,9384,65512.3,2292.42,2277,65979.8,7401.42,-1.66,8.93554
15148.4,14660,67719.2,5445.96,5236,68164,16470.5,2.49,8.93666
18489.2,16820,72039.7,11490.2,10416,72294.6,46157.3,38.18,8.93778
23604.2,20807,74346.2,12039.3,10743,73443.9,36239.6,78.02,8.93778
33683.1,26491,83328.6,15978.3,12671,82641.8,22809.5,80.51,8.94001
14941,14694,66637.5,5658.12,5573,66537,7615.14,-43.16,8.94225
15907.2,15176,68693.8,7955.22,7368,70759.1,28991,11.62,8.94337
10958.2,11065,64903.4,4353.96,4381,65131.5,9943.44,19.92,8.94337
14241.2,13196,70727,11465.2,10648,70565.8,6725.16,117.03,8.9456
17746,17073,68119.2,8379.54,8113,67689.1,24559.1,24.9,8.9456
13153.9,13029,66164.4,5017.74,4909,66987.7,6111.3,6.64,8.94672
13413.7,12624,69635.5,5824.26,5408,70580.4,8789.04,36.52,8.94783
10939.8,10765,66600.4,4646.46,4541,67058,5809.44,73.87,8.94895
18133.6,16520,71937.1,9292.14,8204,74228.4,45557.5,28.22,8.95454
14308.6,13960,67172.3,5665.92,5560,66784.5,42577.9,29.05,8.95454
22169.4,21353,68041.6,9781.98,9636,66528.8,35795,2.49,8.95677
23931.2,19153,81885.8,16114,13025,81078.6,34230.3,77.19,8.95789
6202.96,6365,63867.6,2549.82,2509,66602.2,24039.6,-14.94,8.96236
16192.8,15490,68509.6,8931,8226,71152.7,10950.4,113.71,8.96236
5569.88,5700,64039.9,2038.92,2004,66678,10481.6,-1.66,8.96236
14219.5,13742,67813.1,7412.34,7130,68131.2,33619.6,-15.77,8.96348
12684.7,12655,65689.9,6435.78,6335,66578.6,11501.1,9.13,8.96459
12160.4,12161,65533,3763.5,3733,66071.4,7184.58,4.15,8.96571
13336.8,11886,73535.5,9356.1,8494,72187.6,19430.6,7.47,8.96794
11654.5,11129,68630.7,7315.62,6825,70247.1,7990.32,5.81,8.96906
17653.5,16165,71570.6,11094.7,10037,72442.3,28504.3,47.31,8.97018
12047.6,11816,66820.3,4864.08,4764,66912.8,5759.52,-17.43,8.97018
12651.4,12305,67380.9,4316.52,4053,69797.1,17967.3,10.79,8.9713
9089.56,9029,65975.6,4102.02,4009,67056.6,19436,-1.66,8.97241
4952.44,5008,64808.9,2425.02,2388,66552,12608.7,2.49,8.97241
16382.6,16136,66537.4,6869.46,6725,66943.8,9537.06,58.1,8.97353
22068.7,19078,75809.6,10332.7,9154,73974.4,43588.7,120.35,8.97465
19736.3,18521,69836.4,8799.18,8009,72001.9,32759.2,73.87,8.97688
9445.2,9481,65288.5,3594.24,3577,65851.9,6994.26,17.43,8.97912
40299.5,26129,101078,31488.6,21493,96014.4,20194.2,103.75,8.98023
22453.6,21416,68711.2,9781.98,9144,70108.5,6405.36,49.8,8.98135
21928,17329,82928.7,19321.4,15793,80177.7,52157.8,100.43,8.98247
25526.5,23396,71503.9,16547.7,15264,71047.6,14240.5,36.52,8.9847
23162.8,19493,77874.1,15212.3,13569,73473.1,9224.28,47.31,8.98582
5567.16,5603,65116.8,2733.9,2691,66580.8,8732.88,12.45,8.98805
61085.8,32809,122019,78907.1,46717,110693,75587.5,395.08,8.98917
46942.4,22689,135591,38165.4,20341,122964,92618.8,187.58,8.99029
13380.4,12865,68161.3,6647.16,6425,67802.1,9366.24,10.79,8.99141
17023.1,16783,66473.7,4701.06,4671,65957.8,6131.58,-14.94,8.99476
21599.5,20648,68556.1,11606.4,11073,68692.9,16640.5,65.57,8.99587
20360.6,19128,69759,14765.4,14348,67442.5,9225.84,7.47,8.99587
8263.36,8168,66301.1,4879.68,4764,67127.4,25147.2,20.75,8.99811
12599,12834,64336.2,3403.92,3410,65419.1,5644.08,-10.79,9.00034
40753.1,27460,97261.3,27497.3,20180,89299.6,13033,166.83,9.00258
6091.44,6190,64492.5,2400.84,2410,65286.9,8110.44,34.86,9.00258
54076.3,32764,108166,37956.4,23704,104940,67200.1,122.84,9.0037
11531.4,11323,66742.4,5051.28,4879,67850.1,11629.8,31.54,9.00481
15115,14053,70488.8,10473.8,9819,69906.7,15660.8,42.33,9.00481
10786.8,10781,65571.5,4438.98,4361,66707.9,33886.3,8.3,9.00705
8800.56,8908,64745.6,3241.68,3224,65895.4,14213.2,17.43,9.00705
15053.2,14049,70220.2,6708.78,6085,72254.2,29928.6,34.86,9.00928
17302.6,16469,68853.2,7340.58,7121,67556.8,10695.4,47.31,9.01152
19170.6,17826,70479.2,10214.1,9670,69223.5,7052.76,29.88,9.01263
14276.6,13793,67833.8,6081.66,5933,67178.1,34664,74.7,9.01598
49498.6,31635,102543,36471.2,23827,100314,56268.4,83,9.0171
28570.2,26669,70208,16646.8,15961,68351.7,19225.4,2.49,9.02269
23372.3,19298,79372.3,17251.3,15046,75141.5,12451.1,112.88,9.02604
15580.2,15168,67316.8,6621.42,6500,66760.2,10590.8,55.61,9.02716
14624.8,14192,67534.4,6468.54,6320,67076.3,9916.92,-17.43,9.02939
22838.5,21016,71219.2,13008.1,12289,69370.7,17572.6,47.31,9.03051
24159.7,22764,69554.2,11307.7,10936,67763.2,8331.18,73.87,9.03051
16313.9,15978,66913.7,9241.44,9098,66569.3,14322.4,-10.79,9.03163
16279.2,16073,66376.8,6409.26,6244,67270.5,12538.5,56.44,9.03163
9836.2,9910,65048,3619.98,3622,65499.5,8050.38,-11.62,9.03498
20604.7,18001,75015.2,15054,13517,72988,16849.6,25.73,9.03721
12337.9,11876,68085,6098.82,5756,69439.2,28590.1,64.74,9.03721
5762.32,5825,64830.8,3304.08,3285,65916.6,19344,22.41,9.03833
37455.8,28773,85312.6,42560.7,36173,77108.8,15274,117.86,9.03833
18756.4,17065,72031.8,9657.96,8724,72552,6608.94,19.92,9.04056
19435.1,18532,68729.6,8424.78,8188,67431.2,33846.5,49.8,9.04056
9963.36,9237,70689.5,7222.02,6545,72315.1,7466.16,29.88,9.04391
55098.4,29513,122350,48861.5,30153,106198,56413.5,200.86,9.04615
11371.6,11324,65811.7,4765.02,4764,65550,35767.7,58.93,9.04727
7412,7415,65509.5,3630.12,3591,66249.9,19766.8,-17.43,9.04838
9415.96,9381,65780.2,3892.98,3845,66353.8,8055.06,52.29,9.04838
10427.8,10056,67959.1,6059.82,5928,66993.3,14498.6,50.63,9.04838
10831.7,10764,65948.3,4949.1,4904,66138.7,13732.7,-21.58,9.0495
12675.2,12326,67392.7,6027.84,5926,66662.3,23052.9,-38.18,9.05062
27852.8,22481,81195.7,16316,13093,81668.7,11490.2,66.4,9.05062
17321,16820,67487.9,6233.76,6156,66363.8,6898.32,34.86,9.05285
7682.64,7820,64384.8,3215.16,3192,66011.5,9509.76,-0.83,9.05509
19157,18466,67988.2,8707.14,8486,67243.8,26343.7,76.36,9.05732
22719.5,14141,105293,9440.34,5792,106817,7213.44,62.25,9.05844
5024.52,5081,64807.5,2419.56,2388,66402.1,19472.7,29.05,9.05956
23122,18981,79833.8,12307.6,10417,77430.4,79964.8,54.78,9.06067
13067.6,12941,66176.9,5190.12,5133,66265.3,11141.5,-23.24,9.06067
13422.5,13217,66555.1,5235.36,5121,66999.5,9538.62,-29.05,9.06067
17074.8,16578,67500,8584.68,8290,67865.6,10657.1,26.56,9.06179
38109.2,28272,88339.3,31905.1,24176,86488,41418.8,64.74,9.06291
16419.3,15141,71068.9,7739.94,6917,73333,31897.3,33.2,9.06626
15901.1,15540,67058.9,7229.04,7092,66802.4,13054.9,16.6,9.06738
13795.8,13682,66081.3,6045.78,5990,66146.3,8126.04,18.26,9.07296
16996.6,16768,66429.5,5971.68,5892,66422.3,7882.68,30.71,9.07408
15319,15350,65403.8,4221.36,4226,65464,7741.5,0,9.07408
20287.1,17288,76905.2,12678.1,11612,71553,13361.4,27.39,9.07967
20121.2,18397,71678.1,6845.28,5945,75460.4,34783.3,77.19,9.07967
17850.7,15522,75368,10874.8,9793,72775.3,52585.3,60.59,9.08078
9682.52,9668,65634.4,3959.28,3908,66396,8458.32,35.69,9.0819
13397.4,13236,66335,5342.22,5264,66509.8,12694.5,-21.58,9.0819
11594.7,11336,67031.5,5204.16,5096,66927,26736.8,63.08,9.0819
23409.7,22523,68116,10266.4,9995,67315.3,6918.6,12.45,9.08525
13112.4,12586,68277.2,4570.8,4266,70218.5,7964.58,93.79,9.08637
11805.5,11648,66422,4315.74,4272,66207,6217.38,44.82,9.0886
22465.8,14280,103104,14344.2,8257,113850,33093.8,50.63,9.08972
10334.6,10206,66362,4765.02,4698,66470.9,19888.4,85.49,9.08972
15694.4,15361,66958.4,5893.68,5813,66445.6,30739,29.88,9.09196
17741.2,14737,78895.8,11300.6,9769,75811.1,51322.4,111.22,9.09307
11154.7,10695,68353,7877.22,7591,68007,20276.9,62.25,9.09419
10597.1,10631,65327.1,3337.62,3331,65666.3,7160.4,13.28,9.09419
11406.3,11062,67575.9,7124.52,6914,67531.5,19467.2,18.26,9.09419
9982.4,9593,68196.3,3842.28,3716,67763.1,34852,-5.81,9.09531
13797.9,13680,66100.7,4666.74,4596,66544.7,31167.2,24.9,9.09531
22095.2,21016,68901.5,10533.1,10088,68427.7,8884.2,80.51,9.09643
23948.9,22909,68510.9,11709.4,11405,67284.9,23456.9,83.83,9.09643
12832.3,12433,67640.7,7091.76,6865,67700.7,7549.62,5.81,9.09978
10256.4,10046,66908.8,4668.3,4570,66945.7,20209,57.27,9.10089
11943.5,11741,66666.4,4173,4073,67145,11394.2,-8.3,9.10089
32103.5,23000,91475.4,20219.9,16236,81617,42654.3,57.27,9.10201
30561.9,24385,82136.8,14523.6,11905,79951.2,23339.9,68.06,9.10313
20865.8,19293,70878.6,11595.5,10544,72071.5,5803.98,58.1,9.10425
27011,17941,98667.3,24899.9,18677,87371.8,87266.4,63.08,9.10425
12614,12582,65702.7,4024.02,3990,66094.8,12227.3,16.6,9.10425
13398,13128,66884.1,5810.22,5736,66384,21485.9,77.19,9.10648
15467.3,15181,66771.9,6387.42,6265,66816.6,9154.08,75.53,9.1076
18139,17720,67085.6,7459.14,7132,68542.1,7436.52,16.6,9.1076
13656.4,13004,68824.1,7747.74,7457,68091.2,33216.3,131.97,9.10983
10732.4,10571,66536.9,4824.3,4744,66645.3,18979,-80.51,9.10983
13838,13560,66879.6,5997.42,5928,66303.5,29508.2,57.27,9.11095
8915.48,7910,73866.6,7035.6,6198,74392.6,30491.8,12.45,9.1143
9668.92,9747,65011,3087.24,3075,65796.9,22402.4,68.89,9.1143
37145.7,30000,81146,22095.8,17940,80717.6,18502.4,155.21,9.11653
26598.9,23509,74149.7,20283.1,18517,71786.7,17692,99.6,9.11877
13278.4,12821,67873.9,5378.1,5217,67559.7,7957.56,42.33,9.11989
9581.88,9313,67428.1,4874.22,4661,68534,10281.2,68.89,9.121
13250.5,13058,66502,5195.58,5110,66633.6,21254.2,19.92,9.12212
13678.9,12924,69363.9,7225.92,6949,68147.6,34729.5,60.59,9.12324
10827.6,10597,66962.4,4724.46,4649,66599.8,7924.02,-3.32,9.12324
8168.16,8013,66805,3892.98,3833,66561.5,16486.1,4.15,9.12436
13060.1,12983,65925.1,3740.88,3715,65992.5,17959.5,23.24,9.12547
13301.5,12576,69316.6,8913.84,8164,71555.3,14710,3.32,9.12547
12057.1,11969,66018.3,3283.02,3249,66222.2,10335.8,13.28,9.12547
11738.2,11561,66540.3,4570.02,4489,66718.8,9699.3,-47.31,9.12547
12087.7,11960,66235.6,5332.86,5237,66735.6,41408.6,60.59,9.12771
11544.4,10152,74524.4,9976.98,8968,72909.4,35043.1,-24.9,9.12882
8271.52,8329,65083.7,3130.92,3117,65828.7,22376.6,52.29,9.12882
15489.7,14398,70505.2,9623.64,8890,70944.3,10161.1,-16.6,9.12994
12016.3,11092,70997,8689.98,8308,68549.2,6647.94,47.31,9.13106
11117.3,10936,66622.6,3988.14,3756,69586.5,7190.04,-29.05,9.13218
14917.8,14441,67700,7116.72,6836,68227.2,47229.8,40.67,9.13441
12244.1,11338,70773.3,7670.52,6970,72122.7,68802.2,27.39,9.13553
7570.44,7589,65375.7,2673.06,2637,66432.2,10246.9,-9.96,9.13664
16623.3,15875,68625.1,9293.7,8739,69695.8,50157.1,35.69,9.13888
9760.04,9377,68213.1,5412.42,5089,69701,6098.82,14.11,9.14
13392.6,13276,66111.6,3945.24,3937,65673.2,7885.02,48.14,9.14447
18800.6,16969,72610,7035.6,6425,71764.2,25948.3,76.36,9.14558
8379.64,8481,64752.8,3021.72,3025,65464.9,15287.2,16.6,9.14558
15531.2,14042,72486.3,7298.46,6569,72813.5,17271.5,9.13,9.1467
48983.1,42269,75945.9,31697.6,27337,75989.9,35291.9,128.65,9.14782
15604,15434,66257.7,5653.44,5582,66374.8,29984,19.92,9.15117
9560.8,9441,66367.6,4189.38,4081,67276.5,10012.9,-11.62,9.1534
13296,12972,67173.1,4286.1,4056,69253.9,5737.68,40.67,9.1534
16410.4,14323,75087.3,8831.16,7975,72571.6,25139.4,11.62,9.1534
9153.48,8004,74947.8,7170.54,6548,71766.7,9884.16,9.13,9.15452
6546.36,6624,64767.9,2700.36,2624,67443.1,20321.3,-23.24,9.15564
18878.2,18336,67473.8,6718.14,6512,67610.6,17779.3,20.75,9.15564
33035.1,27640,78328,20142.7,16872,78240.5,29219.6,35.69,9.15675
33428.8,20041,109315,35636.6,24745,94382,33883.2,61.42,9.15675
9075.96,8737,68078.5,6282.12,6033,68242.2,12864.5,-61.42,9.15787
12606.5,12236,67520.5,6239.22,5836,70064,33103.2,42.33,9.15899
21197.6,19306,71957.4,13966.7,13246,69101.6,30147,43.99,9.16122
11855.8,11604,66958.1,4270.5,4120,67930,6073.08,66.4,9.16122
5865.68,5984,64240.2,2185.56,2186,65522.8,14904.2,39.01,9.16346
15198,14497,68705,8060.52,7781,67890.3,13165.6,102.92,9.16346
12359.7,12357,65550.2,2988.96,2981,65711,26258.7,30.71,9.16457
21447.9,16239,86557.6,16262.2,13499,78951.1,10874.8,85.49,9.16457
18296.8,14796,81041.9,15816.8,13288,78008.2,9532.38,-45.65,9.16793
11899.3,11711,66589.9,4641,4511,67424.6,26363.2,2.49,9.1724
12981.2,12567,67696,5989.62,5812,67538.8,41816.6,61.42,9.17463
15259.9,15028,66547.2,4066.92,3980,66967.3,15650.7,37.35,9.17463
13602,13216,67450.3,6643.26,6212,70085.8,26076.2,14.11,9.17575
17032,16747,66651.1,4937.4,4879,66320.5,30029.2,13.28,9.17575
7977.08,7934,65891.9,3180.84,3118,66856.8,8253.96,-51.46,9.17798
12372.6,12169,66632.5,4566.9,4441,67393.9,22478.8,29.88,9.1791
23525.3,19425,79369.5,10779.6,9473,74575.3,12873.1,-3.32,9.18022
13968.6,13769,66485.8,5295.42,5213,66572.2,31271,29.88,9.18245
10803.8,9440,75004.3,7471.62,6768,72349.3,23139.5,31.54,9.1858
14762.1,14520,66628.8,6864.78,6641,67744.4,8616.66,32.37,9.18692
12321.6,12265,65838.4,4682.34,4633,66233.9,8042.58,2.49,9.18692
32789.6,21191,101406,36966.5,25095,96538.7,11364.6,122.84,9.18692
14006.6,13657,67213.8,5460,5332,67109.3,17215.4,78.02,9.18804
14102.5,13601,67952.6,6786.78,6161,72192.6,25130.8,20.75,9.18915
12079.5,11365,69656.3,6645.6,6101,71386,19338.5,15.77,9.18915
14511.9,8032,118408,5944.38,3364,115806,24273.6,15.77,9.18915
12310,12050,66950.3,5240.82,5058,67904.8,11434.8,-38.18,9.18915
10504.6,10151,67819.1,7339.8,6819,70541.3,41797.1,-3.32,9.19027
33453.3,23972,91456.5,28199.3,22220,83171.6,17326.9,108.73,9.19139
11137.7,10669,68415.2,6948.24,6445,70653.2,16245.8,37.35,9.19139
12475.3,12156,67257.3,5473.26,5317,67462,11416.9,30.71,9.19251
16297.6,15284,69882,8870.16,8008,72591.8,17061.7,73.87,9.19362
14227,12924,72143.1,9366.24,8508,72146.9,15065.7,22.41,9.19362
26091.6,21568,79281.3,15517.3,13388,75959.3,13421.5,43.16,9.19474
17747.3,17299,67234.4,5434.26,5203,68448.9,13093.1,13.28,9.19586
14554,14253,66920.2,6197.88,6089,66707.9,18669.3,37.35,9.19921
11611,11355,67013.5,5598.84,5448,67350.5,32606.3,87.15,9.20144
22625,21518,68907.4,9328.02,8862,68982.3,12045.5,35.69,9.20368
10332.6,9864,68649.4,6431.1,6101,69081.9,20147.4,-32.37,9.20368
12720.8,12405,67204.2,5709.6,5585,66998.1,7124.52,53.95,9.20703
17625.6,17070,67669.1,6474,6318,67154.2,11742.9,32.37,9.21038
18734,18404,66711.1,4151.16,4040,67339.2,22280.7,9.96,9.21373
11835.4,11637,66653.3,4991.22,4821,67849.9,15437,58.1,9.21485
19029.8,12329,101155,7519.2,5049,97599.2,19616.2,87.98,9.21708
9964.72,9042,72223.8,6482.58,5954,71354.1,8034.78,11.62,9.2182
12037.4,11946,66037.2,4183.14,4122,66508.1,11056.5,90.47,9.2182
20835.9,17244,79187,13802.1,11932,75807.4,77797.2,86.32,9.22267
7511.28,7433,66226.2,3023.28,2980,66487.8,10060.4,-24.07,9.22491
17563,16953,67894.3,6375.72,6157,67864.1,13783.4,33.2,9.22602
16903.4,16472,67252.5,6319.56,6097,67928.3,15614.8,9.96,9.22714
19150.2,18356,68371.4,7562.88,7328,67636.6,19433.7,-11.62,9.22714
15972.5,15324,68309.5,5729.88,5528,67929.3,6218.94,85.49,9.22826
22778,19183,77817.7,10972.3,9579,75068.2,25605.1,3.32,9.23049
12267.9,12089,66505.7,5968.56,5693,68708.2,11394.2,36.52,9.23049
15215,14901,66917,5620.68,5505,66913.1,16823.8,-29.05,9.23161
12302.6,12212,66022,3836.82,3812,65962.7,15004.9,35.69,9.23161
20808,19901,68522.8,8136.18,7609,70076.6,6569.94,51.46,9.23273
6654.48,6752,64589.5,2885.22,2876,65746.1,8692.32,24.07,9.23273
18979.5,18447,67427.7,5409.3,5343,66349.2,22939.8,-3.32,9.23608
14703,14122,68232.1,7113.6,6810,68457.7,18181.8,-1.66,9.23719
17138,16220,69245.3,8611.2,7852,71872.6,24267.4,72.21,9.23831
18421.9,17881,67518.4,8578.44,8281,67889.9,15552.4,54.78,9.24278
12886.7,12541,67342.4,6340.62,6013,69106.8,10352.9,75.53,9.24278
8344.96,8176,66890.3,4181.58,4064,67432.1,9368.58,-15.77,9.24278
9301.72,8296,73480.9,5785.26,5244,72300.3,12643,14.94,9.24278
14112,13897,66550.1,4750.2,4665,66732.9,12749.1,47.31,9.24502
27805.9,20893,87219.9,20522.6,14393,93446,12866.1,39.84,9.24613
13425.2,13085,67240.1,6321.12,6105,67856,5761.86,11.62,9.24725
16273.8,13752,77553.6,9321.78,8056,75833.2,21943,50.63,9.24725
10970.4,10240,70210.8,7769.58,7252,70213.4,19108.4,14.11,9.2506
27925.6,19953,91722,20034.3,16289,80604.6,18828.4,190.07,9.25172
9338.44,9200,66522.2,4527.9,4452,66653.3,7887.36,4.98,9.25172
8856.32,8556,67836.4,5142.54,4808,70096,15482.2,65.57,9.25395
10641.3,10478,66557.5,4591.08,4490,67011.4,6325.8,19.92,9.25395
7075.4,7096,65345.7,3368.04,3297,66948.1,6201,12.45,9.25395
14917.2,14657,66699.3,4835.22,4725,67064.8,5934.24,32.37,9.25507
11383.9,10812,69002.4,6852.3,6561,68445.7,13249.1,12.45,9.25507
19261.7,16962,74421.3,11412.2,10146,73714.6,25499.8,41.5,9.25507
14728.1,14045,68723.5,7772.7,7465,68237.3,6178.38,-3.32,9.25842
17775.2,16546,70404.7,10367.8,9762,69602.7,34537.6,68.06,9.25954
9588.68,9600,65458.7,3872.7,3852,65888.2,17665.4,-44.82,9.26066
10523.7,10351,66629.3,3468.66,3439,66101.2,10302.2,-24.07,9.26289
17179.5,16580,67905.7,7243.08,6884,68954.5,20319,31.54,9.26401
45526,30608,97477.5,35071.1,25292,90875.5,21315.8,172.64,9.26624
39057.8,29516,86722.3,22064.6,16337,88512.5,25728.3,122.84,9.26624
25811.4,20584,82179.3,16501.7,13560,79753.3,28698.5,56.44,9.26736
6984.28,7029,65119,2719.86,2693,66189.7,9445.8,-16.6,9.26848
11969.4,11728,66884.7,5092.62,4988,66910.6,7089.42,-50.63,9.26848
13008.4,12333,69125,7733.7,7184,70550.6,12627.4,29.05,9.27071
33819.1,25680,86307.2,28790.6,22472,83963.1,31400.5,114.54,9.27183
21597.5,18035,78481.4,10293.7,8343,80858.8,26267.3,37.35,9.27183
13676.2,13154,68137.5,7509.84,7286,67549.4,38011,25.73,9.27295
8197.4,7964,67456.7,5335.98,5064,69055.8,6523.14,0,9.27295
16775.6,16380,67118.8,6445.14,6316,66876,6227.52,51.46,9.27295
20273.5,17464,76079.1,13812.2,12232,74002.5,19585,62.25,9.27406
16800.8,15144,72705.7,10778.8,9644,73247.7,12374.7,48.97,9.27518
9262.28,9232,65750.9,4947.54,4756,68175.4,14164.8,-35.69,9.2763
9545.84,9428,66355.1,4690.92,4560,67417.6,27547.3,0,9.2763
11015.3,10312,70005.8,8242.26,7692,70224.2,13162.5,68.06,9.27742
11098.3,10873,66893.9,6045.78,5892,67246.5,15887,73.87,9.27853
10641.3,9855,70765.1,7414.68,6763,71851,11643.1,46.48,9.28188
29778.6,27644,70596.4,14104.7,13256,69732.1,18137.3,77.19,9.28412
10664.4,10537,66328.6,4678.44,4637,66121.7,26428,-27.39,9.28412
12592.2,11694,70570,6690.84,6042,72573.8,28711.8,76.36,9.28412
13863.8,11737,77411.7,8975.46,7828,75142.5,37801.1,35.69,9.28635
11347.8,11094,67035.5,3755.7,3634,67730.8,12628.2,-3.32,9.28859
12486.8,11841,69110.5,7523.88,7233,68171.6,8966.1,16.6,9.28859
10171.4,9511,70086.8,4666.74,4295,71208.3,19358.8,43.16,9.28859
15970.5,15541,67347.1,8733.66,8337,68654.1,5570.76,51.46,9.2897
7877.12,7878,65528.7,3368.82,3318,66539.8,14794.3,34.03,9.2897
14010.7,13429,68374.9,6185.4,5765,70315.1,6367.14,29.05,9.2897
28119.4,26128,70530.9,8356.92,7476,73258.3,34635.1,64.74,9.29082
27094.6,21657,81990.7,15812.2,12793,81002.5,49949.6,90.47,9.29529
15690.3,15231,67512.4,6340.62,6204,66979.2,17789.5,7.47,9.29529
8427.92,8423,65574.3,3911.7,3875,66156.7,22815,-0.83,9.29976
12589.5,11393,72418.8,7459.14,6757,72346,19454,66.4,9.29976
10728.4,10553,66625,5068.44,4916,67568.2,9658.74,44.82,9.30088
14150.1,12756,72698.5,6641.7,5940,73277.9,16133.5,26.56,9.30088
11949,10629,73674.6,6050.46,5509,71977.3,24631.6,39.01,9.30311
11217.3,10777,68213.4,6549.66,6265,68513.7,34441.7,-2.49,9.30311
52489.2,38576,89172.9,41060,29776,90371.7,16040.7,102.09,9.30423
7407.92,7442,65235.9,3228.42,3206,65994.3,6637.8,-35.69,9.30423
13986.9,12810,71557.1,8420.88,7854,70266.2,7882.68,64.74,9.30646
18039.7,16804,70355.3,7420.92,6724,72328.6,9757.02,-22.41,9.3087
14589.4,13953,68525.1,6789.12,6497,68482.6,8232.9,5.81,9.30981
11863.3,10661,72926.7,11476.9,10205,73704.2,27941.9,48.97,9.30981
11844.9,11682,66450,5188.56,5094,66752.5,9278.1,42.33,9.30981
14219.5,14067,66246.4,6154.98,5975,67510.1,9500.4,-21.58,9.31317
15539.4,15081,67527.9,7427.16,7220,67416.4,6507.54,47.31,9.31428
13305.6,12390,70378.8,7945.08,7397,70391.9,10889.6,18.26,9.3154
13995.1,11853,77379.7,8993.4,8121,72576.2,19050.7,82.17,9.3154
9054.2,9051,65559.2,3445.26,3403,66349.9,19147.4,39.01,9.3154
11209.1,10493,70008.7,7995.78,7312,71664.6,35237.3,33.2,9.3154
23849,14725,106144,9375.6,6933,88625.3,12743.6,65.57,9.3154
19358.2,18953,66937.3,8161.14,7981,67015.2,22106,-3.32,9.31652
32332.6,25321,83683.6,20319.8,16212,82141.4,78127.9,91.3,9.31875
12651.4,12405,66837.7,5566.08,5413,67389.4,9675.12,-5.81,9.32322
7023.72,7067,65134.6,2641.86,2623,66007.2,7513.74,-23.24,9.32322
20746.8,16917,80372.5,12657.8,10485,79117.2,66602.6,56.44,9.32434
8016.52,8065,65142.1,3283.02,3237,66467.7,16029.8,60.59,9.32546
12709.9,12623,65987.1,5045.82,5003,66096.9,36953.3,14.11,9.32657
15443.5,15229,66459,4880.46,4813,66454.6,9728.16,-31.54,9.32769
10846,10815,65723.9,4811.04,4715,66870.9,30382.6,14.94,9.32769
12903.7,12432,68022.5,5945.16,5552,70176.9,23013.1,-24.07,9.32769
6935.32,7018,64763.9,3049.02,3070,65088.1,6441.24,-38.18,9.32769
31362.3,24356,84388.2,14966.6,12320,79614.8,39705.1,32.37,9.32992
18458.6,17923,67494.4,6165.9,5971,67675.2,9867.78,-4.98,9.33328
24327.7,19812,80473.4,20989.8,17536,78443.6,54691.3,51.46,9.33328
18695.2,18005,68048.4,7040.28,6857,67287.7,20875.9,45.65,9.33551
10435.3,10335,66171.9,4057.56,4015,66230.7,8472.36,29.05,9.33663
16700.8,15836,69114.9,9840.48,9148,70496.9,8407.62,35.69,9.33774
19446.6,15893,80189.7,11219.5,9605,76552.1,5846.88,79.68,9.33886
35719.7,27008,86675.3,21087.3,16636,83071.5,42781.4,73.87,9.33998
23757.2,19554,79623.1,12242.9,10694,75028,8172.06,33.2,9.33998
8838.64,8788,65913.6,4006.86,3924,66919.9,11901.2,-53.95,9.34333
9830.08,9809,65676.9,3361.8,3365,65473.7,16823.8,-15.77,9.34445
16160.2,15668,67594.8,6016.14,5792,68072.1,18883,16.6,9.34445
14429.6,14148,66840.4,5243.94,5132,66965.5,8013.72,58.1,9.34445
7183.52,7220,65204.9,3314.22,3248,66872.1,9200.1,52.29,9.34892
8795.8,8778,65668.9,3669.12,3598,66831.4,8447.4,94.62,9.35003
15441.4,14688,68897.8,9134.58,8684,68936.4,6197.1,29.05,9.35339
11421.3,11154,67106.4,5836.74,5622,68039.2,6430.32,19.92,9.35339
15004.9,14743,66700.1,4252.56,4135,67399.2,28027,-19.09,9.3545
11923.1,11197,69786,7613.58,7261,68718.3,7405.32,-29.88,9.3545
20510.8,19768,67998.7,7959.12,7740,67391.3,32232.7,92.13,9.35562
15325.8,14809,67823.2,6845.28,6580,68178.2,20440.7,29.05,9.35562
18673.5,16408,74584.7,5818.8,5196,73391.2,41194.1,17.43,9.35562
12150.9,11829,67319.5,6325.8,6141,67508.2,11304.5,44.82,9.35674
53008,38176,90997.9,27111.2,19564,90817.9,7808.58,153.55,9.35785
20170.8,19196,68864.1,8239.92,7896,68390.5,26784.4,81.34,9.35785
13965.8,12523,73086.7,10019.1,9243,71038.8,19241.8,58.1,9.35897
15775.3,15404,67115.8,6902.22,6600,68536.9,8377.98,-18.26,9.36121
12908.4,11525,73402.8,8548.8,7753,72262.9,43759.6,92.96,9.36232
13923.7,13701,66601.1,4782.18,4677,67009.8,14004.1,23.24,9.36232
14065.1,12305,74910.3,10402.1,9569,71241.6,20378.3,43.99,9.36344
9503,9501,65549.8,3655.86,3616,66258.4,35234.2,-34.86,9.36344
11432.8,11261,66536.1,6173.7,5968,67794.8,9185.28,51.46,9.36567
13653.7,13548,66047.4,5123.82,5032,66731.9,15937,19.09,9.36567
14431.6,13422,70465.8,9398.22,8622,71436.1,16502.5,29.88,9.36567
24929.5,19832,82380.9,16291.9,12860,83025.1,24928.8,37.35,9.36791
11884.4,11756,66251.6,4888.26,4748,67472,26386.6,42.33,9.36903
13767.3,13269,67997,4150.38,3701,73493.5,50447.3,91.3,9.37014
12043.5,11936,66126.1,4187.82,4072,67400,13537.7,5.81,9.37238
21032.4,16692,82577.3,15160.1,12816,77522.7,61019.4,55.61,9.37573
90852.8,64693,92036.6,55374.5,37321,97238.2,41622.4,205.01,9.37573
9375.84,9201,66781.3,5141.76,4981,67651.1,13081.4,63.91,9.37908
15374.1,13181,76440.2,9446.58,8352,74124.9,49981.6,60.59,9.38467
10965,10917,65824.2,3840.72,3821,65874.2,5599.62,29.88,9.38579
13472.2,13161,67085.4,5514.6,5353,67514.4,7821.06,143.59,9.3869
23656.5,22416,69162.8,10129.9,9792,67797.2,20197.3,4.98,9.38802
8931.12,8865,66024.8,3904.68,3829,66831.3,15011.1,-11.62,9.38914
18691.8,18113,67630.4,7807.8,7605,67283.6,27073.8,49.8,9.38914
29432.4,24340,79247.5,16156.9,13488,78503.8,42047.5,63.08,9.39025
10091.9,10136,65250.7,3354,3356,65496.9,11096.3,-27.39,9.39025
18694.6,14591,83967.3,12558,11163,73725.8,13653.9,27.39,9.39137
8574.12,8509,66037.6,3103.62,3081,66017.1,15835.6,22.41,9.39249
10550.2,10187,67872.6,6076.98,5771,69010.7,24828.2,106.24,9.39249
13366.8,13122,66758.4,5112.9,5058,66247.3,21298.7,16.6,9.39361
15909.3,15464,67423.1,5101.98,5036,66394.6,13692.9,29.88,9.39584
39745.3,27955,93176.5,29546.4,21971,88132.2,59846.3,154.38,9.39696
15495.8,13416,75695.8,12108.7,10769,73689,11655.5,39.01,9.39696
14275.2,14085,66421.2,4813.38,4745,66480.4,12374.7,-13.28,9.40031
17315.5,16023,70822.6,12379.4,11447,70874,8650.2,42.33,9.40031
34216.2,23908,93792.7,31389.5,22432,91705.8,46222,170.15,9.40143
25017.2,24208,67726.7,11037,10468,69098.3,26870.2,68.06,9.40254
14213.4,14028,66402,4169.88,4040,67642.9,20406.4,45.65,9.40366
36439.2,21061,113389,34407.4,24821,90847.3,16301.2,258.96,9.40366
12035.3,11900,66281.2,5424.9,5361,66317.1,43786.9,91.3,9.40478
20330.6,19152,69569.2,16653,15812,69021.7,32813.8,53.95,9.40478
6351.2,6337,65682.9,3347.76,3333,65826.2,10889.6,15.77,9.40701
20901.8,20378,67220.7,4290.78,4250,66164.8,30629,64.74,9.40701
18573.5,15561,78223.4,13004.2,11113,76688.6,14978.3,58.1,9.40813
16532.2,15651,69225.7,7395.96,6791,71374.1,8346,-31.54,9.40925
17093.8,16739,66925.3,7440.42,7319,66623.2,6407.7,22.41,9.41036
15795,15329,67528.5,6573.06,6417,67129.8,8130.72,28.22,9.41148
12887.4,11388,74164.6,11039.3,9907,73026.6,46478.6,58.93,9.41372
9429.56,9480,65187.3,3016.26,3029,65260.4,7108.92,32.37,9.41707
15240.2,14953,66794.6,5271.24,5181,66677.5,21595.9,47.31,9.41707
22093.9,21609,67006.6,6716.58,6628,66411.9,21765.9,123.67,9.41818
34472.6,26235,86113.8,24244,19259,82499.2,31866.9,129.48,9.4193
17193.1,15956,70617.2,9975.42,9476,68990,22420.3,34.86,9.42042
43405.1,30965,91864.9,42074,32765,84155.7,134110,148.57,9.42042
7539.16,7569,65277.6,3823.56,3825,65511.3,11749.1,30.71,9.42154
13736,13199,68202.3,6428.76,6236,67561.8,13366.9,32.37,9.42265
17161.8,16325,68895.5,7443.54,7173,68007.8,10880.2,28.22,9.42712
33468.9,28397,77241.2,18397.1,14361,83954.5,35378.5,75.53,9.42712
14741,13945,69277.1,7580.82,6957,71412.5,12120.4,38.18,9.42824
12160.4,12013,66340.4,4404.66,4336,66573.8,7299.24,53.12,9.42936
18808.1,18275,67447.8,5818.8,5751,66308.6,18264.5,69.72,9.43047
12425,11401,71422,9501.96,8813,70659.3,10066.7,16.6,9.43159
7464.36,7517,65077.1,2983.5,2985,65503.1,10500.4,-22.41,9.43494
13119.9,13052,65877,5268.9,5244,65847.2,17768.4,-14.11,9.43941
17044.2,16881,66169.6,5474.04,5441,65934,9011.34,48.97,9.44388
14268.4,13989,66845.1,6596.46,6245,69224.3,12625.9,78.02,9.44723
10101.4,10035,65969.6,3775.2,3687,67103.7,15997.8,2.49,9.44723
10905.2,10609,67365.5,5314.14,5145,67690.5,24924.9,34.86,9.44835
14290.9,14053,66645.3,6132.36,5965,67374.7,17936.1,35.69,9.44947
6528,6601,64811.2,3124.68,3101,66036.5,7998.9,-4.15,9.44947
13547.6,12744,69668.7,7645.56,7297,68666.5,37821.4,33.2,9.4517
27227.9,21260,83932.6,12597,10632,77648.3,8967.66,55.61,9.4517
13181.1,13145,65716.1,4297.8,4212,66871,18854.2,-19.09,9.45617
21562.8,19525,72375.9,19262.1,17617,71655.9,32026.8,37.35,9.45617
19421.5,18724,67977.3,7736.04,7260,69833.2,6611.28,16.6,9.45952
18739.4,16641,73800.1,11670.4,10381,73675.8,25569.2,63.08,9.46064
52347.1,33269,103118,34581.3,23625,95928.9,29901.3,79.68,9.46287
14956.6,13209,74206.7,8243.82,7277,74243.1,15011.1,48.14,9.46287
14441.2,14345,65975.3,4066.92,4009,66482.8,7246.2,11.62,9.47069
34748.7,25616,88901.1,27074.6,20924,84800.2,25932.7,133.63,9.47069
11668.8,11565,66124.2,5376.54,5264,66937.1,17051.6,42.33,9.47181
18802,15590,79038.4,10424.7,9266,73731.2,12921.5,34.03,9.47516
25466,24376,68466.5,9040.2,8776,67508.9,9994.14,22.41,9.47628
11516.5,11309,66738.3,5028.66,4905,67188.2,25048.9,40.67,9.47628
10765.1,10692,65983.9,4481.1,4416,66502.1,8801.52,15.77,9.47628
9719.92,9692,65724.8,3645.72,3608,66221.1,13208.5,0,9.47628
10387,10528,64658.3,3605.16,3600,65629.9,6078.54,7.47,9.47628
11934,10821,72276.8,8601.84,7821,72079,20779.2,117.03,9.48075
15568.6,12904,79068.8,9502.74,8213,75827.5,12386.4,41.5,9.48075
18041.8,15728,75177.1,14500.2,12676,74967.3,20292.5,63.08,9.48075
14069.2,13817,66732.2,4775.94,4713,66411.2,11161.8,-9.13,9.48075
14366.4,13700,68723.6,7853.04,7572,67968.4,32580.6,-2.49,9.48298
7677.88,7632,65930,3194.1,3132,66835.4,37426,-4.15,9.48522
24711.9,20153,80361.1,17950.1,15140,77700.2,6750.12,24.9,9.48745
17372.6,16938,67217.7,7555.08,7422,66711.1,24610.6,1.66,9.48745
23746.3,22721,68493.3,12205.4,11865,67416.4,10097.9,83.83,9.48857
43384,27900,101907,25094.9,17205,95589.8,11399.7,77.19,9.48857
15552.3,14803,68853.2,7409.22,7027,69100.7,7885.8,36.52,9.48857
15454.4,14956,67719.8,7495.02,7320,67103,16086.7,-28.22,9.48969
8720.32,8760,65239.1,3410.94,3388,65979.7,6056.7,-42.33,9.49416
17426.4,16301,70060.4,8019.18,7353,71473.6,11546.3,79.68,9.49416
29265.8,24533,78179,15479.1,13417,75608.4,23421.1,58.1,9.49527
23449.8,22327,68831.7,14085.2,13159,70149,19875.2,24.9,9.49527
10873.9,10588,67305.5,6003.66,5797,67872.3,11859.9,-6.64,9.49639
14569,13926,68562,7935.72,7398,70299.5,32483.9,81.34,9.49639
11787.8,11796,65490.4,5871.84,5664,67940.8,27652.6,-8.3,9.49862
24165.8,22725,69691.2,12585.3,11913,69234.5,17826.9,87.98,9.49862
16305,16136,66222.6,4572.36,4513,66398,20546,81.34,9.49974
13774.8,13645,66159.2,5055.96,4909,67497.9,35544.6,33.2,9.50086
12593.6,12460,66238.7,5573.88,5464,66853.9,7107.36,-12.45,9.50198
15448.2,14361,70497.6,8885.76,8397,69350.6,18479,10.79,9.50198
7877.12,7928,65115.4,2691,2696,65414.5,15235.7,-0.83,9.50309
9161.64,9181,65397.8,3730.74,3680,66439.6,16436.9,14.94,9.50421
11985.7,11172,70309.1,7084.74,6448,72007.7,6612.84,0,9.50533
6586.48,6629,65115.6,2591.94,2581,65813.8,9829.56,43.99,9.50645
8465.32,8345,66480.9,4072.38,3956,67464,19270.7,85.49,9.50645
13428.6,12176,72278.2,10611.9,9604,72413.7,39772.2,70.55,9.50756
12911.2,12205,69327.8,6520.02,6041,70732.7,19997.6,-9.13,9.50756
15832.4,15345,67617.8,7230.6,7017,67530.9,24201.8,63.91,9.5098
13681.6,11821,75851.2,9596.34,8493,74049.9,46723.6,34.86,9.51091
15544.8,14864,68537.7,7991.88,7432,70473.1,6882.72,-29.88,9.51091
12697,12468,66739.5,5778.24,5672,66763.5,43073.2,15.77,9.51091
25509.5,22327,74877.6,11505,9667,77996.5,40698.1,24.07,9.51091
18968.6,16193,76769.4,11029.2,9569,75536.6,37691.9,39.84,9.51203
15288.4,14922,67145.4,5559.06,5422,67192.6,17410.4,1.66,9.51762
7586.08,7589,65510.8,4123.86,4017,67279.4,31088.5,18.26,9.51762
13483,13266,66608.2,5597.28,5490,66816.6,13368.4,34.86,9.51873
30906.7,21224,95434.4,19989.8,14216,92153.5,15529.8,84.66,9.51873
21347.2,20286,68964.4,10622,10046,69293.9,18592.1,17.43,9.51873
44762.4,35848,81832.9,19734.8,15669,82541.2,10777.3,28.22,9.51985
27436.6,25472,70590.8,13143.8,12304,70009,18849.5,19.92,9.51985
16938.8,16108,68916.1,6371.82,5868,71162.9,18847.1,78.02,9.52097
12053.7,11628,67935.2,6444.36,6284,67208.4,20769.1,48.97,9.52097
12526.3,12253,66997.7,4751.76,4653,66927,16442.4,38.18,9.52209
11898,11792,66124.9,5032.56,4928,66926.5,30767.9,58.93,9.52209
14165.1,13780,67367.4,6592.56,6412,67381.5,7068.36,0.83,9.5232
28817.7,22220,84995.4,18079.6,15052,78718.2,8330.4,30.71,9.52767
14163.7,13996,66321.3,4500.6,4453,66236.5,8704.02,27.39,9.52879
37442.8,26389,92987.8,27572.2,19425,93023.1,24090.3,141.1,9.52879
7214.12,7256,65157.7,2708.16,2700,65734.1,18922,36.52,9.52991
14474.5,13996,67776.5,7264.92,7032,67706.7,20337.7,101.26,9.53102
10139.5,9992,66503.3,4652.7,4549,67030,22938.2,-14.94,9.53214
14123.6,14096,65664.3,3002.22,2980,66024.7,13744.4,5.81,9.53549
14808.4,13085,74167.4,7518.42,6777,72705.8,44403.1,35.69,9.53661
8810.08,8745,66023.7,3591.9,3533,66628.6,34869.1,68.89,9.53661
9674.36,9534,66500.8,4195.62,4062,67691.8,44063.8,31.54,9.53661
11016,10822,66710.8,4596.54,4514,66734.4,27493.4,76.36,9.53661
12386.2,12204,66514.4,4410.12,4348,66472.3,33241.3,-10.79,9.53661
10445.5,10218,66995,4082.52,3962,67529.5,22823.6,-34.86,9.53884
19947.8,18824,69448.5,10636.9,10092,69074.2,13859.8,64.74,9.54108
58325,40665,93996.9,35395.6,24925,93066.7,11476.1,87.98,9.5422
7746.56,7789,65178.9,2555.28,2541,65904.3,17042.2,10.79,9.5422
31857.3,25340,82391.5,19741.8,16323,79262.3,9622.08,112.05,9.54555
7426.96,7518,64742.4,2882.1,2906,64997,7111.26,-13.28,9.5489
14428.2,14282,66207.1,5573.1,5486,66576.5,8207.94,-3.32,9.55113
5333.92,5430,64376.4,2786.16,2770,65918.3,14514.2,29.88,9.55113
5838.48,5980,63985.1,2112.24,2136,64807,8532.42,-44.82,9.55225
7751.32,7708,65904.3,3034.98,3036,65514,5775.9,-29.05,9.55672
13639.4,12600,70942.4,6632.34,6044,71915.5,28752.4,9.13,9.55784
30438.2,21480,92867.6,32270.9,24956,84745.5,35734.9,149.4,9.55895
13447.7,12160,72475.9,9154.08,8500,70579,40400.1,86.32,9.55895
14233.1,13529,68946.6,8040.24,7764,67867.8,38294.9,10.79,9.56231
13680.2,13004,68944,6715.8,6152,71542,11554.1,32.37,9.56342
19232.4,18534,68005.7,10976.2,10182,70647.6,40767.5,83,9.56454
18876.1,18265,67728.8,8516.04,8413,66338.7,10874,15.77,9.56566
19885.2,19045,68427.4,10700,10373,67602.2,11973.8,21.58,9.56566
10936.4,10857,66015.5,6509.88,6441,66236.8,24644.9,-0.83,9.56678
47145.8,35892,86084.5,27066,20864,85017.1,20712.1,97.11,9.56789
10160.6,10039,66329.6,6139.38,6051,66493.2,26470.1,47.31,9.56789
13014.5,12653,67408.5,7002.06,6704,68449.7,31358.3,37.35,9.5746
50854.5,38559,86433.8,34968.2,26635,86040,43196.4,52.29,9.57571
15691,14656,70164.1,10263.2,9620,69918.1,40794,21.58,9.57795
12322.3,11744,68763,8182.98,7588,70674.7,7784.4,19.09,9.58018
9401.68,9335,66004.1,4293.9,4211,66826.2,16088.3,-21.58,9.5813
10461.8,9809,69897.5,6913.14,6613,68510.4,26024.7,4.15,9.58465
13865.2,13661,66515.6,6140.16,6093,66043.3,41454.7,43.16,9.58577
13034.9,12664,67455.5,6295.38,6165,66922,8427.12,41.5,9.58577
12778.6,12516,66910.8,4534.92,4412,67361.9,6729.84,12.45,9.58689
14274.6,14178,65982.3,5184.66,5186,65519.1,12110.3,4.15,9.58689
12318.2,12253,65884.7,4044.3,3997,66311.5,11753,-45.65,9.588
14317.4,14018,66935.7,7174.44,6886,68281.2,19695.8,-13.28,9.588
13587.8,13295,66979.1,5216.64,5131,66629.8,7875.66,12.45,9.59135
14098.4,13189,70055,8533.2,7769,71982.5,27413.9,15.77,9.59247
10874.6,10715,66511.9,4864.08,4744,67194.8,40008.5,10.79,9.59471
14385.4,13861,68015.4,7000.5,6781,67657.4,11177.4,-34.86,9.59471
16050,15785,66636.4,4125.42,3977,67981.8,6110.52,-49.8,9.59582
33683.1,27012,81721.4,23410.1,19784,77547.9,79131,142.76,9.60029
86352.5,56605,99977,63974,38861,107887,80780.7,244.85,9.60141
12073.4,11721,67506.4,8049.6,7869,67040.1,16002.5,38.18,9.60253
10629.8,10532,66144.3,3534.96,3492,66342.3,27279.7,-29.88,9.60364
5136.72,5278,63781.8,1956.24,1998,64166.2,5878.08,-19.92,9.60364
22461.1,17740,82976.9,17280.1,15128,74859.2,28149.4,117.86,9.60588
10414.9,10444,65353.3,3286.14,3249,66285.2,33141.4,19.09,9.607
13859.1,12510,72603.4,6608.94,5918,73187.5,18759.8,56.44,9.607
11864,11793,65930.3,4612.14,4517,66916.4,35753.6,-0.83,9.60811
24093.8,18312,86228.1,16663.9,13697,79731.8,79006.2,60.59,9.60923
16735.5,15261,71867.9,9810.84,8880,72405.8,21392.3,85.49,9.60923
8071.6,8057,65654.8,3052.92,3017,66316.3,7514.52,19.09,9.61035
11976.2,10656,73655.2,10583.8,9536,72737.1,38522.6,48.14,9.61482
12958.8,12725,66739.9,4606.68,4513,66896.4,6747,34.86,9.61817
22325.1,11714,124902,4265.04,2342,119348,57072.6,-25.73,9.61817
15485,14485,70060.2,6970.08,6389,71496.5,45437.3,10.79,9.61928
10253.7,10061,66791.4,4885.14,4752,67372.2,15109.4,33.2,9.62264
6685.76,6741,64999,2580.24,2517,67182.6,31625.9,41.5,9.62375
17596.4,15692,73489.4,9724.26,8508,74904.7,45899.9,34.03,9.62711
22527.7,17048,86601.2,14029.9,11208,82036.1,11494.9,110.39,9.62711
12068,12006,65874.2,3623.1,3570,66510.8,10120.5,67.23,9.62822
17356.3,16432,69222.5,8284.38,7868,69004.2,17980.6,-4.98,9.62934
17003.4,15880,70172.2,10719.5,10184,68982.3,23883.6,32.37,9.62934
13404.2,11669,75281.1,9560.46,8413,74474.5,14611.7,9.96,9.63157
22398.5,18458,79527,13143.8,11518,74786.5,9324.9,85.49,9.63269
18146.5,17384,68410.5,8372.52,7992,68656.3,25975.6,4.98,9.63381
8051.88,8019,65804.7,2480.4,2423,67088.5,20191.1,68.06,9.63381
18968.6,17828,69728.9,10895,10252,69646.6,11194.6,18.26,9.63493
9520,9333,66849.1,4970.94,4833,67406.5,17270,43.99,9.63493
11768.8,11575,66633,5023.2,4887,67362.5,13189,24.9,9.63604
36165.8,30756,77063.4,26974.7,24020,73597.7,5588.7,130.31,9.63716
16243.8,15785,67441,6888.96,6724,67143.8,8823.36,77.19,9.63828
13344.3,13148,66514.6,4956.12,4860,66832.1,19308.1,37.35,9.63828
14357.5,13617,69100,8622.9,8005,70594.7,11780.3,34.03,9.64051
15354.4,15112,66587.2,5924.1,5749,67532.1,12808.4,29.05,9.64051
26059,21969,77736.8,18575.7,15913,76502,6055.92,29.05,9.64163
17097.9,16496,67927.3,7314.84,7008,68405.4,17656.1,56.44,9.64275
9635.6,9119,69248.7,3956.16,3647,71091.6,18268.4,-3.32,9.64386
29907.8,26780,73190.3,21175.4,18860,73581.8,15749.8,98.77,9.64386
20293.2,19240,69123.6,8254.74,7852,68897.4,8670.48,-25.73,9.64498
14074.6,13674,67456.2,6379.62,6218,67239.4,8653.32,62.25,9.6461
11592,11284,67324.6,5743.14,5560,67694.7,30336.5,113.71,9.64721
22384.9,20420,71842.2,11994.8,10756,73084.2,34542.3,98.77,9.64721
10332.6,10157,66669,4780.62,4624,67755.8,18989.9,-13.28,9.64945
10225.8,9969,67224.5,4614.48,4497,67248.1,7404.54,43.16,9.64945
36501.7,26896,88941.7,22169.9,17412,83444.1,8551.14,152.72,9.64945
11596,11342,67003.9,3998.28,3918,66878.8,14868.4,44.82,9.65057
41262.4,30732,87992.1,30121.3,23176,85175.5,84747.8,132.8,9.65168
6636.12,6657,65330.4,2635.62,2605,66306.3,15032.2,26.56,9.65392
13752.3,13601,66265.1,3214.38,3149,66896.7,10347.5,11.62,9.65504
9149.4,8787,68238.9,7896.72,7415,69793.6,7599.54,-7.47,9.65615
29102,22588,84435.4,9370.14,6716,91435.6,11622.8,10.79,9.65839
7667.68,7738,64940.4,2508.48,2494,65916.5,7347.6,-14.11,9.65839
12996.8,12768,66710.6,5222.1,5144,66531,28373.3,9.13,9.6595
13939.3,13393,68209.3,6643.26,6281,69315.8,13593.1,13.28,9.66174
13878.8,13649,66639.4,5762.64,5601,67427.3,22996.7,13.28,9.66509
36140,26224,90316.8,24810.2,18952,85793.8,26300,142.76,9.66509
17059.2,15342,72871.1,10982.4,9930,72481.6,23113,43.99,9.66733
22177.5,17400,83530.2,14551.7,11176,85331,6266.52,48.14,9.66733
14994,13497,72804.8,8645.52,7657,73996.7,38026.6,-1.66,9.66844
17129.9,16384,68519.5,7412.34,7196,67506.3,14616.4,44.82,9.66844
9772.96,9744,65730.8,3758.04,3652,67438.9,6332.04,-15.77,9.66844
14594.8,13579,70438.7,7853.82,7099,72504.3,33717.1,-9.96,9.66844
7429.68,7480,65095.1,2919.54,2908,65796.1,35727.1,0.83,9.66956
10958.9,10441,68786.6,7088.64,6564,70774.1,7377.24,-36.52,9.67068
18833.3,13188,93589.5,10040.9,7408,88828.7,31883.3,35.69,9.67291
14389.5,14054,67100.4,5484.96,5333,67403.4,13782.6,67.23,9.6785
16205.8,15905,66775.3,6437.34,6245,67554.4,19627.1,49.8,9.6785
10988.1,10213,70509.9,10626.7,9921,70197.8,10422.4,-8.3,9.6785
18251.2,17133,69813.3,9271.08,8800,69044.3,7104.24,37.35,9.67962
17272.7,16023,70647.3,9082.32,8292,71782.3,6082.44,99.6,9.68185
24546.6,19615,82013.2,13345,11183,78206.1,17058.6,58.1,9.68185
17563.7,16088,71547.5,13160.9,12200,70698,24003.7,131.97,9.68297
7497.68,7387,66517.9,3676.92,3599,66954.9,7903.74,-18.26,9.68408
8693.8,8684,65610,3273.66,3205,66940,11816.2,4.98,9.6852
19095.8,17753,70492.9,10512.1,9716,70905.6,5771.22,29.05,9.68632
6230.84,6147,66429.9,2839.98,2787,66781.8,39239.5,9.13,9.68744
44897,35235,83507,25358.6,21095,78781.7,5842.2,123.67,9.68744
13497.3,13205,66986.8,6583.98,6297,68522.7,10968.4,30.71,9.68855
20269.4,16021,82914.8,13368.4,11389,76926.2,6701.76,119.52,9.68855
17586.2,14829,77721.1,11515.9,10176,74165.4,38957.1,72.21,9.68855
11042.5,10180,71088.7,8267.22,7792,69532.9,20108.4,39.84,9.68855
27445.5,23060,77999.4,12414.5,9648,84327.9,33324.7,22.41,9.68855
29935,21244,92346.9,27526.2,20757,86908.4,17751.2,87.15,9.69079
14320.1,12180,77051.2,10781.2,9608,73538.1,21992.1,73.87,9.6919
12212.8,11140,71847.2,7640.1,6972,71816.1,10934.8,25.73,9.6919
8002.92,8024,65363.8,3251.82,3224,66101.5,23010.8,4.15,9.69302
14526.2,13137,72466,10076,9177,71956.4,61368.1,30.71,9.69302
5941.84,5960,65336.3,3421.86,3333,67283.2,5972.46,51.46,9.69302
12307.3,12180,66221.1,4898.4,4832,66436.6,12515.9,56.44,9.69414
10444.1,8944,76527.9,8534.76,7488,74697.4,13501.8,53.95,9.69526
14006,13812,66456.3,4882.8,4740,67510.4,7582.38,4.15,9.69637
13196.8,12918,66950.2,5411.64,5270,67297.4,9406.02,48.14,9.69637
15483.6,13631,74443.1,11538.5,10415,72605.8,27902.9,24.07,9.69861
8155.24,8088,66080.8,3759.6,3720,66233.6,8965.32,16.6,9.69861
12121.7,12004,66178.5,3944.46,3904,66215.2,6292.26,51.46,9.69973
18316.5,17320,69306.5,10086.2,9144,72288.7,6134.7,-61.42,9.69973
19618,15242,84351.5,14796.6,12570,77144.8,8881.08,34.03,9.70084
12081.6,11555,68522.5,10294.4,9703,69530.7,31363,48.97,9.70308
5623.6,5676,64931,3167.58,3137,66174.9,9423.18,2.49,9.70419
6088.72,6173,64641.2,2383.68,2397,65171.8,13314.6,-42.33,9.70531
10445.5,10319,66339.3,3545.1,3483,66704.5,27168.2,-9.96,9.70531
14194.3,13736,67722.7,5635.5,5452,67741.8,22664.5,13.28,9.70755
20198.7,16013,82666.8,15304.4,12861,77986.8,15380,59.76,9.70978
17547.4,16921,67962.1,7055.88,6845,67555,11633.7,31.54,9.7109
15504,14725,69003.1,10135.3,9493,69970.3,20272.2,53.12,9.71313
12691.5,11963,69527,5722.08,5455,68744.7,8994.96,20.75,9.71425
15797.8,15380,67316.1,6507.54,6424,66388.3,10232.8,58.93,9.71537
11812.3,11284,68604.2,6939.66,6672,68165.1,10831.9,-10.79,9.71648
16896,13767,80431,13829.4,11495,78845,22111.4,46.48,9.7176
15802.5,15424,67144.3,6839.82,6664,67265.1,9129.9,-6.64,9.7176
38620.6,29903,84641.7,20136.5,16379,80570.5,18493,98.77,9.71872
17205.4,16782,67189.3,7328.1,7194,66757.6,19325.3,52.29,9.71872
8260.64,8245,65660.3,3738.54,3669,66778.1,23452.3,43.99,9.71983
21171.8,19745,70271.7,7910.76,7173,72276.5,9667.32,16.6,9.72207
15797.1,15193,68141.7,7151.04,6921,67714.3,17312.1,118.69,9.72319
12728.2,11220,74345.6,12593.1,11112,74271.2,49803.8,40.67,9.7243
10548.2,10432,66265.7,4495.92,4416,66722.1,15795.8,-51.46,9.72654
14065.1,13821,66693.6,5152.68,5129,65838.6,10633.7,-45.65,9.72766
8201.48,8163,65844.9,3272.88,3239,66221.5,27838.2,48.14,9.72766
11130.2,10512,69390.4,6283.68,5968,69002.6,15460.4,18.26,9.72877
15013,14646,67178.4,5899.14,5686,67992.6,8005.92,-15.77,9.72877
18146.5,17493,67984.2,7998.9,7617,68821.8,43101.2,90.47,9.72989
11622.6,11418,66710.1,5236.92,5146,66693.9,11950.4,87.98,9.72989
10050.4,9621,68461,6212.7,5905,68951,15217,3.32,9.73101
14650.6,14456,66418.2,4956.9,4908,66189,15385.5,58.93,9.73212
15827,14765,70249.8,5812.56,5289,72023.4,14640.6,53.12,9.73324
36587.4,27057,88620,28328.8,22177,83715.4,16309,69.72,9.73548
14709.8,14328,67282.2,7395.96,7148,67809.4,31000.3,32.37,9.73548
13846.8,13469,67374.5,5757.96,5625,67085.1,8465.34,10.79,9.73548
23222.7,18768,81091.3,8072.22,6196,85381.1,24148.8,24.9,9.73771
23828.6,21997,70992.8,14107.9,13405,68972.2,28420.9,4.98,9.73771
24702.4,19594,82621.9,18351.8,14830,81099.5,49842,75.53,9.73771
13666.6,12743,70286.2,7748.52,7031,72224,9714.12,39.84,9.74441
17816,15898,73442.5,7202.52,6330,74569.4,34069.6,26.56,9.74441
16569.6,16035,67720.8,7204.86,6935,68086.2,15276.3,3.32,9.74441
13972.6,13860,66068.6,5242.38,5164,66530.7,5740.02,-48.14,9.74553
11343.1,10646,69827.2,6005.22,5510,71426.2,8904.48,-1.66,9.74553
13817.6,13737,65920.5,6533.28,6345,67480.7,18313.6,2.49,9.74777
10982,10809,66584.9,5200.26,5049,67499.4,14916.7,14.11,9.74777
16485.9,16205,66672.1,5900.7,5753,67218.5,7180.68,64.74,9.75112
10524.4,10233,67402,5140.98,4909,68633,14787.2,34.03,9.75223
9054.88,8886,66781.5,5392.92,5186,68150.9,13987,70.55,9.75223
17394.4,16321,69846.2,11280.4,10309,71711.1,8107.32,38.18,9.7567
13593.9,13236,67308,5555.16,5316,68484.4,19825.3,56.44,9.7567
14252.8,13955,66934.5,5344.56,5239,66856.5,13815.4,29.05,9.75782
8296.68,8153,66690.9,3965.52,3853,67449.9,12628.2,-19.92,9.75894
15990.9,15517,67537.4,6619.08,6397,67811.2,19881.4,62.25,9.75894
13331.4,12750,68524.4,5991.18,5753,68249.3,8209.5,60.59,9.76229
13957,13612,67197,5415.54,5260,67473.9,20058.5,0,9.76341
14860,14352,67855.9,6959.16,6704,68030.4,10239.1,17.43,9.76564
15801.2,15576,66483.4,4260.36,4200,66477.9,5798.52,68.06,9.76564
13906.7,13104,69550.4,8140.86,7512,71022.3,12982.3,4.15,9.76564
34616.1,24741,91693.9,27969.2,21797,84093.8,27523.9,77.19,9.76787
14379.3,14152,66588.5,4673.76,4604,66529,6557.46,-0.83,9.76787
37245,26356,92612.1,18682.6,14160,86467.5,70715.6,79.68,9.76787
11037.1,10665,67822.4,5905.38,5668,68280.7,27913.9,-5.81,9.77123
15319.7,13977,71831.8,7898.28,7225,71643.1,19486,81.34,9.77234
15244.2,14680,68054.9,9536.28,8993,69495.1,13162.5,-10.79,9.77346
15140.9,14005,70851.3,9828.78,9237,69734.6,6732.18,44.82,9.77346
14800.2,14351,67587.3,6268.08,6027,68157.4,33476.8,68.89,9.7757
20430.6,17577,76175.7,12313.9,10333,78099.4,20178.6,63.91,9.7757
11153.4,10956,66716.6,3789.24,3724,66684.1,27721.2,49.8,9.77681
5947.28,5953,65473,2612.22,2581,66328.7,10514.4,13.28,9.77793
12453.5,12124,67317.2,5460.78,5269,67921.4,17994.6,36.52,9.77793
46623.5,28573,106937,37404.1,22169,110574,44743.1,195.88,9.77905
6885,6868,65698.2,2886,2824,66974.8,5766.54,31.54,9.77905
13565.3,13077,67983.3,5818.02,5537,68862.2,13065.8,10.79,9.78016
12622.8,11962,69156.5,8725.08,8202,69715.5,12969.8,-0.83,9.78016
25070.2,19901,82558.8,17770,14685,79303.5,28275,77.19,9.78128
10758.3,9741,72380.1,5756.4,5168,72997.6,14497.9,4.98,9.7824
8939.96,8858,66142.4,3849.3,3774,66843.6,12515.9,18.26,9.7824
18633.4,18104,67452.3,4431.96,4332,67048.2,8397.48,3.32,9.78352
36847.2,28761,83961.5,21223,16477,84412.9,13571.2,1.66,9.78575
8183.8,8222,65231.5,3416.4,3406,65736.1,6068.4,19.09,9.78687
33145.2,28603,75943.3,14224.9,12543,74323.6,18798.8,53.12,9.78798
25306.2,24063,68921.9,10867.7,10511,67760.3,10076.8,55.61,9.7891
8036.24,7992,65898.8,3400.8,3320,67131,21564.7,-11.62,9.79022
15302,13736,73007.8,9377.16,8309,73961,16108.6,41.5,9.79022
15033.4,14788,66623.7,6043.44,5944,66632.4,5993.52,37.35,9.79134
12202.6,11808,67726.1,6420.18,6072,69294,7014.54,-43.16,9.79134
10985.4,10661,67530.2,4706.52,4545,67865,6406.14,16.6,9.79134
11584.5,10540,72030.4,7352.28,6648,72478.8,28981.7,29.88,9.79245
13708.8,13385,67121.4,4698.72,4612,66768.3,7686.12,68.06,9.79357
17333.9,16768,67747.7,5042.7,4928,67061.4,17908,43.99,9.79357
9155.52,9101,65928.6,3476.46,3469,65676.9,7352.28,-37.35,9.79469
14254.2,13974,66849.9,3649.62,3490,68533.4,7181.46,11.62,9.79581
13152.6,12800,67341.1,5224.44,5068,67559,23933.5,22.41,9.79581
23007.8,21753,69316.4,12900.4,12196,69321.3,40526.5,63.08,9.79581
14536.4,14325,66503,3218.28,3213,65643.7,20132.6,-9.96,9.79692
14358.2,14027,67083.4,5277.48,5179,66782.2,10156.4,68.06,9.79804
10475.4,10255,66944.5,6697.08,6523,67285,9647.04,19.09,9.79916
7828.84,7077,72498.4,6147.18,5681,70913.9,19429.8,61.42,9.79916
20109,16452,80103.4,11182.9,9872,74238.2,26545.7,20.75,9.80027
18105.7,13077,90737.5,16505.6,13705,78928.1,49888.8,115.37,9.80251
10372,10292,66045.7,4271.28,4208,66521.5,12944.1,4.98,9.80251
11651.8,10569,72250.2,8985.6,8189,71911.1,29121.3,33.2,9.80363
10625.7,10541,66062.5,4423.38,4384,66124.7,13548.6,78.85,9.80363
10104.1,9669,68485.2,5587.14,5345,68504.9,30264,-15.77,9.80363
9779.08,9532,67234.8,4514.64,4344,68110.4,20982,-35.69,9.80586
21483.2,13721,102611,22118.5,17229,84134.6,35034.5,82.17,9.80586
14349.4,13417,70090.2,8989.5,8317,70835.1,22806.4,30.71,9.80698
16978.2,16465,67578.9,5711.94,5517,67851.7,8200.14,-6.64,9.81256
14057.6,13696,67266.5,5761.08,5640,66942.9,21565.4,58.93,9.81368
10191.2,9033,73938.7,6091.8,5604,71240.6,15133.6,51.46,9.81592
8898.48,8773,66473.4,3607.5,3485,67839.6,25012.3,68.06,9.81592
16500.2,14325,75487.4,10183.7,9013,74048.3,21106,3.32,9.81927
17546,14830,77538.6,13864.5,12382,73382.6,52270.1,82.17,9.82038
18598,15515,78558.7,11778,10319,74802.1,12837.2,23.24,9.82038
22939.1,21926,68564.2,8218.08,8002,67305.7,24032.6,15.77,9.82262
12788.1,12514,66971.4,6119.88,5922,67725.8,18962.6,-9.13,9.82262
8220.52,8177,65884.8,3546.66,3521,66013.6,26377.3,-28.22,9.82485
9235.08,9136,66246.7,5621.46,5488,67129.7,12893.4,34.86,9.82597
12484.8,12388,66048.1,4316.52,4236,66781.8,16521.2,-51.46,9.82709
8807.36,8681,66489.9,3822,3725,67242.6,13499.5,-0.83,9.82821
41750.6,32397,84457.5,16563.3,12909,84088,23870.3,88.81,9.82932
20956.9,19612,70030.2,12098.6,11324,70018.8,5974.8,19.09,9.82932
7384.8,7416,65260.3,2722.2,2716,65685.6,8873.28,41.5,9.83267
12153,11820,67382.1,6274.32,6136,67013.3,11792,1.66,9.83379
12172.7,12059,66153.8,3955.38,3871,66964.6,11987,-10.79,9.83491
16806.9,16197,68003.7,6975.54,6745,67776,28523.8,44.82,9.83714
28334.2,21544,86191.6,23729.9,19212,80947.6,56934.5,58.1,9.83938
14350.7,14116,66625.7,5523.18,5412,66882.3,9526.14,3.32,9.84161
17380.8,16190,70356.3,9707.88,9358,67986.3,20847.8,106.24,9.84385
10861.6,10777,66050.7,3921.84,3844,66863.1,18005.5,9.96,9.84496
14752.6,13486,71691.1,10498.8,9773,70403.1,5770.44,-20.75,9.85278
13177,12201,70778.7,7236.84,6569,72198.7,10253.9,4.15,9.85278
19498.3,17761,71946.5,8260.2,7309,74064.9,14788.8,-9.96,9.85502
12765.6,12589,66455.6,4439.76,4297,67713.3,12676.6,13.28,9.85502
21278.6,19897,70086.5,11717.2,11101,69173.6,23538.1,56.44,9.85614
36135.2,27496,86127.3,20985.9,17324,79388.8,9370.92,58.1,9.85614
5331.2,5468,63896.4,1492.14,1464,66795.7,12317,18.26,9.85614
35511,23321,99791.9,28535.5,19748,94698.4,9041.76,113.71,9.85837
11286,11509,64265.9,1350.96,1381,64110.4,6890.52,8.3,9.85949
12596.3,12509,65993.5,4904.64,4816,66742.2,16915.9,23.24,9.85949
13215.1,12916,67053.7,6622.2,6460,67181.5,9941.1,46.48,9.8606
23855.8,21665,72163,10675.1,9429,74196.8,13555.6,33.2,9.8606
7277.36,7042,67726.4,6580.86,6134,70310.3,11121.2,11.62,9.86284
43598.9,28533,100140,42421.1,31089,89424.2,51711.7,159.36,9.86619
15935.1,13693,76267,10298.3,9104,74133.6,18982.1,66.4,9.86731
44211.6,31564,91796,34204.6,24764,90519.7,31264,122.01,9.86731
40857.1,26634,100534,28334.3,21162,87747.6,32373.9,88.81,9.86843
9316,9189,66441.8,4853.16,4673,68062.6,14701.4,35.69,9.87178
26479.9,20793,83460.1,21633.3,18105,78307.7,67235.2,85.49,9.87513
9495.52,9541,65223.6,3528.72,3473,66587.4,6286.02,-9.13,9.87513
23743.6,18805,82747,15316.1,11729,85578.9,10294.4,63.91,9.87625
15752.2,15481,66684.1,7903.74,7657,67647.8,6484.14,19.92,9.87848
18388.6,18181,66284.2,8459.88,8053,68847.2,11531.5,14.94,9.87848
11955.8,12006,65261.8,5109.78,5042,66417,12771.7,61.42,9.8796
5554.92,5757,63235.6,2372.76,2365,65751,14469,114.54,9.8796
24692.2,20681,78247,12907.4,10580,79952.9,20131,43.99,9.8796
17594.3,17253,66832.5,7566,7205,68819.6,18838.6,-11.62,9.88407
8389.16,8448,65079.5,3259.62,3200,66757,6407.7,58.1,9.88518
17688.8,16229,71431.1,8015.28,7109,73890.8,24072.4,23.24,9.8863
11581.8,11596,65455.5,3718.26,3692,66002.1,5580.12,-41.5,9.88742
12205.3,11922,67093.4,7042.62,6658,69321.9,12806,-16.6,9.88965
11006.5,10549,68378.1,6553.56,6101,70397.3,32725.7,34.03,9.88965
7485.44,7634,64260.6,3227.64,3174,66643.5,10742.9,-17.43,9.893
19512.6,18820,67947.8,8897.46,8500,68600.5,13552.5,18.26,9.89412
12892.8,12900,65499.4,5139.42,5092,66146.3,17155.3,37.35,9.89412
14346,14275,65861.8,4663.62,4611,66283.9,7937.28,-18.26,9.89412
20421.1,17440,76738.3,18136.6,16056,74028.2,90151.6,117.03,9.89524
24210.7,20898,75924.7,17057,15138,73844,24838.3,30.71,9.89524
17580,17330,66481.6,5959.98,5922,65956.3,18085.9,31.54,9.89524
19467,18301,69711.6,13855.9,13046,69604.6,14553.2,43.99,9.89747
15538,15417,66050.4,6149.52,6077,66318.1,17007.1,29.88,9.89859
16543,16388,66156,5981.82,5760,68059.8,21265.1,32.37,9.89859
13507.5,13136,67389.5,6895.98,6656,67898.9,9728.16,42.33,9.90306
15431.2,15012,67366.2,5670.6,5544,67032.5,40849.4,84.66,9.90418
10231.3,10166,65956.8,3745.56,3666,66958.3,22467.9,24.07,9.90753
11784.4,10317,74857.3,8465.34,7725,71816.8,19223.1,39.01,9.90865
9306.48,9324,65412.9,3385.2,3352,66185.1,8152.56,-12.45,9.90865
16188.8,15685,67640.8,6777.42,6593,67369.2,16347.2,22.41,9.90976
17395.1,16932,67328.4,7103.46,6944,67041,13354.4,46.48,9.912
5429.8,5500,64699.5,2424.24,2401,66170.3,6271.98,19.09,9.912
16274.4,15673,68050.9,6788.34,6436,69123.8,45154.2,36.52,9.91647
18249.8,16407,72897,13015.9,11891,71735.5,20627.1,87.15,9.92093
12686.8,11780,70580.6,4393.74,3956,72787.7,78128.7,32.37,9.92205
9586.64,9450,66483.6,4148.04,4062,66924.2,7541.04,33.2,9.92317
18277.7,16584,72229.2,8353.02,7628,71765,55986.8,53.12,9.92317
16553.2,16084,67448,4874.22,4744,67334.9,22444.5,9.13,9.92429
11270.3,10670,69223.2,5047.38,4682,70650.4,12536.2,36.52,9.9254
16237,14976,71054.4,7746.18,7040,72109.9,43180,48.14,9.9254
21184,20188,68769.4,7434.96,7196,67712.3,16999.3,19.09,9.92764
80917.3,36991,143359,87569,56975,100727,69243.7,15474.5,9.92764
15567.9,14596,69899.9,8865.48,8144,71341.9,19344.8,43.99,9.92876
15850.1,14762,70366.7,7265.7,6570,72475.6,25516.1,75.53,9.93211
12614.7,11909,69419.4,8015.28,7661,68566.7,8556.6,1.66,9.93322
6481.76,6329,67117.8,8820.24,8532,67750,6871.02,0,9.93322
10385.6,10265,66306.2,4284.54,4253,66022,14710,-2.49,9.93434
11457.3,11301,66442.5,2744.04,2757,65227.9,6998.16,-20.75,9.93658
10430.5,9420,72566.3,10026.9,8828,74436.2,17579.6,58.93,9.93658
8700.6,8574,66503.7,3859.44,3773,67037.4,5898.36,-15.77,9.93769
35644.9,23544,99219.6,24621.5,16060,100473,8251.62,88.81,9.93769
16371.7,15821,67817.1,6752.46,6429,68833.3,20762.8,50.63,9.94104
11567.5,11300,67087.3,4229.16,4120,67272.4,8358.48,-2.49,9.94104
8820.96,8492,68074.7,4707.3,4556,67712.4,36070.3,-5.81,9.94216
9116.08,8969,66610.7,3699.54,3636,66681.3,27530.9,18.26,9.94328
16237.7,15109,70431.9,8049.6,7473,70592.6,10226.6,51.46,9.9444
13293.3,12868,67702.1,5970.12,5832,67088.1,31044,4.98,9.9444
13554.4,13147,67567,5114.46,4975,67373.1,7135.44,91.3,9.94551
15077,14733,67066,6286.02,6137,67127.4,8080.8,-9.13,9.94998
23033,17328,87112.7,19353.4,14952,84827.6,60559.2,117.86,9.94998
9641.72,9328,67740.1,6197.1,5956,68188.9,7342.92,-26.56,9.95222
15668.6,15438,66514.8,7562.1,7246,68395,44743.1,4.98,9.95222
6233.56,6183,66071.9,3004.56,2963,66455.2,10591.6,37.35,9.95333
23186.6,18940,80230.2,19961.8,17388,75236.6,40512.4,108.73,9.95669
13783.6,12804,70550,11167.3,10452,70020.8,28214.9,83,9.9578
12830.2,12589,66791.9,5528.64,5424,66800.3,13894.9,14.94,9.9578
38705.6,30040,84441.1,35249,27525,83926.5,16784.8,154.38,9.95892
7484.08,7416,66137.6,3302.52,3260,66390.8,7148.7,3.32,9.95892
5177.52,5225,64940.5,2922.66,2909,65843.8,5809.44,-47.31,9.95892
54544.8,40432,88411.4,45140.9,33476,88372.5,99081.1,115.37,9.96004
22898.3,18663,80408.5,11533.1,9303,81246,37323.8,56.44,9.96227
10691,10555,66380.2,4063.02,3947,67462.4,9150.96,-1.66,9.96227
16083.4,15695,67157.6,5657.34,5535,66984.5,13514.3,15.77,9.96227
14280.7,13792,67858.1,5157.36,4992,67706.9,15260.7,28.22,9.96339
12409.3,11656,69771.6,6470.88,6012,70538.2,6237.66,22.41,9.96898
12859.5,12635,66700.4,4501.38,4351,67801.1,11052.6,65.57,9.97121
21045.3,19941,69165.3,9688.38,9305,68236.2,20096.7,26.56,9.97233
10080.3,9968,66274.5,3554.46,3520,66177.6,11483.9,29.88,9.9768
11188.7,11044,66394.8,4527.9,4408,67318.6,9723.48,0,9.97791
11788.5,11541,66941.3,4427.28,4341,66838.6,9971.52,23.24,9.97903
20530.6,16671,80708.5,10037.8,8639,76147.5,7402.98,24.9,9.97903
15111.6,12813,77293.1,8494.98,7597,73282.5,33516.6,19.92,9.98127
23854.4,22148,70585.2,13370,12296,71260.2,8763.3,19.09,9.98127
31657.4,23837,87036.9,25924.1,22073,76970.1,28582.3,66.4,9.98238
8413.64,8330,66194,3281.46,3258,66007.9,24981.1,20.75,9.9835
14858.7,13916,69975.5,7288.32,6716,71120.8,18830,9.96,9.98685
7182.84,7188,65489,2778.36,2720,66942.1,23960.8,26.56,9.9902
16350.6,13459,79616.1,12726.5,11043,75526.8,42630.9,128.65,9.99132
21866.8,20684,69283.5,9640.8,9276,68113.4,31727.3,20.75,9.99244
12471.9,12180,67106.5,7204.86,6832,69112.7,14671.8,47.31,9.99355
25698.6,21644,77812.8,13092.3,11192,76663.4,18320.6,48.97,9.99467
14921.2,14464,67607.7,5986.5,5704,68781.8,15910.4,34.86,9.99691
32202.1,25724,82039.9,22666.8,18700,79438,79652.8,112.88,9.99691
12991.4,12093,70404.7,8881.86,8205,70942.3,5882.76,32.37,9.99691
7458.92,7429,65799.9,2837.64,2817,66016.2,13175.8,7.47,9.99802
9214,8257,73131.7,5998.98,5429,72416.5,8499.66,63.08,9.99914
21661.4,19976,71065.4,9835.02,8716,73950,35997.8,42.33,10.0003
16800.8,14308,76953.8,10948.1,9496,75557.4,11703.9,93.79,10.0025
24622.8,18636,86589.4,17039.9,14216,78554.1,19073.3,97.11,10.0036
12384.2,12044,67386.9,5676.84,5452,68238.7,30054.2,6.64,10.0058
18541.6,17285,70300.3,9728.94,8801,72445.8,12824,77.19,10.0103
10472.7,10320,66505.6,3977.22,3880,67178.1,19512.5,34.03,10.0114
25340.9,21613,76839.9,16335.5,14157,75621,31040.1,-30.71,10.0114
25022.6,24007,68308.6,5199.48,5015,67946.8,19395.5,31.54,10.0125
17312.8,14048,80766.8,12239.8,10148,79044.6,6568.38,140.27,10.0137
19325.6,18537,68324,7731.36,7501,67548.7,16008.7,19.92,10.0137
21306.4,19880,70238.4,11336.5,10865,68380.1,23890.6,-30.71,10.0148
10778.7,10605,66609.3,5070.78,4896,67875.5,8155.68,38.18,10.017
18861.8,17688,69885.2,9009,8257,71504.6,50078.3,24.07,10.017
18981.5,16629,74807.4,9048,7965,74446.9,16319.9,14.94,10.0181
15746.8,14352,71904.9,10640.8,9700,71892,32951.1,19.92,10.0181
30945.4,23576,86021.4,19852.6,15788,82408,17123.3,48.14,10.0181
16048.7,15784,66635,3916.38,3832,66979.1,11074.4,48.14,10.0215
18665.3,17763,68865.1,11072.1,10579,68590.7,14548.6,69.72,10.0226
23589.9,21673,71332.4,12367.7,11453,70770,12873.9,19.09,10.0226
8852.92,8676,66872.4,4380.48,4296,66824.8,12756.1,-59.76,10.0237
19996.1,19402,67542.7,5669.82,5534,67144.4,20311.2,4.98,10.0237
11230.9,10349,71120.6,6073.08,5613,70907.8,14871.5,-4.98,10.0248
11289.4,11308,65428,3713.58,3681,66116,15695.9,20.75,10.026
13993,13705,66913.4,5281.38,5156,67129.7,27901.4,15.77,10.0282
8384.4,8393,65468.9,4046.64,3972,66767.5,30557.3,17.43,10.0293
16678.4,13644,80110.9,12886.4,10860,77764.4,12455,141.1,10.0315
18172.3,15797,75390.3,11062.7,9841,73672.2,70898.1,52.29,10.0315
7599,7612,65424.1,3041.22,3004,66348,35225.6,24.07,10.0349
14437.1,14014,67514.5,5246.28,5114,67231.2,21986.6,75.53,10.0349
17622.9,16886,68395.9,8675.94,8326,68290.5,28218.8,33.2,10.036
16484.6,15824,68271.8,6696.3,6452,68017.5,34241.2,35.69,10.0371
14252.1,13263,70423.5,9881.04,9327,69429,11576.8,95.45,10.0371
8599.96,8282,68052,4752.54,4554,68393.2,25897.6,13.28,10.0382
69609.6,49872,91472.8,47430.2,33960,91530.9,137676,234.06,10.0405
33320,27348,79847.1,20911.8,17788,77045,74877.7,132.8,10.0405
22708.6,17943,82942.1,17965,13683,86044.8,21900.8,24.07,10.0416
14887.9,14653,66586.7,6093.36,6013,66411.9,12970.6,19.92,10.0416
13398,13288,66078.7,5779.8,5701,66441.9,35005.6,37.35,10.0427
22719.5,21681,68675.1,12816.2,12145,69157.8,6346.08,50.63,10.0427
10829.7,10364,68480.7,8112.78,7541,70505.1,6491.16,49.8,10.0449
13464.7,13235,66673.3,5514.6,5379,67188.1,26934.2,40.67,10.0461
6296.8,6368,64803.3,2410.2,2400,65814.5,10815.5,55.61,10.0461
7626.88,7657,65278.2,3446.04,3405,66325.9,5573.1,25.73,10.0472
13531.3,13357,66391.3,4740.84,4601,67527.9,7091.76,61.42,10.0472
15232,15033,66403.5,6332.04,6148,67497.8,16288.7,-9.13,10.0472
15628.4,14648,69922.6,9839.7,9228,69880.2,31630.6,28.22,10.0483
15745.4,14645,70460.3,10888.8,9909,72016.2,11733.5,43.16,10.0483
5724.92,5839,64255.6,2846.22,2779,67121.2,19201.3,17.43,10.0494
23322.6,22128,69074.1,9196.98,8876,67906,5789.16,137.78,10.0505
9404.4,9221,66839.5,4428.06,4245,68362.2,5899.92,46.48,10.0528
7904.32,7834,66124.3,3831.36,3706,67752.8,21325.2,-18.26,10.055
11694.6,11633,65883.3,2709.72,2661,66735.9,16276.3,13.28,10.055
22517.5,20657,71438.7,13517.4,12657,69991,17098.4,21.58,10.0595
17928.2,14589,80536.2,13396.5,11385,77114.9,48489.5,58.93,10.0628
16339.7,16065,66656.7,6172.92,6061,66746.2,25083.2,19.09,10.0628
5879.28,5981,64421.4,3246.36,3136,67842.3,22551.4,61.42,10.0628
33485.9,27049,81131.8,17035.2,14121,79060.9,94570.3,58.1,10.0639
11054.1,10428,69470.7,7903.74,7276,71190.2,24818,19.09,10.0651
7722.76,7734,65440.8,3536.52,3442,67335.7,11563.5,38.18,10.0651
19548.6,18164,70531.8,10352.2,9808,69172,7532.46,20.75,10.0673
11351.9,11148,66734.8,4860.18,4744,67141,11807.6,9.96,10.0673
25412.3,20469,81363,15358.2,12929,77849.4,42720.6,69.72,10.0684
13878.8,13616,66800.9,5255.64,5120,67272.2,20187.2,7.47,10.0695
20829.8,19061,71617.4,10236.7,9605,69846.3,11325.6,-34.86,10.0718
15160.6,12859,77266.1,11869.3,10251,75881.8,47027,117.03,10.0751
37104.9,27688,87825.2,23425,18229,84216.3,19740.2,148.57,10.0751
7203.24,7167,65867.4,2775.24,2735,66500.2,5800.08,30.71,10.0773
17870.4,14945,78364.3,10597.9,9525,72917.7,9875.58,73.04,10.0785
16220,14028,75776.8,8916.96,7832,74614.6,18358.1,43.99,10.0796
12263.8,11677,68829.4,8294.52,7760,70050.2,19433.7,-34.86,10.0796
15951.4,15624,66909.5,6867.12,6616,68023.5,7575.36,5.81,10.0796
11118,10957,66499,4382.82,4256,67488.8,10638.4,-3.32,10.0829
42708.8,27039,103516,36429.9,23295,102489,87995.7,158.53,10.084
5831,5812,65750.2,2558.4,2548,65803.5,29232.1,5.81,10.0852
10476.8,10224,67156.2,4921.02,4804,67132.4,10879.4,-17.43,10.0885
14764.8,14389,67247.8,6680.7,6497,67389,8090.16,25.73,10.0941
11991.8,11759,66833.5,6144.84,5963,67534.5,7750.86,85.49,10.0941
18429.4,17872,67579.8,6418.62,6236,67455.2,11223.4,81.34,10.0952
18655.1,18016,67860.9,6001.32,5676,69292.2,5567.64,42.33,10.0963
15420.4,14569,69365.7,7194.72,6676,70628.1,7898.28,95.45,10.0963
10493.8,10449,65816.7,3485.82,3457,66082.4,5837.52,-1.66,10.0963
7987.96,7996,65470.1,3437.46,3420,65870.6,11630.6,-12.45,10.0997
9948.4,9620,67773.2,5977.92,5768,67921.1,14686.6,77.19,10.1053
25388.5,20024,83093.3,13941.7,11873,76954.8,13189.8,11.62,10.1053
11962.6,11467,68368.2,6218.94,5999,67938.7,36855.8,27.39,10.1053
19917.2,19172,68083.3,9158.76,8724,68802,32763.1,48.14,10.1097
66090.6,38569,112300,52456.6,33092,103886,140831,281.37,10.112
17318.2,16696,67978.5,7733.7,7516,67434.3,32174.2,92.13,10.1153
9502.32,9172,67896.2,6106.62,5840,68528,8874.84,38.18,10.1153
14084.2,12705,72650.1,9352.98,8649,70870.3,8686.08,-16.6,10.1153
25846.1,20525,82526.3,19385.3,15469,82128,8149.44,113.71,10.1164
19361,18108,70070.7,10266.4,9352,71943.6,15909.7,48.14,10.1164
22330.5,21365,68497.7,9407.58,8977,68679.4,29761.7,0,10.1176
21439,17104,82146.2,11249.2,9316,79135.3,27026.2,82.17,10.1176
12805.8,12588,66669.7,7001.28,6584,69689.5,6484.92,99.6,10.1176
17110.8,16382,68451.7,7941.18,7690,67676.6,7332.78,-14.11,10.1187
16254,15717,67775.3,6853.86,6641,67636.6,14468.2,49.8,10.1198
18891.1,18265,67782.4,8253.18,8009,67534.1,9214.92,5.81,10.1232
11977.5,11029,71172.3,7787.52,7101,71872,42003,96.28,10.1232
16939.5,14380,77200.7,12136,10620,74891.4,14276.3,84.66,10.1243
15614.2,14860,68862,8118.24,7628,69747.9,8122.92,-3.32,10.1265
7486.12,7453,65827.2,2759.64,2681,67458.3,6794.58,-4.98,10.1265
11610.3,11410,66686.6,4158.18,4086,66693.7,7044.18,88.81,10.1276
47992.4,30348,103639,39257.4,25388,101338,105619,223.27,10.1276
11717.1,11468,66959.4,5386.68,5185,68085.1,35451,30.71,10.1276
10033.4,9884,66526.6,3965.52,3884,66911.5,18966.5,-8.3,10.1276
11630,11385,66946.5,5669.82,5332,69688.2,13040,18.26,10.1299
42714.2,32849,85217.7,26725.1,21697,80723.5,118938,485.55,10.1321
16747.7,8332,131731,9092.46,4744,125608,9617.4,79.68,10.1321
15474.1,14760,68706.6,6371.82,6172,67657.8,6425.64,-7.47,10.1343
28803.4,23586,80033.2,18399.4,15909,75795.1,6290.7,81.34,10.1388
28530.1,24189,77297.4,26807.8,22720,77327.3,43836,42.33,10.1433
17070,16198,69064.2,7833.54,7490,68541.9,7835.1,25.73,10.1444
12904.4,12540,67440.2,5011.5,4892,67136.9,15726.4,25.73,10.1455
7647.28,7468,67109.3,3194.88,3148,66512,22724.5,42.33,10.1466
9337.08,9129,67029.8,4272.06,4196,66724,16222.4,-25.73,10.1466
68862.9,47369,95273.3,47823.4,33828,92649.6,73772.4,217.46,10.1466
12771.8,12187,68680.6,5971.68,5727,68336,14291.2,-34.03,10.1466
9326.88,9184,66555.6,3728.4,3668,66615.2,6699.42,-11.62,10.1466
27805.2,22390,81386.4,24334.4,20918,76239.7,114343,72.21,10.1477
8325.24,8153,66920.5,3832.92,3748,67020.9,18369,-0.83,10.1477
17607.2,16011,72069.7,8795.28,7951,72495,15408.1,49.8,10.1488
11769.4,11485,67159.1,5294.64,5177,67025.2,17975.1,-4.15,10.15
15986.1,15662,66892.2,5077.02,4986,66732.4,9141.6,61.42,10.1522
25282.4,19676,84209.6,15510.3,12513,81234.2,9360.78,55.61,10.1544
38012,31059,80207.2,28133,22915,80459.4,112525,142.76,10.1556
11902.7,11744,66421.7,4473.3,4414,66416.4,11705.5,-29.88,10.1567
16549.8,15143,71624.5,9958.26,8819,74002.1,21262.8,91.3,10.1589
29554.8,22905,84562.6,14813,9949,97576,12856.7,68.06,10.1589
15523,14797,68751.6,7633.08,7417,67445.3,5825.04,51.46,10.1589
13576.2,13324,66776.5,5457.66,5329,67118.3,6378.84,-6.64,10.1611
16439,15897,67770.4,6023.16,5812,67917,11128.3,64.74,10.1611
9099.08,9036,65993.5,3442.14,3397,66406.9,5779.8,-28.22,10.1611
19944.4,16517,79135.2,9193.86,7905,76221.2,10007.4,43.16,10.1611
17057.1,16408,68128.7,6883.5,6577,68590.1,7195.5,15.77,10.1623
9299.68,9240,65959.3,3603.6,3564,66264.2,20698.1,-61.42,10.1634
10470.6,10364,66210.3,3780.66,3717,66658.4,6963.06,48.14,10.1645
10242.8,9422,71245.5,9862.32,9086,71135.5,40556.9,-5.81,10.1656
14390.8,13876,67967.6,7101.12,6892,67524.5,36697.4,-28.22,10.1656
24875.8,23192,70294,16986.1,15617,71281.2,14037.7,39.84,10.169
17053,16659,67086.1,5751.72,5639,66846,13509.6,29.05,10.169
17224.4,16377,68927.1,4600.44,4217,71495,11342,-5.81,10.1701
14987.2,14909,65879.7,4116.84,4080,66127.8,12609.5,29.88,10.1701
10044.3,9989,65898.7,4398.42,4321,66710.2,29214.9,-24.9,10.1712
12008.8,11805,66667.4,4779.84,4665,67149.3,36228.7,-10.79,10.179
19018.9,16257,76670,12806.8,11253,74585.3,40443,39.84,10.179
12767.7,12510,66885.9,5229.9,5117,66982,37785.5,4.15,10.1812
9007.28,7927,74467.2,6285.24,5767,71425.3,7786.74,-51.46,10.1835
12195.1,11920,67048.6,4692.48,4584,67086.9,11236.7,31.54,10.1846
16883.7,16393,67497.8,6416.28,6313,66608.2,7917,50.63,10.1846
30751,22452,89760.2,24030.2,19108,82418.1,6116.76,98.77,10.1868
9794.72,9380,68433.6,6799.26,6280,70954.8,22618.4,36.52,10.1891
14131.1,13940,66434.3,2651.22,2600,66827.1,6342.96,8.3,10.1902
11256.7,10737,68708.2,7211.1,6849,69000.8,12457.4,42.33,10.1935
19868.9,18156,71719,8643.96,7708,73493.8,11682.8,93.79,10.1935
15140.9,13124,75607.5,9352.2,8400,72965,43014.7,87.15,10.1958
38639,32053,79001.8,23733.1,19569,79481.3,58687.2,134.46,10.1958
15361.9,13805,72926.9,11115,9961,73128.5,34951,-8.3,10.198
14930.1,14307,68390.1,8055.06,7539,70022.1,16809.8,97.11,10.198
18570.1,15640,77814,10810.8,8993,78783.1,47218.1,76.36,10.1991
16101.7,14829,71160.7,8028.54,7241,72663.8,25781.3,-13.28,10.1991
6641.56,6736,64617.2,1986.66,1980,65756.4,6459.96,53.12,10.2002
11085.4,8599,84485.4,11574.4,9655,78564.6,11098.6,31.54,10.2014
18111.1,17634,67309.2,7166.64,7030,66809.8,12045.5,99.6,10.2058
16912.3,16268,68131.5,11189.1,10440,70238.4,26800,-3.32,10.2081
11417.9,11297,66237.3,4968.6,4825,67486.5,12135.2,26.56,10.2103
13605.4,12341,72250.7,9221.94,8309,72736.7,29808.5,16.6,10.2114
17193.8,16604,67863.9,7619.04,7336,68064.5,10320.2,-18.26,10.2136
11913.6,11800,66166.9,4098.12,4044,66413.1,10118.2,49.8,10.2136
9709.04,9699,65603.8,4015.44,3943,66740,7587.06,10.79,10.2159
15937.2,15190,68759.6,8828.04,8262,70026,8732.1,64.74,10.2181
6381.8,6356,65802,2433.6,2384,66899.5,6846.06,-12.45,10.2181
8687.68,8640,65897.7,3022.5,2944,67283.5,13804.4,-9.96,10.2181
38169.8,25097,99673,35265.4,25641,90135,22462.4,148.57,10.2204
34514.1,28617,79041,18792.5,15236,80834.1,31288.9,40.67,10.2226
15717.5,14685,70143.9,6304.74,5833,70836.2,30739.8,17.43,10.2237
9931.4,9977,65236.5,3999.84,3997,65582.6,31871.6,14.94,10.2248
10990.8,10465,68829,8581.56,7941,70822.5,49264.8,14.94,10.2304
13033.6,13029,65558.9,4212.78,4161,66351.5,10826.4,-26.56,10.2315
9103.16,9114,65458.1,3839.94,3790,66399.6,11559.6,19.09,10.2326
17693.6,15260,75987.4,10703.9,9276,75624.6,44553.6,74.7,10.2338
11139.1,10984,66461.3,3978,3861,67521.9,14639,-38.18,10.2349
11700.1,11244,68194.3,5967,5761,67879.4,26034.1,-15.77,10.2349
10954.8,10845,66199.5,4467.84,4416,66305.3,12901.2,0,10.2349
16066.4,15689,67112.3,8399.04,8057,68318.2,39195,108.73,10.236
12731,12389,67344.9,4705.74,4549,67794.1,10554.2,1.66,10.2371
21925.2,18609,77214.9,12567.4,10893,75609.5,44860.9,149.4,10.2382
7324.28,7332,65467,3816.54,3776,66239.6,7195.5,29.88,10.2382
12290.3,11988,67188.7,5253.3,5084,67718.4,8199.36,36.52,10.2416
15565.2,15116,67483.5,7080.06,6860,67638.3,5810.22,82.17,10.2416
12783.3,12590,66542.3,4854.72,4798,66310.7,6718.92,0,10.2416
13376.3,13093,66953.9,5913.18,5777,67080.9,11250.7,56.44,10.2416
15450.3,15208,66580.1,3713.58,3672,66278.1,9649.38,6.64,10.2416
17080.9,14560,76882.9,10293.7,9156,73679,5619.12,63.91,10.2427
12812.6,12076,69533.3,8246.94,7665,70511.6,5973.24,2.49,10.2472
15672.6,15400,66696.2,3225.3,3144,67230.7,5831.28,44.82,10.2494
42184.5,29384,94085.3,30489.4,21656,92267.9,74052.4,189.24,10.2516
22272.7,20925,69757,12320.9,11184,72197.9,13429.3,78.85,10.2528
33148.6,25081,86616.5,30296,23849,83252,21502.3,79.68,10.2539
13147.8,11540,74666.8,7116.72,6384,73057.9,28475.5,59.76,10.255
9347.28,8444,72546.6,6508.32,5880,72539,20052.2,56.44,10.2572
15580.2,14064,72601.1,5741.58,5076,74129.3,26569.9,98.77,10.2583
11092.2,10873,66857,4861.74,4756,66993.1,13628.9,11.62,10.2583
9212.64,9063,66618.1,4362.54,4211,67894.4,7803.12,6.64,10.2583
13886.3,13530,67261.7,5821.14,5674,67235.5,13115.7,15.77,10.2583
22945.2,21924,68588.7,9938.76,9592,67905.2,14711.6,53.12,10.2595
7411.32,7301,66526.3,3762.72,3673,67136.8,20183.3,15.77,10.2595
11181.9,11045,66348.4,3908.58,3841,66689.1,15966.6,78.85,10.2595
13130.8,12449,69125.2,5835.96,5345,71555.8,13979.2,56.44,10.2606
15847.4,13781,75362.8,11086.1,9649,75297.1,26978.6,65.57,10.2617
7346.72,7264,66282.3,3499.08,3388,67684.7,36084.4,48.14,10.2639
10501.2,10168,67683.8,5448.3,5221,68389.2,9883.38,-14.11,10.265
16351.3,15361,69760.9,10223.5,9749,68725.5,13315.4,23.24,10.265
18482.4,17602,68813.9,7236.84,6914,68596.1,12863.8,-4.98,10.2662
11878.2,11632,66923.4,3254.94,3080,69258.4,7548.06,1.66,10.2673
9418.68,9428,65471.2,3584.88,3504,67048.7,10180.6,23.24,10.2673
31877.7,22324,93582.6,34828.6,25948,87965.3,35199.1,213.31,10.2684
36297,26732,88985.6,26374.9,20316,85081.1,9359.22,146.91,10.2684
14286.8,14040,66688,5371.08,5253,67009.2,9342.06,43.16,10.2695
11218.6,10703,68693.3,6088.68,5807,68715,7238.4,-14.94,10.2717
11077.9,10608,68438.9,5126.94,4900,68571.3,14392.6,17.43,10.274
13068.9,12696,67461,4646.46,4492,67789.5,15807.5,25.73,10.274
6478.36,6425,66080.3,2904.72,2809,67769.2,10094.8,-7.47,10.274
12916.6,12661,66859,4938.18,4789,67577.5,10843.6,49.8,10.2751
6191.4,6177,65688.8,2646.54,2605,66581.1,9292.14,33.2,10.2751
18179.8,17736,67175.9,3564.6,3484,67052.1,29080,46.48,10.2773
13955.6,12336,74140.5,7652.58,6960,72057.4,9843.6,43.16,10.2807
16664.8,16145,67645.8,6286.8,6101,67531.8,15406.6,34.86,10.2807
16494.1,16174,66832.9,6123.78,6026,66599.4,15079,33.2,10.2807
10571.3,10544,65705.6,4529.46,4436,66916.7,6608.94,12.45,10.2829
15608.7,14855,68861.2,7941.96,7507,69333.2,10945,0,10.2829
11034.4,10810,66896.2,5453.76,5338,66957.2,14562.6,39.84,10.284
15961,13976,74843.8,9042.54,7660,77364.5,6353.1,9.13,10.2851
22956.8,21443,70162.6,10526.9,9779,70548.1,15782.5,-2.49,10.2851
12193.8,11967,66777.8,6669,6463,67624.9,6686.16,39.01,10.2851
12378,12203,66476.1,4956.9,4811,67523.5,45868.7,57.27,10.2863
24014.2,22596,69649.3,11315.5,10672,69487.4,12664.1,89.64,10.2896
9562.84,9545,65658.5,2610.66,2573,66495.2,24839.9,25.73,10.2907
10801.1,10692,66204.9,4629.3,4544,66766.2,41729.2,16.6,10.2907
18317.2,16089,74612.1,11854.4,10409,74636.6,16390.1,63.91,10.2919
24851.3,20633,78934.4,17693.5,15497,74825,9501.18,108.73,10.293
18776.8,17542,70149.3,9441.9,8502,72781,14649.2,38.18,10.2952
7858.76,7849,65617.5,3240.9,3197,66435.9,9826.44,9.96,10.2974
12500.4,11937,68629.4,7564.44,7229,68577,20363.5,94.62,10.2986
15489.7,14281,71082.9,9127.56,8573,69775.3,25855.4,45.65,10.3008
11019.4,11038,65425.6,3100.5,3102,65504.3,18225.5,-48.97,10.3041
13498,12960,68256.6,6129.24,5900,68082.3,12405.1,-32.37,10.3041
10597.8,10618,65411.3,4101.24,3934,68322,10930.9,17.43,10.3064
12333.2,11140,72555.3,6832.8,6244,71716,13587.6,15.77,10.3086
9898.08,9625,67395.4,4728.36,4617,67116.7,9127.56,4.98,10.3086
13472.2,12588,70139.1,7257.12,6904,68888,18849.5,101.26,10.3086
17125.8,15398,72889.8,12119.6,11266,70501.8,23535.7,14.94,10.3097
14382,14013,67261.7,4435.08,4349,66833.2,14684.3,73.87,10.3097
11023.5,10760,67140.8,4405.44,4280,67456.8,23334.5,83,10.3108
12467.1,11913,68584.3,6537.96,6281,68217.1,15781,36.52,10.3108
14620.7,14129,67816.6,5817.24,5569,68457.3,8704.02,51.46,10.312
25430,18588,89658.8,10335,8188,82720.4,50795.9,42.33,10.312
18355.9,17168,70070.7,9100.26,8212,72624.8,14209.3,-2.49,10.3131
12940.4,12598,67317.2,6144.06,5878,68502.4,13306,-1.66,10.3153
12656.8,12361,67104.5,4644.12,4589,66323.2,11454.3,-20.75,10.3153
13653.7,12097,73969.6,9260.94,8173,74259.8,59759.7,34.03,10.3164
9290.84,9013,67556.3,4496.7,4409,66839.6,27794.5,-18.26,10.3175
16851.1,15713,70282.7,8734.44,8261,69291.9,56523.5,59.76,10.3187
11381.8,9984,74711.6,10506.6,9316,73911.6,25371.8,12.45,10.322
10786.8,10409,67914.9,5681.52,5460,68194.9,8533.98,51.46,10.322
14396.3,13853,68106.2,5955.3,5805,67232.8,40828.3,14.11,10.3231
14692.8,14264,67505.9,5100.42,4952,67500.2,12439.4,69.72,10.3243
25242.3,20479,80779.2,11803,9771,79164.8,21698.8,140.27,10.3254
10482.9,9193,74731.4,8718.84,7833,72947.5,24180.8,24.07,10.3254
6320.6,6373,64997.2,2421.9,2421,65560.4,19149.8,14.94,10.3265
14598.2,14381,66526,4938.18,4873,66412.6,6886.62,34.03,10.3265
12348.8,12164,66531.6,4851.6,4784,66462,8139.3,-5.81,10.3287
14550.6,14378,66322.9,4532.58,4510,65864.1,26200.2,-14.11,10.3321
14241.2,13920,67048.4,4614.48,4560,66319,11249.9,97.11,10.3332
53165.8,33458,104139,59005.4,39302,98391.4,23133.2,396.74,10.3343
30712.2,23673,85023.2,19281.6,16105,78462.5,20230.9,107.9,10.3343
7446,7396,65979.1,3506.1,3448,66640.3,12534.6,51.46,10.3365
27814.7,25722,70868,13788.8,13338,67751.2,37864.3,19.09,10.3388
14380,11941,78921.8,9411.48,8437,73105.4,18260.6,64.74,10.3444
16060.2,15580,67556.1,5582.46,5448,67153.5,20559.2,45.65,10.3455
26020.2,21952,77681.3,10782.7,9312,75886.6,45201.8,84.66,10.3488
14775,14233,68031.8,7084.74,6788,68400.9,24051.3,107.9,10.3499
24057.7,19247,81916.5,19412.6,16271,78189.8,5714.28,68.06,10.3499
16417.2,14940,72016.1,8708.7,7905,72199,8140.86,-15.77,10.3511
14313.3,14119,66438,7537.14,7223,68386.3,18205.2,38.18,10.3511
23802.7,22649,68874.4,8836.62,8553,67709.2,35234.2,91.3,10.3533
21824.6,16977,84249.1,16094.5,13929,75724.8,10196.9,108.73,10.3533
13241,13054,66474.6,4810.26,4730,66648,6481.8,36.52,10.3555
35899.2,21617,108835,30199.3,20965,94402,17139.7,76.36,10.3567
7208.68,7249,65171.5,3159.78,3073,67386.7,16417.4,69.72,10.3589
18056.7,13937,84908.2,27624.5,11853,152738,11864.6,2143.89,10.3589
9809,9611,66886.1,4311.06,4251,66461.9,10383.4,28.22,10.3634
27507.4,25141,71704.5,13708.5,13029,68953.9,5894.46,51.46,10.3656
25695.2,20660,81508.1,14735,11824,81670.5,95522.7,34.86,10.3678
11924.5,11605,67340.2,4447.56,4369,66714.4,14539.2,6.64,10.3701
11452.6,10181,73721.1,6778.2,6157,72148.1,12549.4,4.98,10.3701
10892.2,10659,66970.1,8299.98,7971,68240.8,5753.28,83,10.3712
26174.6,24817,69121,12039.3,11561,68247.3,21825.2,24.9,10.3723
11614.4,11435,66564.2,4523.22,4459,66479.9,6050.46,18.26,10.3723
21279.9,20505,68012.7,7682.22,7481,67298.8,13405.9,22.41,10.3734
14127.7,12467,74265.8,10397.4,9287,73371.8,45651.1,17.43,10.3734
11496.1,11228,67100.7,4949.88,4824,67246.1,20451.6,0.83,10.3745
13173,12995,66433.5,4994.34,4919,66539.8,11140,32.37,10.3745
12503.2,12380,66188,4343.82,4316,65958.4,32892.6,-5.81,10.3779
23657.2,22886,67744.4,7115.16,6946,67132,13386.4,39.01,10.3823
12784.7,12416,67482,5343.78,5240,66834,18692.7,-16.6,10.3835
19326.3,16024,79041.9,13873.9,12309,73867.7,12707,70.55,10.3868
12706.5,11558,72048.1,8391.24,8006,68689.5,13148.5,16.6,10.3891
16145.9,15605,67807.7,7236.84,6965,68093.8,23606.7,29.05,10.3935
17663,15580,74298,13862.2,11852,76651.2,42131.7,63.91,10.3935
6030.92,6134,64434.7,2333.76,2310,66210.1,6315.66,-18.26,10.3958
31521.4,24176,85447.8,20166.1,16464,80272.5,70242.9,98.77,10.3969
28657.9,22489,83513.1,23483.5,18105,85004.8,25519.3,163.51,10.398
16978.9,16425,67746.1,7982.52,7513,69631.6,18769.9,43.16,10.3991
13746.9,13501,66729.5,3800.94,3677,67745,18159.2,25.73,10.3991
11427.4,11168,67058.2,5441.28,5216,68366.5,6452.16,78.02,10.4002
13435.4,13170,66856.9,6407.7,6242,67275.7,6646.38,-37.35,10.4002
41856,31635,86710.2,24871.9,19063,85506.1,83155,107.9,10.4013
14278,14013,66775.2,4657.38,4589,66512.5,21142.7,14.11,10.4013
22992.8,18354,82099.8,7063.68,5170,89540.7,54175.7,92.96,10.4025
13561.9,13200,67332.9,4520.1,4336,68318.6,13880.1,47.31,10.4025
8616.28,8534,66167.9,3342.3,3234,67730.7,6147.18,-41.5,10.4047
13156,12693,67926.3,5874.18,5441,70753.6,28123.7,53.12,10.4058
55168.4,40491,89291.9,37253.6,28815,84728.5,107995,176.79,10.4058
17966.3,17573,67002.7,6531.72,6377,67126,39263.6,73.04,10.4058
12866.3,12643,66693.4,4616.04,4531,66766,17863.6,20.75,10.4058
22854.1,21177,70726.1,14314.6,13357,70234.3,33786.5,29.05,10.4069
13281.8,13121,66339,5014.62,4925,66728.6,6127.68,-6.64,10.4114
19898.2,18700,69735.1,8925.54,8380,69802.4,6899.1,88.81,10.4125
14635,14293,67104,5158.92,5029,67229.1,17176.4,13.28,10.4125
19480.6,18820,67836.5,6958.38,6784,67220.6,8829.6,59.76,10.4147
34653.5,24133,94105.6,28141.6,21137,87254.1,42433.6,94.62,10.4147
13313,13088,66662.9,6750.9,6556,67484.3,9844.38,-30.71,10.4159
6650.4,6677,65274.9,2820.48,2761,66947.8,19297.2,5.81,10.417
14649.9,13601,70590.2,7449.78,6777,72042,17763.7,52.29,10.417
13557.8,12948,68622.7,8353.02,7844,69788.8,10672,19.09,10.417
8485.72,8384,66331.1,3184.74,3148,66300.9,14242.8,58.1,10.417
11347.2,11132,66802.7,5382.78,5212,67683.4,18442.3,-16.6,10.4181
28745.6,20641,91268.6,21496.8,16297,86446.2,18213,95.45,10.4192
9009.32,8668,68116.6,4921.8,4380,73642.7,8817.9,87.15,10.4203
16058.2,15253,68995.6,7792.98,7457,68488.8,12751.4,28.22,10.4203
7401.8,7331,66168.9,2966.34,2899,67058.3,24655,-22.41,10.4226
12830.2,12178,69046,6265.74,5682,72268.8,10661.8,33.2,10.4237
17123.1,16508,67977.8,9278.1,8741,69562.9,7839,71.38,10.4237
12516.8,12218,67138.5,6308.64,6137,67368.9,9282.78,-2.49,10.4248
18167.6,15664,76010.6,11044.8,9796,73890.6,56142.8,97.11,10.4248
17750.7,17044,68253.4,8874.84,8580,67788.1,11647.7,15.77,10.427
17261.8,16781,67413.7,6307.08,6125,67484.2,15336.4,-28.22,10.427
8291.92,7668,70868.4,7441.2,6780,71927.2,5640.18,66.4,10.4282
20674.7,19661,68915,9824.1,9488,67857.5,9698.52,-15.77,10.4315
17775.2,16865,69073,10128.3,9409,70546.1,16565.6,0.83,10.4349
33848.4,31441,70553.9,23948.3,22297,70389.7,7030.92,84.66,10.4371
26792,19673,89251.3,16181.1,12628,83975.7,10969.1,83,10.4393
22295.8,20636,70807.3,11117.3,9845,74005.7,5743.92,19.09,10.4393
50075.2,37787,86848.1,24568.4,16507,97541.5,59336.9,74.7,10.4404
11955.1,11538,67905,5731.44,5494,68368.3,48380.3,4.98,10.4427
16093.6,15601,67605.1,4302.48,4085,69025.1,51451.9,46.48,10.4427
14533.6,13489,70611.4,9838.14,9073,71062.8,20153.6,14.94,10.446
37966.4,28390,87642.4,24497.5,17970,89341.4,26697.8,94.62,10.446
15157.9,13847,71740.2,8022.3,7155,73480,44727.5,103.75,10.4483
15074.9,14831,66613.8,4594.98,4575,65822.2,8000.46,-11.62,10.4483
13918.9,13580,67171.6,5581.68,5416,67540.8,21030.4,-19.92,10.4483
14995.4,13868,70863.6,5636.28,5045,73216.9,45287.6,52.29,10.4483
9722.64,9262,68795.4,6011.46,5742,68611.5,17097.6,-5.81,10.4494
12773.8,12420,67402.9,5857.02,5600,68543.9,23266.6,39.84,10.4505
11954.4,11489,68190.8,7519.98,7025,70153.6,20918.8,46.48,10.4516
16894.6,15445,71686.9,10812.4,10101,70151.4,15825.4,68.06,10.4527
6069.68,6188,64282.9,2962.44,2917,66556.9,10001.9,38.18,10.4527
15384.3,14923,67561.9,6659.64,6335,68894.4,7476.3,22.41,10.4572
10159.2,9809,67875.8,4239.3,4065,68346.1,6946.68,9.96,10.4572
9392.16,9148,67285.2,5761.08,5416,69711.6,11524.5,28.22,10.4606
14023.6,13744,66869.4,3972.54,3924,66346.7,7182.24,9.96,10.4628
7740.44,7620,66571.9,3630.12,3572,66602.3,8927.1,47.31,10.4639
12893.5,11250,75110,8249.28,7366,73394.6,7421.7,0.83,10.4639
9318.04,9200,66376.9,4326.66,4256,66624.1,10261.7,31.54,10.4639
7031.88,6961,66203.3,3027.18,2977,66640.7,25270.4,-30.71,10.465
15159.9,14033,70798.9,5502.9,5009,71998,14082.1,50.63,10.465
14751.9,13041,74134,6757.14,6005,73744.5,48519.1,73.87,10.4661
30544.2,25452,78647.9,24648,21420,75412.3,71834.1,118.69,10.4661
8839.32,8762,66114.3,3777.54,3726,66442.5,11954.3,-15.77,10.4661
14280.7,13300,70368.3,10143.9,9200,72259.9,46229.8,23.24,10.4684
15125.9,14323,69209.8,6929.52,6451,70397.3,13142.2,30.71,10.4684
17499.1,17121,66983.4,3932.76,3745,68821.7,13754.5,7.47,10.4684
9602.28,9429,66740.4,3700.32,3637,66677,9927.06,20.75,10.4684
7720.04,7730,65451.6,3352.44,3298,66617.8,38308.9,-33.2,10.4695
14286.1,12938,72364.8,6633.12,5982,72669.4,35913.5,17.43,10.4717
24292.3,20843,76381.6,11277.2,9563,77283.8,20216.8,-0.83,10.4728
14911,12761,76577.8,10889.6,9549,74736.6,11542.4,43.16,10.4728
6905.4,6788,66669.5,2901.6,2816,67528.1,7196.28,-39.01,10.474
11318.6,11200,66230,3673.02,3584,67163.8,22778.3,68.06,10.474
32326.5,16616,127501,12926.9,6824,124147,17096,83,10.4751
8905.96,8649,67483.1,4900.74,4749,67630,10076,0,10.4762
6213.84,6077,67011.7,3008.46,2925,67406,7545.72,61.42,10.4762
15091.2,14336,68988.5,8676.72,8288,68609.7,10213.3,8.3,10.4773
30272.2,27942,71001.4,6669.78,5910,73961.2,16644.4,-51.46,10.4807
7282.12,7152,66728.3,4083.3,4000,66900.8,6665.88,-15.77,10.4807
28555.9,20876,89645.6,24800.9,19400,83781,54509.5,159.36,10.4807
8081.8,8118,65243.8,3568.5,3542,66026.3,17390.9,43.16,10.4818
14432.3,14285,66211.9,4485,4425,66424.6,6130.02,14.11,10.4818
10419,10357,65928.1,4672.2,4609,66434.7,6569.94,78.02,10.484
11790.5,11376,67924,8097.96,7652,69355.5,21676.2,117.03,10.4862
26061,21114,80891.1,13838,11582,78301.3,19994.5,22.41,10.4862
53343.3,35672,98001.4,46956,30556,100710,8830.38,171.81,10.4896
26652.6,21204,82376.2,18242.6,15536,76953.5,53462,144.42,10.4896
14096.4,13713,67368.3,5747.82,5521,68228.4,15353.5,-0.83,10.4896
15077.6,14681,67306.6,4460.04,4132,70738.9,14327.8,-4.15,10.4918
12728.9,12150,68658.6,7045.74,6630,69645.5,14042.3,-62.25,10.4918
7018.28,6942,66256.1,3588.78,3450,68172.3,8317.14,34.03,10.4952
14297.7,13668,68555.2,6846.06,6464,69409.6,11358.4,10.79,10.4952
35152.6,27308,84362.1,20112.3,16456,80097.2,11108,62.25,10.4963
13330.7,12957,67426.3,5889.78,5693,67801.3,40755,60.59,10.4997
27070.1,20577,86216,18429.8,14609,82676.3,45213.5,52.29,10.5008
15702.6,15284,67330.7,4645.68,4496,67717.8,6754.8,46.48,10.5019
12431.8,12097,67349.6,4760.34,4605,67746.7,7345.26,9.13,10.5019
19721.4,18745,68949.5,9407.58,8964,68779,7341.36,115.37,10.503
9203.12,9120,66133.3,3519.36,3432,67204.2,12232.7,0.83,10.5041
12007.4,11704,67235.1,4870.32,4712,67738,7519.98,27.39,10.5052
16872.2,15254,72488.1,8909.16,7798,74874.4,10601,70.55,10.5064
36181.4,26777,88553.1,22920.3,17652,85095.4,19294.9,115.37,10.5086
18737.4,15289,80317.5,10876.3,8845,80586.8,24800.1,78.02,10.5086
7266.48,7172,66399.3,2960.1,2884,67265.3,16663.1,0.83,10.5097
9308.52,9178,66468,2161.38,2110,67131.9,6645.6,53.95,10.5108
12612,11508,71822.9,5311.02,4680,74372.4,23713.6,80.51,10.5108
38749.8,28988,87605.5,23538.8,18764,82212.8,22052.9,179.28,10.5108
15120.5,13752,72057.6,8853,8220,70582.8,46036.4,59.76,10.5119
24063.2,20796,75832,13206.2,11484,75364,10409.1,37.35,10.5131
16471,15812,68267.2,6346.08,6140,67735.6,24049,42.33,10.5142
14520,13930,68311.9,8441.16,7754,71343.8,7377.24,1.66,10.5153
23735.4,22324,69679.4,12516.7,11952,68632.2,5839.86,32.37,10.5186
12016.3,11714,67227.2,4679.22,4550,67397.2,11610.3,18.26,10.5186
25247.7,22940,72128.8,14188.2,12812,72575.5,10591.6,23.24,10.5186
20750.2,18516,73443.8,13496.3,11892,74377.4,29392,42.33,10.5209
56929.6,37433,99669.8,65264.9,46681,91626.2,8006.7,279.71,10.5209
11273.7,10893,67826.5,4814.16,4601,68572.2,6921.72,18.26,10.522
11129.6,11070,65888.6,4651.14,4558,66875.2,13717.9,34.86,10.5265
11257.4,10996,67093.9,4052.88,3884,68385.6,6360.9,0,10.5287
20841.3,17644,77412,8649.42,7324,77396,28666.6,102.09,10.5287
18786.4,17980,68475.1,7759.44,7512,67694.7,9196.98,-6.64,10.5309
5682.08,5604,66449.1,2660.58,2600,67063,7668.96,-14.11,10.5309
34518.2,25977,87084,26194.7,21092,81391,157110,122.84,10.5354
16734.1,15939,68805.3,7636.2,7315,68413.7,48788.2,24.07,10.5365
13542.9,13261,66929.1,6827.34,6409,69813.8,7578.48,44.82,10.5365
11069.7,11032,65760.1,4370.34,4316,66361.1,14599.3,-14.11,10.5376
17149.6,16777,66991.5,7126.08,6937,67322.3,28300,24.07,10.5388
9685.24,9623,65959.9,4479.54,4307,68161.4,13427.7,107.9,10.541
16107.2,14649,72059.5,9339.72,8324,73532.9,11136.8,14.94,10.5432
15229.3,14022,71178.6,8432.58,7574,72965.1,27088.6,118.69,10.5443
14328.3,13080,71790.4,8112,7320,72626.8,24847.7,109.56,10.5443
15899.8,15300,68105,6487.26,6200,68572.4,9696.18,-3.32,10.5455
61752.2,38892,104057,57120.2,35180,106408,102155,240.7,10.5455
10186.4,9252,72154.8,8528.52,7864,71073.9,26027,28.22,10.5477
11540.3,10492,72083.9,7518.42,6657,74016.4,10114.3,97.94,10.5477
5817.4,5909,64520.1,2758.08,2673,67622,7563.66,32.37,10.5488
35732,26021,89993.8,20787.8,16113,84549.6,5812.56,57.27,10.5488
12635.1,11833,69978.3,7726.68,7305,69319.1,28834.3,43.16,10.5488
9845.04,9633,66978.6,5145.66,4953,68085.2,13202.3,-18.26,10.5499
21774.3,19713,72388.7,15879.2,14889,69894.7,19529.6,44.82,10.5499
12875.1,12437,67844.6,6484.14,6085,69834.8,16482.2,-35.69,10.5499
18900.6,17077,72534.4,12179.7,10845,73601.6,11931.7,51.46,10.5522
13034.2,12892,66259.1,4848.48,4728,67206,23288.5,48.14,10.5522
16908.9,16253,68180.7,7098,6624,70225.6,30717.2,5.81,10.5522
13893.1,13716,66382.1,5144.1,5036,66942.8,14584.4,-7.47,10.5533
9292.2,8105,75135.5,8329.62,7556,72245.9,7630.74,9.96,10.5544
13185.9,12877,67108,5860.14,5693,67460.1,25258.7,32.37,10.5555
6296.8,6521,63282.8,3072.42,3005,67006.4,24005.3,118.69,10.5566
15944.6,15699,66561.4,5325.06,5191,67228.5,14662.4,18.26,10.5589
8712.16,8793,64933.5,3509.22,3364,68365.1,13886.3,26.56,10.56
8963.08,9017,65144.1,3424.2,3348,67027.6,7108.14,-11.62,10.5611
17001.4,16712,66670.7,5571.54,5416,67418.1,15596.1,0,10.5611
21700.2,19877,71547.1,10598.6,9889,70238.9,14545.4,5.81,10.5611
13192,12958,66719.5,4740.06,4602,67502.1,11359.9,27.39,10.5611
10463.2,9185,74655.8,5676.84,5093,73048.8,19462.6,58.1,10.5622
11099,10873,66898,5587.14,5225,70078.2,6223.62,22.41,10.5622
15180.3,14656,67880.6,7022.34,6544,70326.4,12497.2,75.53,10.5633
9144.64,9157,65447.5,3559.92,3445,67722.2,14759.9,-14.11,10.5633
8644.84,8705,65083.1,3222.18,3157,66889.1,20218.4,-32.37,10.5645
15561.8,15195,67118,5165.94,4859,69675.9,16774.7,112.05,10.5678
21810.3,21048,67909.6,7068.36,6748,68647.3,35975.2,24.9,10.5689
11596,11402,66651.3,5062.2,4878,68010.7,13525.2,45.65,10.57
11258.1,10853,67982.1,5467.02,5301,67588.5,16853.5,9.13,10.5756
17025.2,16291,68489.4,7026.24,6739,68329.4,20777.6,37.35,10.5756
8519.04,8428,66243.9,2849.34,2844,65659,18595.2,48.14,10.5767
24036.6,19680,80044,7960.68,6308,82706.3,12427,3.32,10.5823
8484.36,8392,66257.3,3579.42,3564,65819.6,9349.86,-11.62,10.5846
13268.8,12569,69185,7293,6713,71198.3,11693.8,37.35,10.5857
24664.3,22265,72598.2,14066.5,12701,72582,31629,-19.92,10.5868
7414.04,7369,65936.6,3627,3513,67662.7,11174.3,-18.26,10.5879
16034.4,15691,66970.3,6197.88,6075,66861.6,12541.6,40.67,10.589
24114.2,22752,69459.6,12811.5,12252,68528.8,10727.3,96.28,10.589
13032.9,12633,67610.4,5538.78,5332,68077.5,34009.6,109.56,10.5902
14053.6,14061,65501.3,5567.64,5517,66137.5,10707.8,-54.78,10.5924
17282.9,16426,68954.8,8186.1,7806,68727.2,21133.3,-39.01,10.5935
11731.4,11180,68768,6440.46,6213,67935.3,12434.8,38.18,10.5969
13557.8,13424,66189.4,4475.64,4420,66361,21128.6,-16.6,10.6013
12007.4,11673,67413.7,5842.2,5645,67825.4,7876.44,-7.47,10.6013
25293.3,19422,85347.6,14128.1,11486,80611.3,73469.8,84.66,10.6036
21813,17456,81893.9,14655.4,12556,76493.9,24400.7,115.37,10.6047
34354.3,27149,82929.1,20675.5,16509,82075.7,30340.4,93.79,10.6058
8453.76,8311,66661.7,3306.42,3251,66653.2,24507.6,88.81,10.6058
20769.9,19981,68123.6,10598.6,9997,69480.1,27848.3,73.04,10.6069
6171.68,6192,65320.9,2821.26,2788,66317.8,9307.74,-4.15,10.6091
23521.2,22297,69134.2,19415,18861,67460.9,29248.4,53.12,10.6147
18736.7,17125,71703.9,8065.98,7137,74066.4,21469.5,42.33,10.6158
12284.2,11927,67498.7,7126.86,6723,69472.8,11501.1,-17.43,10.617
13828.5,13557,66848.4,6533.28,6377,67142.1,24359.4,18.26,10.617
14700.9,14481,66531.3,4593.42,4469,67360.6,19345.6,41.5,10.6203
14445.2,14213,66606.9,4531.8,4453,66695.7,33194.5,-29.88,10.6214
11990.4,11615,67654.4,6513,6079,70214.8,7868.64,6.64,10.6237
19219.5,17324,72706.7,11238.2,10396,70845.4,30292.9,50.63,10.6248
11099,10973,66288.3,4697.94,4605,66858.7,11225.8,43.16,10.6248
13728.5,12904,69723.5,5692.44,5100,73149,20909.5,29.88,10.6248
14301.8,13960,67140.4,5393.7,5285,66883.9,18884.6,36.52,10.6259
17582.8,17093,67413.8,4082.52,3989,67072.4,10097.9,48.97,10.627
8644.84,8603,65854.7,3685.5,3659,66010.6,12294.4,-6.64,10.6281
12926.1,12388,68382.8,7498.14,7228,67985.3,25917.8,38.18,10.6281
6047.24,6162,64315.5,2688.66,2694,65406.1,15684.2,35.69,10.6281
5262.52,5357,64380.2,2431.26,2409,66141.6,20346.3,-16.6,10.6293
10143.6,10127,65643.2,4112.94,3963,68015.6,10351.4,-15.77,10.6293
16366.2,13990,76667.5,10334.2,9062,74736.6,14171.8,-5.81,10.6304
48623.4,22585,141093,28333.5,17593,105546,21586.5,62.25,10.6304
17371.3,15088,75453.6,10831.9,9416,75390.5,32737.4,14.11,10.6315
14549.3,14364,66381.3,5492.76,5420,66415.8,6566.04,68.06,10.6315
17669.8,16205,71459.9,9581.52,8505,73831.2,42178.5,41.5,10.6326
16561.4,15625,69463.5,9033.18,8601,68829,16234.1,78.85,10.6326
16152,14961,70753.3,11915.3,10865,71871.1,13589.2,41.5,10.6326
16885.8,15549,71170.2,9271.86,8397,72364,47862.4,48.97,10.6371
14956.6,14750,66454,5668.26,5594,66406,12829.4,0.83,10.646
13085.2,13000,65965.7,4665.96,4597,66519.1,25704.1,0,10.6471
11527.4,11220,67331.3,6352.32,5920,70321.9,32050.2,68.06,10.6482
15193.9,14409,69106,9164.22,8429,71252.4,15691.3,94.62,10.6494
9719.92,9761,65260.2,4188.6,4105,66870.7,14025.2,24.9,10.6527
17645.3,16854,68613,12924.6,12066,70199.5,37170.9,70.55,10.6527
17307.4,14776,76763.3,12523.7,10165,80742.9,6269.64,38.18,10.6527
7086.28,6932,66994.6,4832.88,4640,68260.3,11989.4,30.71,10.655
8888.28,8670,67186,4933.5,4762,67896.2,16531.3,12.45,10.6572
13864.5,12340,73632.5,9954.36,8848,73730.7,20767.5,26.56,10.6605
19270.5,18409,68603,8255.52,7913,68372.8,11987,59.76,10.6605
72540.4,41901,113458,61372,35369,113717,32288.1,287.18,10.6617
26142.6,22148,77356,20120.1,17704,74479.8,9086.22,48.14,10.6617
30045.1,24825,79316.7,16968.1,14388,77288.2,55089.8,73.04,10.6639
11016,10953,65913,3903.9,3805,67239.4,6301.62,72.21,10.6661
9105.88,9073,65773.5,3819.66,3749,66771.2,17814.4,27.39,10.6661
7342.64,7432,64748,3042.78,3020,66030.3,9496.5,64.74,10.6661
7450.08,7577,64438.2,3188.64,3145,66445.4,10067.5,10.79,10.6661
18744.2,14533,84526.3,12422.3,10021,81240.1,27401.4,71.38,10.6684
13068.2,12993,65915.5,4635.54,4553,66724.1,18485.2,81.34,10.6684
9056.24,9066,65465.4,3908.58,3790,67586.5,15781,38.18,10.6684
13663.2,13444,66604.7,5488.08,5344,67302.9,28463.8,2.49,10.6695
27189.1,24122,73868.9,18079.6,15882,74604.3,13050.2,74.7,10.6695
18058.1,16593,71322.5,8816.34,7785,74218.1,24876.5,22.41,10.6717
9750.52,9395,68016,6020.04,5591,70565.1,15315.3,79.68,10.6717
27072.8,21037,84339.3,19064,15337,81461.6,15493.9,58.1,10.6717
12746.6,12608,66256.4,4154.28,4060,67057.8,29681.3,59.76,10.6728
17399.8,16399,69535.7,9665.76,8847,71601.1,14150,69.72,10.6762
16700.8,16059,68155.2,6594.12,6075,71136.2,10897.4,5.81,10.6773
17287.6,16448,68881.5,8231.34,7800,69160.1,44467,-0.83,10.6784
16486.6,15697,68832.6,9431.76,8817,70105.5,19654.4,9.13,10.6795
22127.2,18632,77830,13950.3,11489,79575.8,28274.2,97.11,10.6795
11181.2,10974,66773.6,4499.82,4350,67793.1,8876.4,56.44,10.6818
6806.12,6824,65364.3,2424.24,2412,65868.6,11466,26.56,10.6818
17021.1,16153,69058,7785.96,7428,68694.2,19047.6,144.42,10.6829
15622.3,15161,67530.1,5890.56,5700,67727,25315.7,-1.66,10.6829
10252.4,10116,66419.4,4580.94,4368,68730.9,6347.64,-10.79,10.6829
20026,18965,69202.4,8975.46,8561,68708.8,7859.28,9.96,10.6829
20736.6,18696,72689,12456.6,11057,73831.6,48334.3,50.63,10.6851
21991.9,19298,74684.4,17711.5,15649,74173.3,50179.7,61.42,10.6873
13022.7,12793,66712.6,3275.22,3060,70145.4,18184.9,-4.98,10.6873
14921.2,13360,73194.5,10877.9,9940,71719.6,39234,41.5,10.6918
12284.2,11316,71143.3,8027.76,7516,69998.3,32544.7,102.09,10.6941
13431.4,13162,66877.2,4467.84,4286,68316.5,15751.3,16.6,10.6952
17699,16660,69623.3,10201.6,9388,71215.7,35979.1,63.91,10.6974
15482.2,14744,68817.4,5944.38,5656,68877.5,23754.1,58.93,10.6974
20204.2,19228,68863.1,8973.12,8316,70714.6,21652.8,-7.47,10.6985
14987.2,14386,68274.8,7536.36,7046,70096.9,45333.6,23.24,10.7019
10373.4,8975,75747.2,8914.62,7583,77044.5,28138.5,80.51,10.7041
39771.8,29428,88571.7,26915.5,20768,84935.1,24648,134.46,10.7052
10168,10151,65646,1540.5,1511,66815.5,28417.7,22.41,10.7052
15441.4,14909,67876.5,6045,5888,67283.5,7090.98,1.66,10.7063
8055.96,8001,65986.2,3253.38,3221,66194.8,13850.5,-48.14,10.7063
6850.32,6730,66707.7,3532.62,3466,66795.7,7058.22,50.63,10.7075
9256.16,9109,66594.8,3637.14,3569,66787.2,31510.4,52.29,10.7075
6446.4,6480,65196.2,2156.7,2164,65314.9,26279.8,26.56,10.7086
7242.68,7188,66034.5,2731.56,2668,67097.3,7672.08,44.82,10.7097
13623.1,12094,73822.1,8217.3,7358,73189.6,17562.5,34.86,10.7108
17418.9,14413,79203.8,10013.6,8896,73769.5,12755.3,78.85,10.7119
18878.8,17839,69356.1,8557.38,8108,69168.3,18753.5,-19.92,10.7119
12448.8,12213,66801.1,4590.3,4425,67984.1,26845.3,58.93,10.713
12580,12103,68118.9,5747.04,5607,67172.8,10253.1,-14.94,10.7175
8961.72,8845,66400.8,3633.24,3565,66790.5,25039.6,38.18,10.7186
6755.12,6740,65683,2499.9,2440,67144.9,9488.7,9.13,10.7197
14452,14172,66831,5093.4,5032,66335.7,16371.4,-0.83,10.7197
15431.2,14968,67564.3,6865.56,6613,68038.9,13913.6,36.52,10.7253
13091.4,12502,68625.5,6680.7,6470,67670.2,7963.8,12.45,10.7253
12214.2,11312,70762.7,6762.6,6240,71024.6,8770.32,2.49,10.7265
13887.6,12612,72164.6,7632.3,6988,71578.5,9072.96,1.66,10.7287
14526.8,12221,77901.2,11946.5,7504,104334,15878.5,517.92,10.7298
8857,8729,66497,4307.94,4164,67801.4,10817,45.65,10.7332
13755,13452,67012.4,5176.08,5004,67789.7,7133.1,-18.26,10.7343
16284,14385,74187.4,8328.06,7349,74266.9,20641.9,120.35,10.7343
21388.7,20436,68591.3,9051.12,8736,67900,9207.12,-4.15,10.7354
18568.8,17316,70277.3,12125.1,11180,71076.1,19240.3,29.05,10.7354
16108.5,14447,73073.2,11434.8,10283,72876.7,13563.4,-1.66,10.7365
14550.6,12911,73858.8,9860.76,8959,72132.5,24639.4,47.31,10.7376
17789.5,17012,68531.1,8748.48,8484,67579,9372.48,68.06,10.7376
8258.6,8144,66458.2,3495.18,3452,66355.8,24481.1,7.47,10.7387
84525.4,60111,92153.8,50533.1,35311,93787.7,6576.96,192.56,10.7387
18625.2,17560,69511.5,9048,8700,68157.4,27484.9,32.37,10.7399
28150.6,26041,70845.2,12144.6,11417,69712.6,16783.3,40.67,10.7399
14454.1,14129,67043.9,5899.14,5769,67014.4,15719.3,-29.88,10.7466
8351.76,8378,65330.7,3215.16,3134,67233.2,24045.8,6.64,10.7499
21111.3,17784,77797.4,12101.7,10188,77846.2,7902.96,82.17,10.7499
26460.8,20728,83661.6,16465.8,13489,79998.7,40512.4,95.45,10.751
13993.7,13404,68419.3,6514.56,6252,68288.3,31501.9,8.3,10.7533
16208.5,15783,67302.7,6529.38,6391,66955,15124.2,29.05,10.7533
12994.8,12318,69136.8,7279.74,6894,69202.9,18281.6,40.67,10.7577
19072.6,18464,67696.3,8181.42,7600,70549.7,13970.6,84.66,10.7577
12405.9,12188,66707.8,4585.62,4488,66961.5,16848,-17.43,10.7589
16116.7,15572,67828.3,8200.14,7960,67513.1,19163.8,-42.33,10.7589
9779.76,9829,65207.7,3499.86,3449,66502.4,9189.18,1.66,10.76
14757.4,14366,67321.3,4949.88,4746,68351.3,6747,34.03,10.7656
17276.8,16254,69659.8,8473.14,8042,69049.4,39269.1,14.11,10.7667
26821.9,20534,85604.4,22715.2,18210,81749.6,20532.7,32.37,10.7678
17546.7,15042,76448.7,11373.2,10194,73116.8,14052.5,49.8,10.7689
15687.6,15337,67034.1,7797.66,7309,69917.6,39302.6,29.88,10.7689
9534.28,9388,66557.2,3280.68,3164,67952.8,7636.98,1.66,10.77
15187.8,14496,68663.6,8512.14,7860,70973.5,10915.3,-17.43,10.77
14503.7,13473,70549.7,9849.06,9329,69189.4,7080.84,-20.75,10.7711
37169.5,26917,90498.2,26029.4,18805,90713.2,17402.6,99.6,10.7711
8449,8392,65981.1,3320.46,3272,66506.6,7030.92,34.03,10.7723
19938.3,17600,74242.9,12575.2,11300,72931.5,6091.02,20.75,10.7745
28596,19228,97465.7,20957.8,15228,90195.1,39649.7,73.04,10.7756
17068.7,16743,66810.8,5385.9,5283,66812.5,5640.96,-21.58,10.7767
14690.7,13395,71875.4,10248.4,9443,71125.8,37616.3,89.64,10.7767
14539.1,14285,66701.7,6096.48,5961,67025.5,12862.2,0,10.7767
13304.9,12856,67824.3,6909.24,6469,69996,23390.6,24.9,10.779
8863.8,8880,65416.4,3195.66,3136,66782.8,8191.56,-21.58,10.7801
14026.4,13703,67082.5,4983.42,4819,67772,14530.6,73.87,10.7812
13018.6,12463,68457.6,9310.86,8559,71293,36943.9,63.91,10.7812
12089,11872,66734.1,4920.24,4764,67685.3,10220.3,-22.41,10.7845
8534,8565,65298.8,3433.56,3349,67190.7,23726,17.43,10.7857
8327.96,8272,65979.4,4006.08,3908,67180.8,7481.76,14.11,10.7857
8262,8222,65854.8,3177.72,3066,67924,9930.96,-4.15,10.7857
9324.84,9231,66202.2,3601.26,3499,67451.3,16719.3,21.58,10.7901
9284.72,9251,65774.9,3387.54,3331,66648.4,21967.9,-46.48,10.7924
26832.1,21712,80990.7,20570.9,16096,83756,36807.4,115.37,10.7946
14295,13941,67199.9,5622.24,5421,67968.8,18574.9,48.14,10.7957
14061,13821,66674.2,4521.66,4425,66967.6,14890.2,14.11,10.798
31747.8,22333,93163.8,21386.8,15085,92913.9,46537.1,28.22,10.7991
31203.8,23228,88039.2,27970,22540,81324,6504.42,78.85,10.7991
13816.9,13176,68723.9,6665.1,6348,68809.7,23824.3,55.61,10.7991
8822.32,8725,66267,3930.42,3825,67342.2,6100.38,-22.41,10.7991
32261.2,24677,85677.9,18618.6,15085,80887.5,7562.1,33.2,10.7991
18078.5,17182,68955.4,8899.8,8426,69221.1,14017.4,2.49,10.7991
9433.64,9443,65471,3789.24,3744,66327.9,6462.3,33.2,10.8002
25300.8,22893,72428.7,13599.3,12557,70975.8,11289.7,81.34,10.8013
7571.12,7566,65580.4,2903.94,2862,66496.4,6778.2,-2.49,10.8024
7701.68,7672,65789.5,4130.1,4028,67197.2,17427.5,99.6,10.8035
36839.7,27277,88511.4,16968.1,12313,90312.9,22904.7,93.79,10.8047
14388.8,13741,68625.6,5963.1,5693,68645.3,18266.8,-9.96,10.8047
23796.6,18517,84221.7,13831.7,11385,79620.3,53296.6,38.18,10.808
55273.1,40829,88720.8,37960.3,30409,81810.1,105981,182.6,10.8102
9883.12,9645,67154,4927.26,4672,69116.6,5566.08,87.98,10.8147
13674.1,13299,67384.6,5435.82,5351,66574.8,8844.42,29.88,10.8147
11384.6,10329,72233.4,7338.24,6756,71184,7668.96,91.3,10.8158
8399.36,8477,64935.8,2825.94,2793,66308.9,9108.06,13.28,10.8169
12983.9,12845,66244.8,5069.22,5001,66430,11914.5,24.07,10.8169
11378.4,10992,67840,5892.9,5700,67753.9,8970.78,9.13,10.8181
14013.4,13773,66680.1,4252.56,4185,66594,5724.42,51.46,10.8192
29984.6,23620,83195.2,27292.2,20592,86860,22334.5,64.74,10.8203
27450.2,21789,82563.6,16899.5,14480,76486.5,26488.8,68.06,10.8203
18094.1,17313,68492.8,8050.38,7793,67700.5,36699,23.24,10.8225
12901.6,12626,66966.7,4503.72,4418,66807.6,7959.9,-13.28,10.8225
10710,10440,67230.9,5140.2,4940,68191.9,17993,17.43,10.8237
11645.7,10936,69788.9,8665.8,8124,69906.7,22010,34.86,10.8237
15108.2,14732,67209.7,6640.14,6469,67269.8,14258.4,38.18,10.8248
15593.8,14545,70261.4,8668.92,7901,71905.6,15553.2,73.87,10.827
14558.8,14304,66703.4,4507.62,4456,66295.2,10367.8,-20.75,10.8281
12541.2,12409,66234.4,4548.18,4429,67299.5,12825.5,36.52,10.8292
15752.9,14127,73078.6,8069.1,7211,73334.7,16199.8,6.64,10.8304
10434.6,10269,66592.9,5590.26,5472,66952.4,12378.6,4.98,10.8348
13415.7,12504,70314.5,6964.62,6488,70350.4,28419.3,46.48,10.8359
15775.3,15036,68758.4,8273.46,7815,69380.6,40951.6,22.41,10.8371
12612.6,12056,68561.9,7720.44,7441,67997.1,35594.5,4.98,10.8382
8302.8,8037,67703.4,4545.06,4337,68680,9512.1,-10.79,10.8404
11892.5,11668,66797.1,4832.88,4688,67561.4,11410.6,33.2,10.8404
11494,11365,66280.1,2844.66,2753,67718,10684.4,-16.6,10.8449
16056.2,14247,73858.1,10422.4,9108,74993.4,14533,43.99,10.846
18592.6,18000,67693.5,6456.06,6256,67631.8,13606.3,21.58,10.8482
20351.7,18288,72931.5,13075.9,12148,70541.9,12761.6,11.62,10.8493
19420.8,18162,70078.3,9629.88,8994,70169.4,22561.5,34.86,10.8516
14983.8,14790,66394.7,4251,4198,66363.4,45605,11.62,10.8538
15095.3,14748,67079.4,5104.32,5020,66636.8,7356.96,-9.96,10.8538
16462.1,15379,70151.6,10228.1,9703,69082.9,20437.6,44.82,10.8538
22598.4,21189,69895.3,11515.1,11061,68226.8,11831.8,74.7,10.8549
17567.8,17080,67407.7,7991.88,7777,67346.8,8856.12,4.15,10.8549
19635.7,17469,73664.4,8073,7245,73025.8,5857.8,49.8,10.8572
57566.1,38169,98840.7,38958.7,26313,97031.7,22314.2,150.23,10.8572
21161.6,16932,81906.8,14636.7,12460,76984.8,14217.1,0,10.8583
18695.9,17700,69223.5,6413.94,5760,72976.4,45060.6,87.15,10.8583
39666.4,27004,96266.5,27959.9,19685,93085,25609.7,144.42,10.865
7519.44,7458,66075.9,3268.2,3186,67226.9,8455.2,95.45,10.8661
14301.8,12572,74553,5967,5292,73895.2,33069.7,23.24,10.8672
17805.8,17371,67176.4,6965.4,6783,67298.3,12528.4,54.78,10.8683
14769.6,14600,66297.3,5750.94,5617,67098.7,11620.4,44.82,10.8695
5956.12,6077,64232.4,2517.06,2509,65746.5,13994,4.15,10.8695
23822.4,18956,82360.6,13020.5,10492,81330,5832.06,136.12,10.8706
18510.3,16768,72345.5,5265.78,4512,76484.5,40185.6,43.16,10.8739
13446.3,12147,72546.2,7452.9,6695,72954.9,10278.1,48.97,10.8739
10293.8,9589,70353.2,7650.24,6949,72149.4,38415,7.47,10.875
11140.4,10696,68259.1,5644.08,5381,68740.1,8353.02,33.2,10.8773
12196.5,11340,70485.8,5525.52,4940,73303.8,12079.9,42.33,10.8784
14856.6,14329,67949.3,6514.56,6324,67510.8,22489.7,73.87,10.8784
23689.2,22492,69024.2,11244.5,10876,67756.4,9048,68.89,10.8829
12739.8,12509,66745.2,4033.38,3968,66615.8,9249.24,-20.75,10.8829
13374.9,12883,68038.4,5428.02,5239,67900.5,10236.7,46.48,10.8829
15915.4,14964,69702.7,5250.96,4888,70402.4,8239.14,12.45,10.884
6411.72,6404,65615,2512.38,2472,66606.5,6321.12,-17.43,10.884
33105.1,24269,89397.1,24495.9,19277,83278.7,5924.88,96.28,10.8862
6245.8,6287,65106.5,2131.74,2123,65805.8,17159.2,-34.03,10.8884
16769.5,13964,78702.7,11043.2,9628,75169.3,16688.1,4.98,10.8907
15631.8,15236,67238.7,5496.66,5332,67559.9,28133,-13.28,10.8918
7045.48,6944,66493.8,3349.32,3220,68168,6076.98,-35.69,10.8929
20426.5,19492,68678,6285.24,5860,70291.7,6872.58,12.45,10.8929
10477.4,9556,71855.3,5175.3,4636,73159.7,6614.4,39.01,10.8929
17363.8,16494,68992,11079.1,10302,70479.6,14864.5,58.1,10.8929
16067,15385,68441.3,4953.78,4628,70149.3,7903.74,24.9,10.894
12463,11796,69241.9,8163.48,7780,68766.3,27034.8,-27.39,10.9019
11552.5,11277,67137.2,3878.16,3760,67595.5,17999.3,49.8,10.9019
8701.28,8605,66269.3,3654.3,3565,67177.6,5849.22,72.21,10.903
72896.7,50642,94335.9,33621.9,21074,104558,5842.2,177.62,10.9041
15866.4,14874,69908.8,9052.68,8334,71187.5,20928.2,48.97,10.9063
7727.52,7748,65362.8,3736.2,3636,67342,9791.34,-22.41,10.9074
9149.4,9153,65510.2,3198,3153,66471.3,14143.7,29.88,10.9086
16223.4,15708,67686.5,7013.76,6780,67795.5,11413.7,-7.47,10.9097
12238,11856,67647.4,6906.9,6592,68666.7,24026.3,81.34,10.9108
16232.3,15916,66838.3,6889.74,6632,68082.9,14440.9,25.73,10.9108
20594.5,16778,80443.4,14697.5,12878,74795.6,41512.4,68.89,10.9119
11350.6,11221,66292.7,3626.22,3545,67037.5,9845.94,-24.07,10.913
15164,14649,67840,5306.34,5140,67656.9,5729.1,-1.66,10.9153
13935.9,13877,65814.3,4290.78,4209,66809.4,15094.6,-9.96,10.9197
8589.76,8582,65595.3,2605.2,2578,66227.5,31420.7,30.71,10.9208
36066.5,25443,92900,30863,22807,88685.1,54912.8,185.92,10.922
11740.2,11313,68010.8,6079.32,5865,67930.8,7639.32,-5.81,10.9253
7687.4,7750,65006.6,3285.36,3190,67495.1,8241.48,42.33,10.9276
14293.6,13252,70687.1,6716.58,6056,72684.6,39713.7,34.03,10.9287
9016.12,9073,65125.2,3451.5,3413,66275.3,19952.4,31.54,10.9287
6285.24,6326,65113.7,2889.12,2850,66435.6,13868.4,12.45,10.9287
11727.3,11449,67128.9,6012.24,5849,67365,38727.8,86.32,10.9298
14199.8,12815,72617.7,8630.7,7659,73850.6,15730.3,-12.45,10.932
14732.2,14230,67848.9,6986.46,6706,68276.9,8643.18,22.41,10.9331
10878,10833,65808,3406.26,3301,67625.8,21664.5,8.3,10.9331
14071.9,13725,67192.5,4894.5,4729,67829.5,17053.1,9.96,10.9354
15323.1,13345,75250.4,8521.5,7629,73202.9,22407.1,0,10.9376
15979.3,14974,69935.9,6410.82,5801,72425.4,6623.76,19.92,10.941
12653.4,12469,66505.4,4970.16,4837,67340.2,20842.4,9.96,10.9454
12061.2,11261,70192.7,4595.76,4272,70502.7,16110.1,4.15,10.9477
11392,11225,66511.2,6613.62,6244,69415.5,15541.5,52.29,10.951
16955.1,16073,69132.8,8062.86,7364,71755.5,27935.7,15.77,10.9521
18755.1,17892,68697.4,7856.16,7260,70917.5,29675.1,28.22,10.9532
18239.6,17760,67305.9,3567.72,3424,68286.8,9461.4,67.23,10.9544
22744,18102,82341.6,20169.2,17462,75696.4,27733.7,143.59,10.9544
13892.4,13604,66925.3,4421.04,4340,66759.7,10014.4,-19.92,10.9544
8853.6,8775,66123,3512.34,3431,67089.7,6834.36,70.55,10.9577
14475.8,13660,69450.1,7639.32,7228,69265.4,9290.58,101.26,10.96
20391.8,18582,71919,11366.2,10226,72843,9922.38,53.12,10.9611
9747.8,9599,66551.9,4049.76,3947,67242.2,7613.58,-23.24,10.9622
20563.2,18565,72589.8,14410.5,13253,71259.8,48621.3,15.77,10.9678
10983.4,10577,68053.8,4482.66,4377,67118,13250.6,-3.32,10.9678
25534,21391,78229,9623.64,8146,77423.9,28780.4,58.1,10.9678
23151.3,21897,69290,8428.68,7924,69710,22921.9,4.15,10.9689
13757.1,11688,77137.6,8850.66,7816,74211.5,26935.7,47.31,10.97
21794.7,17597,81169.3,11831,10061,77065.8,17572.6,45.65,10.9711
13927.1,13489,67664.4,5150.34,4997,67547.1,7420.92,-2.49,10.9711
15568.6,13523,75449.5,10260.1,9175,73286.9,33082.9,75.53,10.9711
8654.36,8568,66196.6,4006.08,3909,67163.6,19380.7,28.22,10.9722
11459.4,10924,68747.8,6442.8,6193,68179.5,33451.1,50.63,10.9756
13083.2,12361,69365,7030.14,6557,70265,34011.1,10.79,10.9778
11922.4,11387,68617.6,7028.58,6779,67948.8,8193.9,34.03,10.9778
24150.9,19358,81762.2,14009.6,11342,80949.7,31914.5,30.71,10.9778
41369.8,32037,84627.6,33380.9,26065,83930.5,68165.8,83,10.9823
15791.6,15225,67975.1,8722.74,8354,68428.7,12845.8,97.11,10.9845
13952.9,13791,66305.5,3996.72,3887,67385.9,19427.5,56.44,10.9856
13805.4,13309,67980.2,8213.4,7789,69106.9,8487.18,57.27,10.9868
12804.4,12461,67342,5431.92,5264,67626.6,36031.3,-9.96,10.9901
15407.4,13041,77428.3,9210.24,8181,73781,20223.1,0,10.9912
8327.96,8364,65253.6,1765.14,1729,66905.9,17095.3,46.48,10.9946
16420,15788,68159.3,5734.56,5484,68530.3,6929.52,35.69,10.9946
11972.8,11975,65523.7,6223.62,6007,67899.3,13125.1,-7.47,10.9968
12170.6,10858,73458.7,7969.26,7082,73746.6,32231.2,73.04,10.9968
18295.4,17228,69596.4,7773.48,7432,68547.2,8190.78,78.85,10.9979
6593.96,6659,64895.9,2815.8,2547,72452.4,22063.9,57.27,10.9979
9887.88,9900,65455.8,3609.06,3537,66871.2,9105.72,-5.81,10.9991
12479.4,10848,75391.5,8707.92,7796,73201.9,9851.4,-4.15,10.9991
18541.6,16309,74507.3,9019.14,7933,74508.8,20605.3,64.74,11.0002
22153,19468,74574.8,14254.5,12984,71948.8,28337.4,68.89,11.0013
13187.2,12877,67114.9,6037.98,5901,67057.3,28069.9,-68.89,11.0024
19019.6,18042,69087,13444.9,12510,70433.4,11325.6,53.95,11.0035
50683.8,28399,116962,29112.7,19999,95401.3,6213.48,103.75,11.0058
6338.28,6357,65343,1457.04,1377,69345.4,6594.9,-16.6,11.0069
16163.6,14567,72719,9790.56,8611,74513.3,22798.6,0,11.0069
10945.3,9760,73494.9,8492.64,7472,74487.9,12770.9,-17.43,11.0102
12053,11884,66468,5233.8,5096,67308.1,5620.68,14.94,11.0102
8510.88,8432,66149.1,2969.46,2932,66373.3,15376.1,12.45,11.0113
12378.7,12375,65555.7,2145.78,2116,66458.3,16453.3,-10.79,11.0136
30573.5,25457,78707.8,19852.6,17217,75568.2,20571.7,151.06,11.0158
13765.2,13685,65920.3,6208.8,5921,68721.5,6003.66,37.35,11.0192
11660.6,11427,66876,5151.12,4851,69590.6,6211.14,29.88,11.0203
11477,11098,67774.3,5959.98,5722,68261.7,18241.1,92.96,11.0214
16995.9,13864,80340.8,12409,10508,77392.2,7173.66,25.73,11.0214
12004,10677,73681.4,6966.96,6209,73536.3,18668.5,-23.24,11.0225
26475.8,22177,78239.5,12999.5,11169,76276.6,45800,43.16,11.0236
27642.7,25318,71553.5,13435.5,12514,70361.9,7772.7,33.2,11.0248
17123.1,16332,68710.4,11427.8,10892,68759.7,10122.1,42.33,11.0259
15952.8,15037,69527.3,7347.6,7117,67659.4,35012.6,38.18,11.0281
28627.3,23644,79348.7,24957.7,20545,79611.8,69420,107.07,11.0281
36807,30141,80030.1,23177.7,19741,76945.1,25956.8,70.55,11.0303
12017,11752,67013.6,4357.08,4261,67013.8,9437.22,43.99,11.0315
15207.5,14580,68356.7,9133.8,8608,69539.1,32359.9,34.03,11.0315
7162.44,7036,66713.7,3885.18,3784,67288.4,21858.7,53.95,11.0337
17140.8,16658,67435.3,5626.92,5526,66732.9,5586.36,53.12,11.0348
10194.6,9717,68756.9,6924.84,6689,67846.7,15649.9,63.08,11.0359
20249.7,10461,126860,11598.6,6880,110483,11396.6,107.07,11.0359
21927.3,20764,69207.6,7920.9,7464,69547.7,12020.6,-17.43,11.037
5165.28,5225,64786.9,1237.08,1252,64755,8453.64,8.3,11.0404
8697.88,8576,66467.4,2602.86,2560,66633.2,12309.2,25.73,11.0404
14701.6,12648,76176.8,7992.66,7020,74616.4,30799.9,67.23,11.0426
13380.4,12713,68976.3,6127.68,5700,70453.3,21237.8,18.26,11.0437
12461.7,12081,67601.1,4424.94,4273,67866.3,15025.1,56.44,11.0449
12920,12545,67495,5175.3,5041,67282,18293.3,97.11,11.0449
16641.6,13820,78916.5,14272.4,12449,75135.2,34199.9,96.28,11.0471
11506.3,11280,66850.7,4353.18,4288,66532.2,8631.48,4.98,11.0471
10610.7,10440,66607.7,3967.86,3868,67227.9,14844.2,88.81,11.0493
15158.6,14500,68512.5,8633.82,8176,69205.7,27446.6,-4.98,11.0516
12813.2,12050,69687,5500.56,5026,71724,13512.7,69.72,11.0538
15981.4,11707,89463.9,13367.6,10603,82624,35993.9,85.49,11.056
19232.4,18525,68038.7,6424.08,6233,67545.1,8695.44,28.22,11.0571
14953.2,13547,72338.7,7966.92,7227,72245.8,30051.1,51.46,11.0583
14863.4,14277,68228,6794.58,6517,68327.4,16168.6,61.42,11.0583
17712,9981,116298,7470.06,3913,125111,7803.12,-0.83,11.0594
12575.2,12221,67435.6,5489.64,5321,67613,7959.9,11.62,11.0594
15367.3,14963,67306.9,8227.44,7859,68608.4,13051.7,14.11,11.0605
27982,17504,104766,10114.3,6196,106980,6963.06,130.31,11.0627
14312.6,13916,67403.9,5613.66,5413,67965.4,11236.7,24.07,11.0639
11588.6,11419,66509.1,4091.88,4011,66857.5,21964.8,9.96,11.065
13006.4,12835,66411,4481.88,4387,66953.4,22614.5,82.17,11.0661
11186,9919,73907.2,8840.52,7663,75606.5,28937.2,19.09,11.0672
22564.4,21009,70388.1,11632.1,10965,69523.4,13557.2,37.35,11.0683
13697.2,13251,67743,6718.14,6375,69063.5,21626.3,21.58,11.0706
15122.5,14188,69852.7,6347.64,5756,72272.2,55802.8,102.92,11.0717
29102,27081,70426.7,20395.4,18925,70628,13308.4,74.7,11.0717
73328.5,47645,100864,56666.2,36653,101320,48029.3,281.37,11.0739
11478.4,10833,69440.5,7124.52,6693,69761.3,18044.5,-16.6,11.0761
12897.6,12525,67485.4,5509.14,5353,67447.6,11107.2,46.48,11.0761
7634.36,7641,65479.1,2698.02,2644,66875,23054.5,12.45,11.0784
18811.5,18125,68018.3,7378.8,7037,68719.2,31132.1,31.54,11.0784
13996.4,13647,67214.1,4722.12,4555,67940.5,6605.04,77.19,11.084
12572.5,12120,67982.9,6355.44,6085,68448.7,20173.1,-4.15,11.084
20019.9,18837,69651.4,10755.4,9733,72420.3,30408.3,33.2,11.0851
8672.04,8177,69503.6,4942.86,4545,71272.9,25667.5,14.11,11.0884
8287.16,8201,66224.5,3648.06,3556,67232.6,11120.5,80.51,11.0884
38913,23465,108681,29659.5,19556,99394.8,37780.1,126.16,11.0884
9769.56,9588,66777,4421.82,4256,68089.4,23783.8,37.35,11.0884
11229.5,10949,67215.1,5764.98,5585,67647.9,16362.1,-12.45,11.0884
12067.3,11808,66975,5047.38,4932,67069.2,15252.9,29.05,11.0895
29014.9,26873,70759.6,12423.1,11609,70131.6,35979.8,152.72,11.0907
25734.6,23325,72306.2,14561,13200,72293.4,73771.6,50.63,11.0907
11759.9,11641,66205.5,3921.06,3844,66849.8,28041.8,19.09,11.0907
11885,11204,69519.6,6975.54,6632,68930.8,7658.82,1.66,11.0918
15558.4,15118,67445.1,6647.94,6458,67463.5,5899.14,-39.01,11.0918
8882.84,8812,66062.8,3941.34,3852,67056,27698.6,-17.43,11.0951
14462.9,13688,69246.2,7513.74,7208,68315.8,15473.6,19.09,11.0951
11211.8,10125,72570.8,8220.42,7437,72439.6,33478.4,15.77,11.0974
12265.2,12056,66673,4104.36,4012,67044.7,14682.7,24.07,11.0974
12018.3,10804,72902,7555.86,6756,73295,29197,8.3,11.0974
19434.4,18488,68890.8,8506.68,8145,68446.1,20063.9,48.14,11.0985
8550.32,8430,66471.4,2914.08,2830,67483.1,18895.5,65.57,11.0985
13260,12666,68609.5,7285.98,7086,67385.5,5676.06,9.96,11.1018
7055.68,7028,65794.1,3098.16,3060,66353.3,12432.4,-14.94,11.1018
8276.28,8238,65840.5,3729.96,3658,66825.2,9409.92,26.56,11.1018
25468.7,20380,81899.8,8841.3,6696,86532.8,15397.2,73.04,11.103
11009.2,10910,66131.9,4753.32,4650,66992.2,11444.2,4.15,11.103
9020.88,8976,65863.7,3853.2,3820,66105.6,22808.8,27.39,11.1063
12246.1,10658,75301.4,11586.1,10230,74223.7,18262.1,55.61,11.1074
15856.9,15152,68584.9,8182.98,7796,68789.1,16735.7,36.52,11.113
11574.3,11465,66160.7,5396.04,5209,67889.2,13670.3,0.83,11.113
7380.72,7417,65215.4,4066.92,3981,66950.4,12468.3,19.92,11.1141
17798.3,15288,76297.1,10558.1,8437,82011.9,7370.22,50.63,11.1164
28366.2,23216,80074.4,14109.4,12092,76470,36449.4,70.55,11.1175
16443.1,15584,69148.7,8114.34,7760,68528.5,13571.2,57.27,11.1186
11692.6,11541,66396.9,5865.6,5533,69475.5,8043.36,14.94,11.1186
8523.8,8418,66359.7,2905.5,2918,65255.3,5569.98,-47.31,11.1197
11560.7,11416,66366.6,3791.58,3720,66797,20895.4,-3.32,11.1208
15680.8,15201,67604.6,7254.78,6929,68617.3,18138.1,54.78,11.1208
16975.5,14449,76995.5,10117.4,8617,76947,13550.9,9.96,11.1231
18895.2,17959,68952.2,8819.46,8343,69278.7,23608.3,96.28,11.1264
19174.6,18538,67786.7,8231.34,7822,68965.6,11696.9,-1.66,11.1264
13173.6,11540,74813.5,10696.1,9632,72776.4,7607.34,-6.64,11.1309
9690.68,9456,67162.5,4699.5,4536,67898.2,18255.9,-38.18,11.132
14184.8,13921,66777.9,4939.74,4789,67598.8,16043,-1.66,11.132
14040,13181,69806.8,9004.32,8464,69719.6,20778.4,-13.28,11.1342
12725.5,11645,71617,8388.9,7680,71585.3,29442.7,58.1,11.1354
12136,11928,66678.6,5339.1,5160,67810.7,19283.2,29.05,11.1365
25619.7,18510,90708.3,21817.4,16030,89196.7,13689,137.78,11.1376
22134.7,20958,69215.5,8556.6,8286,67676.2,18973.5,5.81,11.1398
7800.96,7781,65704.1,3370.38,3305,66832.4,33445.6,46.48,11.1398
14632.2,13731,69837.5,9093.24,8471,70350,30261.7,51.46,11.1421
12522.2,12261,66932.1,4905.42,4769,67410.7,8576.88,44.82,11.1421
15629.1,14284,71707.5,7841.34,7128,72094.6,8717.28,-24.9,11.1432
7020.32,7069,65084.7,3017.04,3017,65536.9,8952.84,27.39,11.1432
28497.4,22270,83862.1,18510.2,15038,80667.9,35453.3,53.95,11.1443
8709.44,8665,65872.1,3999.06,3945,66434.1,10985.5,-7.47,11.1443
14356.8,13401,70210.4,7273.5,6633,71864.3,55538.3,33.2,11.1465
10119.1,10029,66124.6,3883.62,3821,66610,10522.2,29.05,11.1476
6596.68,6536,66144.4,3077.1,2977,67739.6,18504.7,9.96,11.1476
16159.5,15672,67574.7,6658.86,6376,68443.4,16364.4,33.2,11.1488
12622.2,12291,67301.8,5644.08,5431,68107.2,7292.22,4.98,11.1488
13978.1,13272,69022.6,9285.9,8625,70557.8,32328.7,78.02,11.1488
53120.9,40268,86454.1,46616.7,37256,82002.1,5601.96,153.55,11.1499
31301.8,22409,91543.2,19391.6,14301,88864.2,50801.4,122.84,11.1499
35426.6,17755,130764,18085.9,9455,125360,34954.1,100.43,11.151
21141.9,20075,69018.9,9022.26,8491,69636.4,18260.6,15.77,11.151
13985.6,13597,67408.8,4916.34,4669,69007.8,22489,12.45,11.1532
9156.88,8816,68070,4708.08,4520,68263,8529.3,-0.83,11.1543
22276.8,20560,71008.4,8897.46,8184,71249.3,48696.2,33.2,11.1543
13357.9,12797,68408.6,6094.14,5897,67726.9,12283.4,42.33,11.1555
16691.3,13192,82919.9,16848.8,13665,80805.1,11962.9,7.47,11.1577
15778,15271,67712,5786.04,5603,67676.9,22810.3,0,11.1644
8818.92,8717,66302.3,4408.56,4288,67378.6,29735.9,13.28,11.1644
14813.1,14267,68044.6,6933.42,6715,67667.7,13088.4,56.44,11.1655
27102.8,21905,81086.8,22915.6,17793,84403.9,26433.4,107.9,11.1678
25680.2,16862,99808.9,25405.4,17854,93254.6,49530.8,78.02,11.1678
23314.5,20133,75892.2,9547.98,8257,75782.5,44130.8,16.6,11.1689
8871.96,8471,68638,7821.84,7603,67422.3,11739.8,-24.07,11.17
15969.8,14800,70716,8292.96,7480,72658.8,12395.8,36.52,11.1711
18185.9,16556,71987.9,7602.66,6776,73531.3,22194.1,14.94,11.1711
15343.5,15228,66033.2,3853.2,3816,66174.9,19115.5,-4.98,11.1711
12222.3,12240,65441.3,4846.14,4792,66276.4,16536,1.66,11.1711
6666.04,6793,64311.1,3311.88,3268,66416,7112.04,-24.07,11.1733
15309.5,14762,67966.7,6013.02,5690,69256.5,11327.9,17.43,11.1733
9898.76,9211,70429.4,7947.42,7439,70015.1,30548.7,14.11,11.1733
29306.6,23385,82131.3,21239.4,17129,81262.5,15536,169.32,11.1745
7938.32,7825,66485.1,3756.48,3661,67245.2,9241.44,-4.15,11.1745
7738.4,7866,64472.9,2755.74,2749,65696.7,5761.08,-36.52,11.1778
14025.7,13873,66257.3,6016.92,5881,67050.6,8560.5,43.99,11.1789
8400.04,8335,66047.4,4166.76,4092,66733.3,12214,19.09,11.1823
25506.8,20360,82102.8,16503.2,13720,78830.6,40492.9,123.67,11.1845
32871.9,25724,83746.4,20890,17628,77663.1,6671.34,65.57,11.1845
12112.2,11812,67201.4,7016.88,6624,69423,27274.3,65.57,11.1856
19061.8,17449,71593.3,11576,10713,70815.2,49799.9,112.88,11.1867
11434.2,10689,70105,9685.26,8601,73797.6,40765.1,8.3,11.1879
9620.64,8354,75472.6,8274.24,7398,73298.3,28438.8,-4.98,11.1901
13455.2,13268,66460.5,4935.84,4848,66723.4,8692.32,-31.54,11.1912
11118,11039,66005,5905.38,5647,68534.6,29464.5,59.76,11.1912
12327.7,12037,67118.8,7208.76,6709,70417.8,8602.62,29.88,11.1912
14440.5,14100,67118.5,5703.36,5508,67860.5,39811.2,19.09,11.1935
11082,10692,67926.2,5598.06,5396,67990.1,20191.9,33.2,11.1935
9288.8,9323,65295.6,2771.34,2751,66020.6,11910.6,-9.96,11.1946
17440,15085,75767,10285.1,9145,73706.2,21662.9,9.13,11.1957
8179.72,8149,65783.1,3671.46,3605,66744.2,10072.1,36.52,11.1968
21008.6,20212,68118.9,7644,7312,68511.6,6005.22,74.7,11.2002
70569,40065,115433,60971,38773,103056,69067.4,147.74,11.2013
15415.6,15293,66061.4,8548.8,8336,67209,7025.46,-29.88,11.2013
10153.1,9737,68336.5,6954.48,6281,72563.1,7031.7,10.79,11.2024
6372.96,6390,65361.2,2829.06,2790,66453.5,10037.8,-21.58,11.2035
28254,17926,103294,29969.2,20898,93983.1,65840.6,195.05,11.2035
18821.7,17453,70675.5,9249.24,8329,72776.8,14115.7,74.7,11.2069
7314.08,7356,65162.5,3478.02,3432,66414.8,33566.5,8.3,11.2069
21615.8,16907,83788.7,17653.7,13983,82740.1,64607.4,55.61,11.2069
24480.7,22988,69791.5,13153.1,12204,70632.9,26898.3,72.21,11.2091
7939,7692,67640.4,3972.54,3820,68153,7232.94,42.33,11.2091
47100.9,34884,88487.7,26524.7,19432,89456.6,9870.12,104.58,11.2147
13942.7,12496,73123.4,6683.04,6120,71565.3,11658.7,-46.48,11.2158
18702,18024,68001.4,7112.82,6920,67362.1,8033.22,1.66,11.2169
17783.4,17390,67018.4,5217.42,5134,66600.9,16323.8,68.89,11.2169
10757.6,9673,72884.3,7954.44,7202,72383,58389.2,5.81,11.218
18248.5,17480,68417.2,8636.94,8344,67836.8,18547.6,68.06,11.218
11171.7,10898,67182,5580.12,5397,67759.6,35837.1,7.47,11.2191
18691.8,17979,68134.4,6204.9,6015,67605,14430,34.03,11.2191
14159.6,13834,67078.7,5098.08,4970,67224.9,6461.52,18.26,11.2203
8051.88,8021,65788.3,3506.88,3393,67735.6,20631.8,6.64,11.2225
9442.48,9388,65916.3,3184.74,3112,67067.8,11622,-8.3,11.2236
11823.8,9248,83789.7,14820,12352,78630.5,53924.5,77.19,11.2259
11360.8,11167,66673.1,5271.24,5131,67327.2,16132,-3.32,11.2259
13334.8,13025,67094.8,4823.52,4721,66959.2,12675,35.69,11.2303
13756.4,13253,68025.3,5347.68,5141,68170.7,30077.6,13.28,11.2314
16613.8,16110,67585.3,6685.38,6554,66849.7,10049.5,92.96,11.2326
15593.8,13840,73840.5,7655.7,6824,73523.4,19567.9,-40.67,11.2348
32495.8,24276,87726.5,19197.4,15392,81738.4,37060.1,88.81,11.2359
23815.6,22622,68994,9315.54,8906,68549.7,9675.12,32.37,11.2381
18077.8,17046,69502.9,8888.1,8502,68512.2,6792.24,49.8,11.2381
10087.1,9893,66821.9,3818.88,3713,67404.8,8080.8,46.48,11.2393
14292.2,13961,67090.9,5166.72,5049,67064,5577.78,50.63,11.2404
12508.6,12259,66870.4,6296.16,5895,69995.8,16291.9,-7.47,11.2404
8720.32,8537,66943.3,4261.14,4121,67764.6,12583,29.05,11.2404
27285,23637,75650.5,14089.1,12625,73136.3,16183.4,59.76,11.2415
7123,7138,65398.3,2574,2578,65434.3,19105.3,-25.73,11.2426
11913.6,11648,67030.4,4219.02,4052,68237.3,5951.4,-0.83,11.2437
15652.2,14741,69587.2,8104.2,7717,68824.3,20556.1,13.28,11.2437
12184.9,11913,67031.9,3772.08,3693,66939.4,7038.72,2.49,11.246
5911.92,5908,65579.5,2279.94,2244,66585.6,16303.6,-2.49,11.2482
41626.9,35306,77269,29782,23582,82766.1,45152.6,86.32,11.2482
13040.4,12756,66996.9,4226.04,4108,67419.1,18581.9,-3.32,11.2482
9213.32,8497,71060.9,4806.36,4453,70736.5,16523.5,47.31,11.2504
17263.2,17048,66363.1,4697.94,4588,67106.4,20233.2,48.97,11.2515
11133,10578,68974.3,6419.4,5906,71233,16161.6,74.7,11.2527
22340,19141,76489.1,14318.5,12373,75840.5,11483.9,128.65,11.2538
16875.6,15736,70281.9,10028.5,9404,69887.8,37258.3,29.05,11.2549
23381.8,21690,70647.8,12037,11418,69088.6,29454.4,31.54,11.2594
8388.48,7553,72785.3,4251.78,3897,71502.4,18902.5,14.94,11.2605
13851.6,11917,76175.1,9215.7,8176,73869.9,12715.6,53.95,11.2616
12238.6,10808,74210.9,8566.74,7493,74927.2,7052.76,28.22,11.2616
15063.4,13187,74861,8896.68,8083,72133.2,40999.9,68.06,11.2616
10809.3,10286,68870,8277.36,7822,69351.2,13998.7,-31.54,11.2683
16197.6,15708,67578.7,6048.9,5880,67418.5,11018.3,-10.79,11.2694
10215.6,9600,69738.8,6151.86,5844,68988.4,7477.08,2.49,11.2705
13362,13053,67087.4,5222.1,5081,67355.9,6745.44,27.39,11.2717
14570.4,13661,69898.5,8569.86,7872,71345.8,24587.2,66.4,11.2761
23409.7,17441,87963.8,14153.1,11301,82075.7,44084,18.26,11.2806
17720.1,17302,67119.8,5888.22,5718,67487,15529.8,24.9,11.2817
12776.5,12437,67325.1,4970.94,4829,67462.3,14907.4,30.71,11.2828
13965.2,12281,74523.3,6833.58,6173,72549.1,38998.4,56.44,11.2839
8015.16,7969,65915.6,3918.72,3861,66515.7,7172.88,-34.86,11.2839
14491.5,14133,67198.3,5147.22,5025,67130,20111.5,29.88,11.2839
13267.5,12916,67319.4,6062.16,5776,68782.8,19084.3,14.11,11.2851
13693.8,12544,71543.3,6083.22,5440,73284.9,16433.8,26.56,11.2851
10712,10629,66048,3717.48,3681,66185.5,8310.9,12.45,11.2851
20829.8,18737,72855.8,8465.34,7661,72416.7,33518.2,78.02,11.2873
14571,14248,67021.9,4952.22,4812,67445.7,6491.94,1.66,11.2873
24478.6,20151,79610.5,15575,13063,78138.7,12009.7,88.81,11.2873
11530.1,11160,67709.3,7873.32,7601,67883.9,6691.62,28.22,11.2884
18800,16673,73896.4,8680.62,7729,73605,22043.6,25.73,11.2895
18343,17467,68822.8,9253.92,8939,67844.8,42831.4,-27.39,11.2906
19553.4,18045,71014.2,13873.1,12713,71516.3,24696.4,66.4,11.2918
11497.4,11248,66989.4,5699.46,5632,66321,6149.52,29.05,11.2918
29284.9,21924,87539.4,22988.9,17688,85176.6,9221.94,37.35,11.294
14209.3,14013,66454,4534.14,4448,66805.2,9253.92,-50.63,11.2951
6453.2,6424,65833.9,2566.98,2540,66232.1,7144.02,-1.66,11.2951
8449.68,8457,65479.3,2642.64,2628,65901.1,11469.9,6.64,11.2962
13902.6,11457,79525.3,10420.8,8629,79144.5,24493.6,5.81,11.2974
13268.8,13087,66446.6,4986.54,4959,65900,30905.9,33.2,11.2996
14994,13188,74510.7,10522.2,9432,73111,43963.1,65.57,11.3018
11188.7,10712,68452.6,6129.24,5829,68911.6,6570.72,25.73,11.3041
11907.5,11748,66425.7,5135.52,4996,67366.2,22875.8,77.19,11.3052
20576.8,15621,86327.5,18631.1,16477,74103.7,65936.5,82.17,11.3063
17644.6,14578,79322.2,12766.3,11158,74982,16995.4,58.1,11.3063
8104.24,8116,65441,3258.06,3216,66393.1,19322.9,-3.32,11.3063
23286.6,19183,79555.4,15881.6,13279,78380.5,47714.2,87.15,11.3096
8217.8,8241,65351.5,2616.9,2593,66140,10565.9,36.52,11.3096
13265.4,12362,70325.5,5470.14,5034,71214,17365.9,7.47,11.3096
26203.8,22554,76141.4,14758.4,12286,78724.2,41621.6,90.47,11.3119
5542,5593,64938.4,3006.12,2916,67561.4,13902.7,-9.96,11.3152
13476.2,13220,66806.3,5851.56,5660,67754,16940.8,16.6,11.3152
8038.96,7980,66020.2,3751.8,3672,66960.2,6723.6,21.58,11.3163
8907.32,8350,69910.2,5487.3,5242,68602.8,22707.4,-62.25,11.3175
17314.2,16864,67285.4,6279,6092,67547.7,8926.32,-31.54,11.3175
30452.4,22523,88608.6,19704.4,15023,85957.9,9092.46,9.13,11.3175
9585.96,9444,66521.1,4841.46,4708,67393.8,10689.9,8.3,11.3197
12405.2,12220,66529.4,5324.28,5137,67925.3,8225.88,-17.43,11.3197
13666.6,11862,75506.4,8909.94,7926,73671.7,5817.24,-14.11,11.3197
11050,10299,70314.9,9302.28,8239,73993.7,34151.5,-16.6,11.3208
11611.7,11660,65264.4,3002.22,2940,66923,20297.9,14.94,11.3242
15157.2,14793,67149.5,4566.9,4409,67883.1,22459.3,26.56,11.3242
24818.6,19595,83006.6,21746.4,18623,76527.5,7887.36,95.45,11.3253
14552.7,14409,66189.5,5012.28,4905,66969.4,5768.88,22.41,11.332
9336.4,9140,66944.2,6793.8,6412,69438.3,12508.9,40.67,11.3342
6645.64,6726,64753,2603.64,2518,67765,26814.8,11.62,11.3342
15404.7,15108,66823.1,6047.34,5908,67081.7,37011,11.62,11.3353
14403.8,13751,68647,7562.1,7111,69693.4,26226.7,86.32,11.3365
13752.3,13345,67536.3,5100.42,4869,68650.9,13258.4,12.45,11.3387
21495.5,20253,69556.5,11427,10953,68372.1,10206.3,51.46,11.3387
6155.36,6161,65476,3267.42,3189,67147.6,6313.32,41.5,11.3387
14166.4,13772,67413,5940.48,5740,67825,28431.8,9.13,11.3409
14999.4,14701,66866.4,7056.66,6704,68983.5,55202.9,35.69,11.3432
13295.4,13057,66732.4,6083.22,5905,67513.9,10048.7,15.77,11.3432
11150,10368,70478.8,5677.62,5236,71063.5,6757.14,49.8,11.3454
6385.2,6432,65059.2,3095.82,3016,67270.4,6037.98,31.54,11.3476
15793,13374,77389.7,13032.2,11273,75763.4,14763.8,79.68,11.3487
12904.4,12705,66564.4,6284.46,6113,67374.2,8967.66,-10.79,11.3499
20121.2,18869,69885.2,12537.7,11861,69275.1,12082.2,56.44,11.3521
18710.9,18349,66828.5,9104.16,8825,67609.1,14011.1,-39.01,11.3521
15676,13999,73387,8750.04,7887,72707.3,21581,-12.45,11.3566
13872,13348,68108.7,6924.84,6488,69948.6,23727.6,35.69,11.3588
14787.3,14415,67228.5,6172.92,5995,67481,12851.3,35.69,11.3588
14139.2,13821,67045,5758.74,5613,67237.6,6146.4,81.34,11.361
14436.4,13835,68384.8,7374.9,6840,70661,8029.32,26.56,11.3633
12975.8,12667,67133.4,4793.1,4603,68242.6,9391.98,17.43,11.3644
15409.5,15078,66976.8,5411.64,5314,66740.2,6928.74,15.77,11.3644
11638.2,11180,68221.9,5418.66,4917,72222.3,21565.4,-19.92,11.3655
12928.8,11414,74233.8,8512.14,7205,77425.6,13107.1,43.16,11.3666
28441,24334,76596.9,13268.6,11402,76264.7,17143.6,0,11.3666
45020.1,33619,87761,33871.5,26595,83466.9,85903,175.13,11.37
15013.7,14356,68538.5,8706.36,8324,68546.4,8162.7,63.08,11.37
12341.3,12084,66931.5,4561.44,4420,67633.1,30573.7,74.7,11.3711
16081.3,15668,67264.8,6186.18,5964,67977.4,14652.3,90.47,11.3722
32152.4,17523,120250,12334.9,6787,119107,18266,99.6,11.3733
8181.08,8086,66306.6,3737.76,3650,67111.7,9405.24,-22.41,11.3756
10459.8,10261,66805.5,4616.04,4469,67692.3,20004.7,-18.26,11.3756
7119.6,7006,66598.6,3897.66,3774,67683.4,22503.8,-35.69,11.3767
12608.6,12196,67752.9,6224.4,6068,67225.2,8174.4,41.5,11.3778
13133.5,12841,67028.9,5193.24,5053,67354.9,15733.4,36.52,11.3778
12361.7,12061,67170,5387.46,5229,67522,6756.36,52.29,11.38
12978.5,12951,65675.1,3223.74,3063,68975.2,6354.66,-27.39,11.3811
16513.8,15837,68336.7,7175.22,6921,67943.2,9166.56,-4.98,11.3811
10954.8,9923,72350.5,7396.74,6739,71932.4,17972,48.97,11.3834
18042.4,17484,67629.2,5834.4,5580,68523.9,13988.5,-8.3,11.3845
16107.2,15644,67476.3,4572.36,4440,67489.7,6449.04,27.39,11.3856
21260.2,19199,72571.9,15944.8,14619,71479.3,21888.4,95.45,11.3867
23342.4,22053,69367.7,9796.02,9317,68905.4,14016.6,112.05,11.3878
18622.5,16577,73622.7,13981.5,12625,72577.5,28940.3,9.96,11.389
14985.8,14580,67360.2,5151.12,4996,67570.8,8810.88,47.31,11.389
11099.6,10745,67699,5834.4,5529,69156,8664.24,39.01,11.3901
15995,15481,67711.8,7160.4,6921,67802.9,15558.7,38.18,11.3901
8939.28,8297,70609.2,5412.42,5017,70701.3,13357.5,34.03,11.3923
18985.6,17257,72100.6,9611.16,8388,75092.6,18880.7,11.62,11.3923
8236.84,8116,66511.8,4190.16,4060,67637,14288.8,10.79,11.3934
8138.92,8121,65680.6,3105.18,3053,66656.1,6763.38,-4.15,11.3934
15774.6,15405,67108.5,5972.46,5776,67765.1,15074.3,-46.48,11.3946
18821,17828,69186.4,9584.64,9088,69117.4,17302.7,-3.32,11.3946
15338.1,14099,71295.6,6736.86,6007,73498.7,31037,3.32,11.3957
29666.4,27252,71342.1,14650,13284,72274.9,26736.8,23.24,11.3957
12063.9,11621,68033.6,5848.44,5569,68824.5,8403.72,38.18,11.3968
9381.28,9325,65931.5,3470.22,3424,66420.7,31014.4,13.28,11.3979
7573.16,7614,65184.5,3109.08,3102,65685.6,9946.56,24.9,11.399
10658.3,10496,66549.5,3761.16,3584,68775.5,16451.8,47.31,11.4001
14696.2,14145,68089.6,7084.74,6773,68552.4,17381.5,92.96,11.4024
42933.8,37119,75802.5,23597.3,20491,75471,49122.8,117.03,11.4024
9698.16,9629,66006.7,3638.7,3552,67135.7,29624.4,9.13,11.408
9306.48,9185,66402.8,4020.9,3937,66932.6,13515.8,32.37,11.408
15310.2,14782,67877.8,5769.66,5498,68774.2,37468.9,19.92,11.408
19624.8,18179,70748.2,11264.8,10519,70182.3,16538.3,21.58,11.4091
8098.12,8028,66108.4,2954.64,2828,68470.8,19016.4,21.58,11.4113
22774.6,21362,69869.6,14165.6,13538,68574,11887.2,45.65,11.4147
11064.3,9500,76327.2,9467.64,8328,74504.2,23900.8,24.9,11.4158
18234.9,17348,68886.4,9398.22,8964,68710.6,6378.84,57.27,11.4158
14885.2,14628,66688.3,4628.52,4468,67890.5,7896.72,70.55,11.4158
8415.68,8427,65448,3378.18,3307,66946.6,17209.9,-17.43,11.418
11152.7,11144,65587,3357.12,3320,66268.7,15148.4,49.8,11.4202
13998.5,13703,66949.2,5852.34,5715,67110.9,27018.4,34.86,11.4202
16628.7,16323,66763.5,2626.26,2483,69317.2,7685.34,22.41,11.4236
17502.5,16657,68862.6,7885.02,7573,68236.2,32151.6,14.11,11.4247
21468.3,18868,74567.8,12146.9,10928,72846.1,46409.2,83,11.4258
12295.1,11833,68095.2,6639.36,6404,67944.6,12557.2,41.5,11.427
26343.2,17233,100182,20708.2,15153,89562.1,43044.3,83.83,11.4325
15412.9,15037,67174.2,6157.32,6025,66975.3,33827.8,18.26,11.437
7401.12,7456,65053.6,2604.42,2560,66673.1,6402.24,19.92,11.4415
17402.6,15492,73618.3,9016.02,7868,75098.4,26871.8,28.22,11.4415
10326.5,9877,68518.4,5165.16,4733,71520,8805.42,58.1,11.4415
14195.7,13581,68502.2,6359.34,6073,68626,29893.5,25.73,11.4426
19719.3,18751,68920.4,7054.32,6683,69177.3,13096.2,73.87,11.4515
20373.5,19115,69850.7,9498.06,8747,71163.2,15097.7,64.74,11.4538
12511.3,12212,67142.3,6585.54,6176,69881.8,55708.4,42.33,11.4549
12179.5,11975,66655.1,4539.6,4471,66541.5,13017.4,4.98,11.456
13944.8,13448,67956.9,6035.64,5841,67719.9,39488.3,44.82,11.4571
13934.6,12744,71658.5,8906.04,8088,72164.5,29330.3,36.52,11.4571
10566.5,10540,65700.9,2769.78,2716,66833.7,10303,33.2,11.4571
19388.8,18756,67747.2,12058.8,11428,69153.4,17227.1,28.22,11.4582
24472.5,20071,79907.9,14744.3,12435,77706.9,22362.6,109.56,11.4593
14534.3,14013,67974.1,6347.64,6121,67962.6,15058.7,-27.39,11.4593
13859.8,13548,67044.1,6699.42,6428,68303.2,33184.3,62.25,11.4638
21944.3,20832,69035.2,7192.38,6868,68631.3,16378.4,1.66,11.4649
24832.9,22965,70866.6,11778,11109,69482.7,30039.4,22.41,11.4672
7435.8,7332,66463.8,3517.02,3428,67237.9,27124.5,-37.35,11.4672
32533.2,28085,75915.9,17362,15333,74208.4,73057.1,73.04,11.4683
46962.2,32217,95530.7,32344.3,23977,88406.1,25265.8,123.67,11.4694
7694.88,7649,65929.1,3757.26,3673,67039.4,33490.1,67.23,11.4728
16193.5,15878,66838.3,5211.18,5126,66625,23074.7,102.09,11.4739
10059.9,9817,67157.7,5637.06,5492,67267,27445.1,72.21,11.4739
14635,14340,66884,5545.02,5476,66362,16447.1,43.99,11.4761
10297.2,9857,68463,6727.5,6269,70329.1,17077.3,37.35,11.4761
10595.1,10478,66268.3,5076.24,4830,68877.1,15726.4,-14.94,11.4783
21322.8,17072,81853.8,12962,11004,77197.4,18743.4,53.12,11.4783
21343.2,16962,82463.5,14066.5,12102,76174.5,14714.7,144.42,11.4806
13054,12568,68070,5633.16,5416,68163.7,13653.1,20.75,11.4828
17248.9,15692,72038.1,13402.7,12540,70044.8,36767.6,52.29,11.4828
10238.1,8487,79057.7,9987.12,8791,74453,35926,35.69,11.4839
17403.9,15503,73571.8,10739.8,9419,74726.1,37355,-17.43,11.4839
19986.6,19141,68431.1,6988.8,6753,67824.4,8160.36,3.32,11.4839
10521,10445,66012.6,3247.92,3152,67530.4,16495.4,36.52,11.485
7286.2,7340,65055.6,2667.6,2625,66599.6,10001.9,14.11,11.4873
11354.6,10834,68685.4,7275.84,6930,68806.6,9313.98,2.49,11.4884
6770.08,6669,66529.3,4256.46,4153,67168.6,21761.2,21.58,11.4906
18222.6,17388,68681.8,9693.84,9349,67953.3,15624.2,-58.1,11.4917
12628.3,12468,66378.5,4202.64,4152,66335.3,14834.8,-27.39,11.4929
9711.08,9792,64994.4,4316.52,4288,65971.9,14118.8,-17.43,11.4929
13747.6,13301,67736.3,6135.48,5833,68934.5,13642.2,-29.05,11.494
14970.9,14233,68933.6,6901.44,6580,68737.5,20760.5,35.69,11.4962
20062,18947,69392.8,10690.7,10263,68267,17528.9,19.09,11.4962
15913.4,15132,68920,5321.94,4828,72240.8,6334.38,-9.13,11.4962
8401.4,7900,69695.5,5567.64,5228,69793.6,6615.96,18.26,11.4973
15624.4,15193,67396.7,7598.76,7181,69348.6,22642.6,45.65,11.4985
6745.6,6855,64490.1,2648.1,2615,66365.5,7834.32,29.88,11.4996
17886.7,17068,68679.6,7607.34,7352,67812.1,8870.16,-2.49,11.4996
8829.8,8838,65475.2,3791.58,3702,67121.8,6369.48,19.92,11.5052
13319.8,13156,66352.2,5176.08,5060,67039.4,15573.5,-9.96,11.5052
5408.04,5508,64346.6,2332.98,2300,66475.7,19137.3,-9.96,11.5052
16992.5,16213,68687,9998.82,9357,70031.3,24481.1,50.63,11.5074
22805.8,21781,68619.6,11037.8,10629,68056.4,11903.6,38.18,11.5074
22376.8,18731,78291.8,12912.1,10939,77357,5605.86,-6.64,11.5085
12531,12429,66074,4340.7,4285,66387.9,14986.1,-24.9,11.5085
19294.3,16745,75513.4,10149.4,8953,74293.4,5818.02,57.27,11.5096
8583.64,8592,65472.2,3376.62,3280,67466.5,17571.8,81.34,11.5107
11517.2,11401,66203.7,4380.48,4265,67310.5,10803,-0.83,11.5107
14003.2,13625,67355.3,5550.48,5437,66903.9,8868.6,14.94,11.5107
50672.2,27085,122609,31374.7,19449,105721,9749.22,91.3,11.5141
41861.5,31005,88483.6,27233.7,21245,84009.8,17918.9,56.44,11.5208
14849.8,14280,68151.2,7435.74,6904,70583.5,16519.6,43.99,11.523
36089.6,25033,94482.1,30500.3,23485,85112.6,66881.9,58.1,11.523
18080.5,17417,68032.7,6102.72,5865,68192.3,22495.2,52.29,11.5297
20934.5,19420,70646.9,11430.1,10693,70053.7,28530.1,37.35,11.5309
22989.4,21412,70364.1,11533.9,11032,68517.3,13394.2,49.8,11.532
15317.7,14840,67645.5,6516.9,6300,67792.3,12287.3,61.42,11.5342
18824.4,18021,68457.8,7460.7,7201,67899.5,6218.16,31.54,11.5353
13895.1,13515,67379.3,5382,5211,67686.6,9533.16,-24.9,11.5364
7894.8,7744,66812.2,4385.94,4276,67221,27559.7,18.26,11.5376
16039.8,14916,70473.8,9832.68,8800,73226.6,10499.6,-46.48,11.5409
20749.5,19553,69546.4,9033.18,8533,69377.5,28325.7,33.2,11.5409
12778.6,12499,67001.8,4875.78,4771,66975.3,6756.36,22.41,11.5443
19694.8,18284,70592.9,8792.94,8012,71923.9,20149,78.02,11.5443
36800.9,29019,83110.6,22703.5,18856,78908.3,13901.9,131.14,11.5454
13932.5,13006,70204.6,8268,7674,70608.8,6401.46,26.56,11.5465
5215.6,5243,65193.5,2936.7,2875,66942.5,6541.86,-25.73,11.5498
23356,18681,81936.5,16693.6,13549,80746.1,19392.4,126.16,11.5521
34926.2,22959,99696,26055.1,16591,102920,6687.72,81.34,11.5521
9481.92,9316,66703.2,4445.22,4320,67435.6,34100.8,-3.32,11.5521
19287.5,17672,71527.1,12773.3,11628,71990.9,22800.2,-52.29,11.5521
15010.3,14665,67079.2,6453.72,6313,66996.8,12405.1,42.33,11.5532
14410.6,13319,70907,8695.44,7811,72956.6,45787.6,43.16,11.5543
31747.2,22572,92175.3,19327.6,14465,87566.9,67181.4,75.53,11.5588
5911.92,5909,65568.4,2441.4,2401,66638.7,25986.5,-20.75,11.561
18589.8,16677,73052.9,13912.9,12673,71947.7,12329.5,7.47,11.5633
12348.8,11746,68899.3,5481.84,5026,71479.9,46787.5,78.02,11.5633
8673.4,8632,65850.3,3770.52,3688,67002.4,29136.1,13.28,11.5644
22556.3,17728,83384.9,14334.1,11844,79314.2,32804.5,89.64,11.5655
18936,17961,69093.4,6892.86,6493,69571.9,26039.5,52.29,11.5688
18166.9,15048,79119.1,12324,10536,76657.7,39590.5,50.63,11.5711
18494,16992,71328.9,8579.22,7672,73285.7,45949,93.79,11.5755
7369.84,7348,65730.8,2754.18,2736,65971.5,7939.62,-19.09,11.5767
21539.7,20271,69637.6,11016.7,10571,68299.3,13227.2,12.45,11.5789
15955.5,15329,68214.6,6523.92,6309,67768.5,8305.44,120.35,11.58
14382.7,13807,68268.5,7129.2,6975,66984.8,7790.64,99.6,11.5822
11887.1,11665,66783.7,4979.52,4837,67467,9285.9,46.48,11.5845
17520.9,16021,71671.5,9401.34,8453,72888.5,10194.6,2.49,11.5845
26257.5,24122,71337.9,13058.8,11310,75669.2,27908.4,0,11.5878
13201.5,12395,69800.3,7650.24,7311,68577,17582,46.48,11.5878
11490.6,11376,66196.4,3846.18,3780,66683.4,10719.5,32.37,11.5878
5837.8,5837,65545,2364.96,2349,65981.3,11061.2,12.45,11.5901
19370.5,18137,69993,9304.62,8889,68600.3,21246.4,71.38,11.5901
14394.2,13417,70309.4,7963.8,7213,72357.6,30180.5,11.62,11.5923
24301.8,19269,82653.2,13412.9,11209,78421.5,66604.2,99.6,11.5957
17279.5,15970,70909.7,11139.2,9986,73104.1,30044,11.62,11.5968
15189.8,14313,69550.8,9512.88,8777,71030.7,34011.9,13.28,11.5979
12461.7,12264,66592.4,4519.32,4408,67191.1,30200.8,20.75,11.599
10462.5,10379,66063.1,3166.02,3083,67300.8,7842.9,64.74,11.6001
14419.4,14027,67369.4,5793.84,5595,67865.1,23242.4,43.99,11.6001
11736.1,11548,66603.6,3253.38,3173,67196.2,6747.78,72.21,11.6001
19525.5,17681,72372.9,6388.2,5693,73538.9,21003.8,-62.25,11.6035
20518.3,19484,69015,9593.22,9288,67689.6,21941.4,46.48,11.6035
12007.4,10537,74681.6,8681.4,7837,72597.2,23029.5,49.8,11.6046
12392.3,11888,68316.2,7355.4,6908,69780.5,14971.3,29.05,11.6057
15235.4,14569,68533.7,6994.26,6708,68332.7,13478.4,-24.9,11.6057
10022.5,9835,66785.6,4420.26,4319,67072.5,10803.8,32.37,11.6068
12450.8,12184,66971.1,5413.2,5292,67036.9,11963.6,14.11,11.6079
14450.7,14076,67280.5,5034.12,4869,67758.5,11677.4,19.92,11.6091
26915.1,14293,123411,12073.6,6453,122618,17369,35.69,11.6102
13451.1,12521,70404.1,5920.2,5316,72984.6,8920.08,22.41,11.6102
47770.7,38041,82298,41916.4,33956,80899.8,18785.5,206.67,11.6113
13173.6,12800,67449,4664.4,4508,67809.7,12581.4,60.59,11.6113
23776.2,22779,68405,4884.36,4747,67432.4,12120.4,23.24,11.6135
12213.5,11992,66746.4,5461.56,5297,67572,16263,1.66,11.6169
15116.4,14824,66828.7,6551.22,6417,66906.8,6341.4,13.28,11.6191
15619.6,15356,66661,5733,5676,66194.1,11196.9,34.86,11.6191
10416.2,10332,66070.3,4431.18,4360,66605.9,14959.6,-17.43,11.6191
29480.7,26905,71810,14537.6,13572,70198.8,11079.1,19.09,11.6202
6966.6,7001,65214,3378.96,3389,65341.8,8365.5,22.41,11.6202
14509.2,13704,69386.5,8847.54,8124,71372.8,12941,16.6,11.6202
13498,11511,76848.7,11097.8,9767,74465.9,5893.68,11.62,11.6247
8919.56,8865,65939.4,3442.14,3361,67118.1,14781,-11.62,11.6258
35846.9,26133,89896.3,30370.1,23617,84275.5,12285.8,92.96,11.6269
11155.4,10924,66924.2,4247.88,4149,67097.9,33995.5,92.96,11.6281
17157.8,16684,67397,5047.38,4897,67548.5,8497.32,-0.83,11.6292
14897.4,14284,68350.5,7401.42,7096,68356.8,6913.14,10.79,11.6314
16624,15924,68416.7,7783.62,7520,67833.4,7120.62,17.43,11.6336
14700.9,13894,69342.1,8201.7,7862,68367.7,17018,17.43,11.6348
52082.6,39957,85423.9,32206.2,25681,82187.8,15198.3,168.49,11.6359
11108.5,10817,67302,5377.32,5233,67343.4,5665.92,33.2,11.6359
12438.6,11741,69429.6,9116.64,8793,67948.2,8699.34,0,11.637
20131.4,19009,69405.6,10757,10373,67962,8748.48,14.11,11.6381
5450.88,5433,65751.7,2939.04,2889,66671.1,5716.62,44.82,11.6403
13461.3,12855,68626.9,8025.42,7491,70211.4,9886.5,44.82,11.6426
12521.5,12341,66494.6,4541.16,4401,67623.1,12884,-2.49,11.6426
8721,8648,66089.2,2776.02,2748,66204.2,9467.64,51.46,11.6448
11957.1,11584,67646.9,5442.06,5168,69011.4,8097.96,46.48,11.6459
13759.8,13600,66306.1,2939.82,2896,66527.6,14444,-29.88,11.647
11536.9,11484,65837.8,3331.38,3272,66725.3,7278.18,45.65,11.6482
6224.72,6253,65239.6,2286.18,2256,66412.7,21457,-24.07,11.6482
10302,10100,66846.7,4776.72,4684,66833.3,9432.54,16.6,11.6482
20640,19763,68444.3,7355.4,7139,67522.5,9630.66,96.28,11.6493
12382.1,12005,67594.7,5204.94,5077,67187.5,7982.52,8.3,11.6504
17025.8,16716,66750.7,4578.6,4524,66327,26197.9,12.45,11.6515
20170.2,17765,74408.8,9258.6,7961,76218,67133,20.75,11.6537
15999,15682,66860.9,5516.94,5410,66831.5,10674.3,53.12,11.6537
20676.1,19092,70973.6,12710.9,11952,69697.1,35068.8,36.52,11.656
10074.9,10002,66013.5,3889.08,3798,67107.6,31714.8,45.65,11.6571
16817.1,16195,68053.4,6393.66,6224,67322.4,29517.5,26.56,11.6571
24138,15518,101940,21265.1,15482,90016.3,10101,118.69,11.6593
18481.7,17616,68756.7,8119.8,7736,68787.4,10693.8,39.84,11.6604
13658.5,13000,68855.6,6690.06,6360,68937.1,21783.8,41.5,11.6616
19864.8,11396,114239,7823.4,4324,118574,16153.8,60.59,11.6616
8914.12,8681,67295.9,5226.78,5049,67843.6,6310.98,-11.62,11.6627
13071.6,12769,67089.3,4758,4613,67596,14738.1,30.71,11.6638
27317,25042,71489.7,15581.3,13506,75606,7615.92,111.22,11.6672
22416.9,21549,68175.5,9658.74,9289,68144.6,5973.24,11.62,11.6672
8420.44,8229,67060.6,3927.3,3813,67500.5,8125.26,4.15,11.6672
10590.3,10405,66703.3,3962.4,3845,67537,11547.9,-19.09,11.6705
9887.2,9616,67384.3,5736.12,5564,67563.3,12185.9,-29.05,11.6716
7624.16,7593,65804.9,3619.98,3529,67225.6,6981,29.88,11.675
12882.6,12671,66630.4,5126.16,5007,67095.7,13415.2,19.09,11.6761
14296.3,13892,67443.4,7009.86,6480,70894.8,12397.3,13.28,11.6772
6179.16,6169,65643.9,2773.68,2733,66511.5,7151.04,4.15,11.6783
16348.6,15812,67759.9,7262.58,6984,68150.1,10634.5,5.81,11.6806
14368.4,14029,67121.5,5308.68,5197,66944.3,35291.1,47.31,11.6817
14790.7,14404,67295.3,5022.42,4852,67837.9,9469.2,-3.32,11.6828
13294,12896,67558.6,5133.96,4948,67999,34015,19.09,11.6839
16954.4,16188,68638.9,5906.16,5665,68325.9,14687.4,8.3,11.6861
5650.8,5549,66738.3,2609.1,2553,66976.1,6605.82,33.2,11.6873
16616.5,16076,67739.3,5695.56,5516,67669.4,23296.3,50.63,11.6895
12596.3,12164,67865.2,5508.36,5332,67703.7,9614.28,49.8,11.6895
21439,20131,69794.3,11581.4,11111,68310.8,13698.4,56.44,11.6895
21437.7,19678,71396.5,11639.9,10366,73590.1,23978,16.6,11.6906
9981.72,9776,66915.1,4064.58,3940,67608.2,11392.7,21.58,11.6906
15648.2,14337,71529.5,8044.14,7313,72088.2,17945.5,78.02,11.6917
45358,33613,88435.6,23543.5,17613,87602.8,21131,118.69,11.6917
12146.8,11976,66470.9,4171.44,4085,66922.8,14721.7,14.11,11.6928
16715.1,16154,67812.3,8731.32,8282,69091.5,12419.9,64.74,11.694
15832.4,15139,68537.9,6995.04,6435,71239.6,43032.6,61.42,11.694
8618.32,8494,66495.2,3960.84,3898,66592.5,11280.4,122.84,11.694
12665,12649,65618.9,3808.74,3796,65755.9,7619.04,5.81,11.6962
5393.08,5462,64709.1,2449.98,2390,67180.7,6491.16,75.53,11.6973
12805.8,11389,73688.5,11062.7,10137,71520.9,8010.6,50.63,11.7018
48330.3,37736,83935.1,20525.7,16421,81917.8,31386.4,117.03,11.7029
11105.1,10504,69286.2,6831.24,6225,71918.4,12335.7,29.05,11.7051
15601.9,15221,67176.1,5520.06,5361,67480.4,8430.24,-26.56,11.7107
17843.9,14812,78950.6,10905.2,9676,73861.3,6431.1,-3.32,11.713
8406.16,8360,65897.9,3485.04,3425,66684.8,20721.5,0,11.713
13580.3,13052,68188.6,6006.78,5784,68060.2,5629.26,49.8,11.7141
16335.6,15016,71295.5,10895.8,10140,70420.9,7257.12,72.21,11.7141
14450.7,13919,68039.4,7675.98,7131,70544.5,8896.68,29.05,11.7152
11251.3,10993,67075.8,4495.14,4377,67304.9,17167.8,-4.98,11.7174
39805.2,29109,89617.3,29666.5,22025,88273.6,57552.3,126.99,11.7185
7728.88,7648,66229.1,3107.52,3056,66640.9,7839.78,-23.24,11.7197
25812.8,22501,75181.9,14723.3,12997,74240.6,9416.94,-21.58,11.7197
8935.2,8721,67145.7,3095.82,3053,66455.2,7143.24,-19.09,11.7219
11974.1,11706,67037.1,4738.5,4634,67013.9,26420.2,-26.56,11.723
14186.8,12328,75417.6,7705.62,6892,73272.7,21779.2,6.64,11.723
12995.5,12552,67851.5,5332.86,5180,67469.9,9328.8,40.67,11.7252
13444.3,13093,67294.3,5151.12,4921,68600.6,23495.9,19.09,11.7264
10315.6,10163,66520,3192.54,3139,66653.8,8489.52,21.58,11.7275
18658.5,18308,66790.7,6420.96,6324,66540.8,10047.2,29.88,11.7286
7265.12,7184,66276,2658.24,2612,66696.2,8153.34,43.99,11.7286
11426.7,11117,67361.8,5629.26,5453,67654.4,9978.54,30.71,11.7286
13202.9,12859,67288.6,5463.9,5323,67270.7,7214.22,33.2,11.7297
7947.16,7829,66525.1,3449.94,3365,67190.3,18107.7,14.11,11.7297
17909.2,16456,71323.2,11558.8,10604,71437.1,29491,91.3,11.732
10803.2,10720,66044.4,2922.66,2880,66506.8,11590,56.44,11.732
13462.6,13195,66865.3,4195.62,4139,66432.5,5913.96,-34.86,11.7342
17081.6,16444,68077.1,10146.2,9324,71315.3,48156.4,-0.83,11.7342
6750.36,6796,65095.9,2729.22,2728,65565.3,6615.18,16.6,11.7353
19163.8,17305,72575.3,8599.5,7501,75133.6,29967.6,4.15,11.7353
14917.2,14697,66517.7,5539.56,5284,68705.6,19967.2,-18.26,11.7364
11757.2,11419,67477,5079.36,4827,68962.3,8244.6,23.24,11.742
7870.32,7684,67125.1,3135.6,3040,67596.9,12641.5,-9.13,11.742
5939.12,5931,65625.7,2173.86,2143,66479.7,14164.8,58.1,11.7431
11252,11052,66721.7,4065.36,3976,67008.9,9363.9,64.74,11.7431
12794.2,12261,68386,5938.14,5537,70283.9,15610.9,39.84,11.7442
11224.1,11081,66382.2,4180.8,4100,66827.5,9849.84,-27.39,11.7476
19441.2,18312,69577.3,11063.5,10072,71987.6,11685.2,31.54,11.7476
12757.5,11521,72569.6,8268.78,7397,73259.8,18684.9,58.93,11.7476
11186,10129,72374.9,7844.46,7185,71551.1,7268.04,0,11.7487
42929.1,27957,100633,38169.3,25665,97465.9,25247.8,143.59,11.7487
20454.4,19162,69956.1,12157.9,11578,68818.2,29079.2,29.05,11.7509
18959.8,17327,71711.6,11384.9,10235,72898.8,16926,34.03,11.7509
10648.8,10557,66105.9,6372.6,6109,68363.8,22800.2,-11.62,11.7521
14359.6,14169,66417.4,5275.14,5177,66778.4,16919,41.5,11.7543
14084.2,13357,69103.8,7690.8,7341,68658.8,8277.36,34.86,11.7565
14363.6,13937,67542.2,7666.62,7393,67961.5,41657.5,31.54,11.7565
9460.16,9301,66657.5,4006.86,3893,67452.8,18507.1,49.8,11.7565
18616.4,14021,87015.3,17135.8,14673,76536,79885.3,63.08,11.7576
11086.7,10497,69217.8,4908.54,4533,70965.4,20187.2,7.47,11.7588
12279.4,11997,67078.9,5396.04,5225,67681.3,11586.1,14.11,11.7588
27368.6,23845,75220.4,18683.3,16325,75003.5,39588.1,82.17,11.7599
25634.6,23766,70688.9,14601.6,13478,70999.4,10345.9,24.9,11.7644
12201.9,11958,66872.8,6644.82,6434,67683.4,45201.8,43.99,11.7677
7588.12,7672,64819.5,2858.7,2837,66037.3,31652.4,39.01,11.7688
7696.24,7785,64788.8,2330.64,2301,66380.2,8032.44,20.75,11.7688
16103.1,15446,68323.9,7016.1,6546,70242.5,36242.7,-4.15,11.7733
15467.3,15057,67321.8,5973.24,5765,67903.3,10172.8,-50.63,11.7733
11953.7,11718,66854.3,3570.06,3478,67270.7,6522.36,-20.75,11.7778
16677.7,16140,67719.2,7021.56,6780,67870.9,7555.08,64.74,11.7845
8967.16,9008,65238.9,3213.6,3172,66395.5,18511.7,-18.26,11.7845
12396.4,12245,66346.3,5086.38,4981,66922.5,19504.7,-41.5,11.7856
12560.3,12369,66549.5,4269.72,4089,68432.5,23577.1,56.44,11.7856
36817.2,22780,105920,16068,10136,103890,32738.2,27.39,11.7889
9046.72,8953,66222,4452.24,4377,66662.5,16798.9,47.31,11.7889
13521.1,13204,67110,6286.8,6028,68349.7,15429.2,34.86,11.79
14529.6,14240,66868.6,5302.44,5196,66878.5,12124.3,56.44,11.7912
8215.76,8104,66439.8,3595.02,3484,67624.4,8273.46,37.35,11.7912
12325,12261,65878.1,4616.82,4513,67043.6,14557.1,1.66,11.7912
15367.3,14832,67901.3,6473.22,6260,67768.2,13832.5,24.07,11.7923
8618.32,8556,66013.4,3818.1,3756,66619.5,14924.5,73.87,11.7945
14692.1,14117,68205.7,6929.52,6621,68589.8,13394.9,51.46,11.7945
21770.9,20791,68624.7,8340.54,7975,68539.9,9008.22,55.61,11.7968
54593.1,29060,123118,36436.9,20392,117101,20691.1,170.98,11.8012
38548.5,28259,89398.6,26237.6,20135,85399.1,71608.7,63.91,11.8023
13045.8,12852,66524.2,4817.28,4708,67057.2,15693.6,24.9,11.8035
12352.2,11890,68083.6,6228.3,6002,68007,8497.32,8.3,11.8057
41168.6,30365,88853,29810,22921,85233.2,33097.7,91.3,11.8057
12109.4,11861,66908.7,5336.76,5181,67506.3,6920.94,14.11,11.8057
12572.5,12348,66727.6,5207.28,5000,68252.9,9987.9,27.39,11.8079
8119.88,8056,66055.7,3387.54,3276,67767.3,11460.5,-29.88,11.809
9184.08,9121,65989.2,2772.9,2705,67181.1,18939.2,24.07,11.8102
11819.1,11549,67068.6,4047.42,3933,67442.6,22056.8,13.28,11.8124
9919.16,9777,66488.9,4472.52,4369,67088.8,35135.1,50.63,11.8135
20524.4,19220,69983.9,8696.22,7916,71995.4,6856.98,36.52,11.8135
9923.92,9812,66283.5,3688.62,3584,67449,6478.68,-22.41,11.8135
5165.28,5194,65173.6,2191.02,2170,66170.8,15278.6,-9.13,11.8146
49890.9,27310,119724,35949.4,20666,114003,21297.1,183.43,11.8157
15408.8,14113,71553.3,10365.4,9301,73036,36853.4,29.88,11.8169
22775.2,20624,72371.9,12476.9,11052,73985.2,11977.7,111.22,11.8169
15513.5,12684,80155.6,9041.76,7973,74320.9,16568,93.79,11.8202
21118.1,20094,68876,8821.8,8490,68097.2,12742.9,12.45,11.8202
8601.32,8603,65523.2,2886,2843,66527.2,10635.3,-2.49,11.8213
11269.6,11014,67057.1,5500.56,5366,67179.4,16119.5,-10.79,11.8213
12610.6,12033,68681.8,7721.22,7477,67676.6,16935.4,54.78,11.8224
15219.8,14213,70178.2,9301.5,8865,68762.9,46568.3,62.25,11.8236
12979.2,12700,66976.6,5160.48,5045,67036.1,16662.4,78.02,11.8258
7441.92,7417,65756.2,3330.6,3209,68019.4,15431.5,22.41,11.8269
12735,12596,66259.4,4453.02,4320,67554,15426.1,8.3,11.8269
29314.8,21920,87644.8,19782.4,16068,80685.6,30831.1,55.61,11.8269
11215.2,11105,66186.6,3595.8,3557,66250.9,12988.6,21.58,11.8325
14242.6,13553,68870.6,8111.22,7497,70905.3,17940,14.11,11.8336
30299.4,24944,79606.5,23962.4,20936,75009.5,7173.66,138.61,11.8347
22350.9,21312,68730.8,5991.18,5756,68213.7,5665.14,26.56,11.8347
42875.4,34099,82403.6,25761.1,21155,79805.1,29650.9,163.51,11.8347
10031.4,9955,66038.7,3683.16,3623,66624.2,30766.3,-35.69,11.8359
12303.9,11789,68398.5,5662.02,5456,68010.7,8689.2,-6.64,11.8359
19180.1,16977,74040.5,8374.08,7429,73873.2,14883.2,-4.15,11.837
24093.8,22701,69556.8,14040,13136,70046.1,14399.6,41.5,11.8381
17366.5,16228,70133.9,6898.32,6196,72964.5,41018.6,9.96,11.8403
8904.6,8917,65444.9,3581.76,3529,66515.8,15323.1,53.12,11.8426
11558,11152,67921.7,5619.12,5396,68245.9,54593.8,122.84,11.8426
15677.4,14053,73111.4,11881,10981,70907.1,21333.8,8.3,11.8426
18720.4,18086,67834.8,8158.02,7954,67217,5904.6,53.12,11.8459
15286.4,14700,68150.3,7424.82,7169,67874.6,18654.5,29.05,11.8459
31086.2,23302,87428.8,24355.5,18870,84587.3,43391.4,66.4,11.847
9910.32,9771,66470.4,4978.74,4783,68218,20658.3,-0.83,11.847
7934.92,7897,65850.7,3226.86,3129,67585.6,7360.86,25.73,11.8504
29286.9,27055,70942.4,16862,15787,69998.8,11832.6,104.58,11.8526
15813.4,15213,68122.5,7181.46,6845,68757.4,55824.6,-25.73,11.8548
7451.44,7501,65103,3127.02,3113,65831.1,11704.7,8.3,11.8571
15249.7,14768,67673.6,6651.84,6364,68500.2,27850.7,-10.79,11.8582
13188.6,13132,65818.5,3156.66,3125,66200,6645.6,-11.62,11.8593
10695,10470,66944.6,5743.92,5538,67972.8,19332.3,4.98,11.8604
7596.96,7572,65752,4632.42,4512,67285.1,12811.5,11.62,11.8615
9414.6,8969,68792,6305.52,6057,68225,10218.8,38.18,11.8649
14343.2,13989,67195.6,5412.42,5281,67166.9,19370.5,17.43,11.866
17465.1,16777,68224,7405.32,7117,68191,11862.2,-17.43,11.866
17121,16656,67365.8,6375.72,6116,68319,19515.6,24.9,11.8671
14682.6,14047,68501.2,7196.28,6879,68558.7,19266.8,-8.3,11.8671
19617.3,18015,71365,11713.3,10683,71856.2,9197.76,48.97,11.8694
14267.1,13868,67421.9,2790.06,2680,68227.4,16327.7,59.76,11.8705
9806.28,9381,68507,6082.44,5685,70117.6,7899.84,16.6,11.8705
11549.8,10416,72669.7,8708.7,7812,73058.5,52658.6,-8.3,11.8761
19724.8,17904,72200.7,7555.86,6608,74936.6,6548.1,-6.64,11.8772
13156,12953,66562.9,4570.02,4461,67137.6,17085.1,10.79,11.8783
35412.4,24593,94367.7,18982.9,13493,92200.4,24617.6,108.73,11.8783
28554.6,23768,78734.1,6034.08,4904,80638.1,33381.7,35.69,11.8783
10436.6,10252,66716.3,4927.26,4817,67036.1,28980.9,87.98,11.8783
17179.5,16641,67656.8,6616.74,6309,68732.7,15588.3,23.24,11.8805
13068.2,12812,66846.7,8325.72,7877,69269.3,8062.08,-4.98,11.8828
15788.2,14876,69554.9,9129.9,8684,68901.1,23108.3,46.48,11.885
9141.24,8865,67578.2,4287.66,4129,68054.3,12402.8,-2.49,11.8861
21721.2,17884,79597.6,10225,8881,75454,65718.9,49.8,11.8872
17224.4,16308,69218.7,7530.12,7200,68540.8,6294.6,38.18,11.8884
8963.08,8708,67455.7,4296.24,4132,68140.9,15584.4,26.56,11.8895
15634.6,13073,78377.3,9013.68,8005,73793.9,26065.3,42.33,11.8895
12001.3,11616,67709.9,4710.42,4528,68176.3,6770.4,-13.28,11.8895
21587.3,16340,86581.6,15763,12440,83042.2,27943.5,58.93,11.8906
7479.32,7473,65591.4,3237.78,3169,66958.4,8847.54,-17.43,11.8928
7059.76,6993,66161.6,3199.56,3105,67531.8,11349,73.04,11.8939
14708.4,14193,67915.9,7396.74,7025,69003.9,16473.6,-29.88,11.8939
10873.2,10767,66182.4,4763.46,4635,67352.3,12332.6,8.3,11.8962
30549.7,28352,70616,13300.6,12336,70660.3,8771.1,52.29,11.8962
13282.4,12516,69549.2,8181.42,7536,71148.8,19642.7,35.69,11.8962
13920.3,13308,68551.2,6892.86,6668,67746,6502.86,48.97,11.8984
12448.8,12153,67130.9,4953,4797,67667.3,19115.5,59.76,11.9051
14932.1,14564,67192.5,4795.44,4656,67498.7,9157.2,-6.64,11.9051
84710.3,56620,98049.7,58078,35132,108340,22604.4,244.02,11.9062
9271.12,8389,72427.2,7101.9,6421,72485.6,8346,43.99,11.9085
34419.6,24776,91044.6,22008.5,16904,85325.8,15231.1,43.16,11.9107
27426.4,22247,80793.8,18155.3,15523,76649.1,29814.7,91.3,11.9107
12792.2,12141,69050.9,8701.68,8029,71026.7,17624.1,-15.77,11.9118
6300.88,6265,65911.3,2715.18,2596,68544.7,29449.7,-40.67,11.9118
10908.6,10721,66682.5,4996.68,4901,66815.4,7761,-3.32,11.9118
14481.3,14101,67303.4,5754.06,5605,67278.9,15320.8,34.03,11.9118
7748.6,7653,66354.7,3825.12,3669,68324.6,6549.66,13.28,11.9141
14987.9,14817,66291.8,5385.12,5285,66777.5,33924.5,8.3,11.9152
29336.6,26841,71629.3,22627,20740,71498.8,10347.5,74.7,11.9174
7648.64,7620,65782.3,3449.16,3404,66405.4,20337.7,-24.9,11.9185
10593.7,10408,66705.4,4993.56,4885,66992.4,16834,19.09,11.9196
35616.4,30730,75956.8,17441.6,14842,77014.7,23400.8,70.55,11.9208
10169.4,8874,75102.8,5429.58,4938,72060.1,22545.9,-11.62,11.9208
18275.7,15236,78610.9,10973.8,9728,73928.9,61948.4,17.43,11.9219
11453.9,10137,74049.9,8821.02,8013,72144.6,45453.7,13.28,11.9241
15871.9,14266,72913.2,10296.8,9230,73110.5,19607.6,107.9,11.9241
15081.7,14380,68734,6738.42,6508,67856.3,26217.4,55.61,11.9263
12901,11107,76121.1,10913,9927,72045.2,16894.8,53.12,11.9263
18704.1,17025,71999.4,12605.6,10877,75951,7389.72,10.79,11.9263
7628.92,7617,65638.6,3203.46,3141,66839.2,6232.2,-9.96,11.9263
9420.72,9368,65904.8,2466.36,2476,65280.8,27888.1,30.71,11.9286
8406.84,8222,67009.3,3935.1,3786,68116.9,6712.68,31.54,11.9297
8029.44,8011,65686.9,3075.54,3039,66324,8451.3,45.65,11.9297
19497.6,18892,67637,9875.58,9676,66887.8,19012.5,40.67,11.9297
17054.4,16265,68716.7,8182.98,7389,72578.1,22547.5,59.76,11.9308
24350.1,22922,69619.1,10147,9662,68825.8,35742.7,99.6,11.9308
24782.6,20435,79479,13898.8,11847,76886.4,48667.3,102.09,11.9331
10388.4,10458,65099.6,1482.78,1517,64057.7,19425.9,1.66,11.9342
12219.6,11601,69030.6,6919.38,6549,69242.4,13459.7,31.54,11.9353
11738.8,11605,66291.8,4973.28,4849,67215.7,11973,8.3,11.9353
14281.4,14104,66360.1,5021.64,4965,66283.6,17064.8,21.58,11.9353
6538.88,6549,65434.7,2479.62,2473,65711.4,6381.96,4.98,11.9364
11367.6,11208,66469,4455.36,4325,67511.3,14176.5,-2.49,11.9364
21625.4,17120,82782.7,16358.9,13824,77553.5,117569,83,11.9375
18295.4,17721,67660.3,5398.38,5193,68127.9,14117.2,20.75,11.9375
13736.7,13281,67784.6,6389.76,5925,70676.7,27339,45.65,11.9375
13175,13009,66372.3,3921.84,3873,66362.4,15915.1,-27.39,11.9375
13057.4,11477,74560.2,7615.92,6797,73431.9,21718.3,57.27,11.9398
25175,17809,92642.3,22549.8,17501,84442.2,28445,76.36,11.9398
55555.3,36472,99826.5,61607.5,43384,93064.5,6691.62,147.74,11.9409
16952.4,16081,69087.3,8731.32,7905,72386.6,45945.1,3.32,11.9431
14184.8,13551,68601.2,7216.56,6619,71452.6,9974.64,11.62,11.9442
8774.04,8649,66483.5,3590.34,3501,67208.4,12739.7,67.23,11.9453
13618.4,13244,67388.5,5538.78,5336,68026.5,16382.3,19.92,11.9453
18581,16707,72887.1,10082.3,9027,73197.3,19242.6,7.47,11.9465
7592.88,7585,65604.1,3110.64,3061,66598.8,8319.48,-26.56,11.9465
13770,13673,66000.9,4531.02,4457,66624.4,22181.6,-14.11,11.9498
21050.1,19045,72435.7,13253,11557,75153.4,10874.8,19.92,11.9509
15147,14813,67013.7,3946.02,3837,67398.1,14607.1,-23.24,11.952
30326.6,23689,83899.1,18390.1,14916,80799.9,50743.7,75.53,11.9532
12773.8,12602,66429.4,4180.8,4106,66729.9,13287.3,9.96,11.9543
7292.32,7228,66119.2,3067.74,3016,66660.3,8618.22,-48.97,11.9565
28603.5,16441,114017,11181.3,6313,116074,20779.2,53.95,11.9565
14476.5,14168,66963.1,5830.5,5644,67701.6,5715.06,71.38,11.9565
5525,5543,65323.2,2624.7,2515,68394.6,5797.74,1.66,11.9587
13195.4,13026,66388.3,4052.88,3926,67654,6653.4,59.76,11.9587
41444.6,29277,92773,24598.9,18301,88088.7,13293.5,117.03,11.9599
12941.1,12499,67854,5190.12,4995,68096,7200.96,53.12,11.9621
18946.2,15413,80559,13456.6,11725,75214.4,10748.4,49.8,11.9621
11725.2,11577,66375.2,3893.76,3689,69173.6,8172.84,24.07,11.9632
11723.2,11214,68511.8,6318.78,5850,70787.6,11722.6,31.54,11.9655
15956.2,15427,67784.1,6275.1,6071,67739.2,5633.94,45.65,11.9677
14888.6,14538,67116.5,6489.6,6346,67019,39390,23.24,11.9688
6871.4,6875,65501.7,2339.22,2367,64766.8,12126.7,-61.42,11.9699
22654.9,21681,68479.8,10176.7,9829,67854.1,12993.2,55.61,11.9699
14600.3,14342,66716.2,5781.36,5650,67059.7,6278.22,68.06,11.9699
19367.1,18124,70031,14947.9,14120,69378.7,6916.26,58.1,11.9699
26594.8,20739,84040.5,17678.7,14279,81139.5,28401.4,77.19,11.971
17698.4,17274,67146,5493.54,5390,66794.9,21884.5,5.81,11.9733
17884,15224,76986.7,12362.2,10824,74849.5,37081.2,46.48,11.9777
26791.3,18932,92742.2,21533.5,16560,85218.4,11803,97.11,11.9789
9149.4,8752,68511.8,4504.5,4176,70691.3,15390.2,34.03,11.98
13693.8,12739,70448.2,7746.96,7408,68534.7,6130.02,-13.28,11.9811
21463.5,19581,71836.6,12039.3,10832,72840.4,6246.24,69.72,11.9822
17733,17100,67962.1,6704.1,6540,67180.4,6285.24,31.54,11.9856
38982.4,29657,86143.2,26130,21405,80002.6,29565.1,87.98,11.9889
16428.1,16010,67247.5,4772.04,4638,67430,35575.8,83,11.99
17059.2,16741,66781.5,4457.7,4357,67050.7,18918.1,80.51,11.99
10047.7,9904,66486.7,3705.78,3672,66138.9,13288.9,-14.11,11.99
26940.2,22640,77983.9,18269.9,15296,78277.9,11409.1,33.2,11.9911
22428.4,17953,81873.2,15464.3,13113,77287.2,10406,68.89,11.9923
16785.8,15229,72235.5,9458.28,8505,72881.6,48328.8,41.5,11.9923
7228.4,7265,65205.8,2951.52,2909,66493.9,20475.8,12.45,11.9945
30903.3,23896,84753.8,21233.9,16828,82694.8,74072.7,81.34,11.9956
13529.3,12800,69269.9,6098.04,5620,71110.5,11392.7,-38.18,11.9956
49042.3,36428,88229.8,34101.6,26021,85887.6,19827.6,120.35,11.9967
12240.7,12030,66683.7,4575.48,4478,66962.6,34630.4,2.49,11.9979
13066.9,12758,67122.7,5382.78,5238,67347.4,10442.6,0.83,11.9979
9260.92,9102,66680.2,3516.24,3438,67027.4,34112.5,0,12.0012
14293.6,13505,69362.9,10480.9,9837,69825.5,31659.4,73.04,12.0012
13338.9,11557,75640.5,7406.1,6549,74113,33054.8,23.24,12.0023
50785.8,32061,103811,35943.2,23465,100387,23740.9,139.44,12.0034
9728.76,9639,66146.3,4060.68,4003,66480.3,22541.2,-9.96,12.0034
32006.2,29191,71856.4,15950.2,14787,70691.4,6681.48,54.78,12.0068
11517.2,11312,66724.6,4811.82,4732,66641.5,27073,-39.01,12.009
14806.3,13676,70952.5,10815.5,9649,73458.7,8500.44,15.77,12.0113
13654.4,13136,68122.3,6226.74,5984,68194.5,8893.56,46.48,12.0113
11278.5,10249,72118.9,7300.8,6621,72264.8,48200.9,42.33,12.0113
14411.2,14151,66741.2,4722.12,4535,68240.1,15827,33.2,12.0124
15301.4,14029,71479.8,9238.32,8429,71828.5,34545.4,9.96,12.0124
15264.6,14696,68071.8,5522.4,5292,68389.3,27980.9,15.77,12.0124
9744.4,9584,66632.8,4643.34,4500,67623.5,30390.4,0,12.0168
6039.08,6017,65776.5,2782.26,2725,66913.1,17748.9,-45.65,12.0168
17152.3,16732,67182.3,9215.7,8897,67883.6,13619.6,-24.9,12.0202
40159.4,29949,87879,25209.6,19424,85056.4,76979,85.49,12.0202
12778.6,12233,68458.7,7039.5,6692,68939.1,7154.16,24.07,12.0202
20592.4,15236,88576.1,20025.7,16228,80872.9,38537.5,161.85,12.0224
16482.5,15567,69390.3,9497.28,8971,69380.6,6222.06,47.31,12.0247
15591.7,15024,68012.4,8241.48,7800,69245.3,12599.3,31.54,12.0247
15044.3,14137,69742.1,13906.6,12553,72602.9,9781.2,78.02,12.0258
25340.2,21292,77996.2,8369.4,6872,79816.2,57633.4,-45.65,12.0269
15632.5,15278,67056.7,6182.28,5838,69400.8,18579.6,19.92,12.028
12320.9,12148,66468.9,4888.26,4796,66796.7,16269.2,-9.13,12.028
10510.1,10145,67894.4,3346.2,3093,70900.9,17499.3,90.47,12.0336
32402.7,21932,96823.9,23556.8,17429,88577.5,73506.4,103.75,12.0392
5633.12,5669,65121.2,2744.82,2693,66797.1,22835.3,51.46,12.0403
9718.56,9651,65994.8,4475.64,4339,67599.8,6926.4,17.43,12.0425
9419.36,9252,66721.5,3665.22,3552,67625,24473.3,-6.64,12.0448
13916.9,13277,68694.5,6340.62,6141,67666.3,23408.6,15.77,12.0448
14029.1,12987,70794.6,5680.74,5147,72332,49987.1,32.37,12.0459
16469.6,15966,67603.1,5943.6,5802,67135.4,24015.4,-7.47,12.0481
16985,16229,68589,7576.14,7201,68950.1,39264.4,22.41,12.0481
11519.9,10576,71384.9,7215.78,6612,71520.5,8618.22,90.47,12.0492
12244.1,11828,67841.4,5750.94,5420,69537.6,29037.1,-18.26,12.0504
89693.4,43721,134447,75420.5,36397,135801,45086.3,307.1,12.0515
11623.9,11349,67123.6,6743.88,6381,69263,30438.7,-9.13,12.0515
11527.4,11239,67217.5,4448.34,4311,67623.9,13554.1,34.03,12.0537
32247.6,23015,91826.3,22384.4,16951,86542.8,74766.1,97.94,12.0537
11839.5,11696,66340,3946.02,3924,65903.8,9389.64,-11.62,12.0537
13358.6,12801,68390.7,5513.82,5221,69211.6,16623.4,43.99,12.0537
48214.7,31403,100621,34415.9,25167,89620.6,82419.5,157.7,12.0548
10337.4,10229,66230.3,4029.48,3981,66334.1,7746.18,19.09,12.0548
16216,15832,67125.4,6099.6,5973,66925.1,13458.9,76.36,12.0548
14317.4,13825,67870.2,6027.06,5813,67949.3,26916.2,33.2,12.0571
15788.9,14755,70128.3,10459,9459,72464.6,30357.6,78.85,12.0571
17400.5,16349,69751.1,6885.84,6237,72353.8,28245.4,27.39,12.0582
15656.3,15334,66913.6,6318,6082,68079,10977.7,23.24,12.0638
14802.9,14516,66831.4,5193.24,5040,67528.6,18946.2,49.8,12.0638
19767.6,17317,74810.3,11940.2,10293,76024,16323.1,4.15,12.0638
15628.4,15127,67708.4,7535.58,7287,67771.6,23854.7,45.65,12.066
11100.3,10763,67589.9,5741.58,5551,67786,29133.8,47.31,12.066
17474.6,15572,73543.4,8506.68,7568,73664.6,24242.4,97.11,12.0682
16626.7,13144,82900.6,11499.5,10168,74118.2,23978,134.46,12.0682
30727.2,28791,69943.2,10497.2,10051,68445.6,6706.44,64.74,12.0682
9865.44,9772,66162.7,5719.74,5388,69571.1,28589.3,52.29,12.0716
10826.3,10493,67617.6,5932.68,5616,69231.5,30382.6,-0.83,12.0716
5393.08,5437,65006.6,2841.54,2809,66295.2,19769.9,-39.01,12.0738
18051.3,17548,67415.6,8480.94,8184,67913.8,23602,41.5,12.0761
20225.9,19309,68648.1,7895.16,7577,68287.9,10760.9,18.26,12.0761
15996.3,15600,67201,5619.12,5376,68499.8,21224.6,65.57,12.0772
14483.3,14112,67260.4,6539.52,6324,67769.4,8097.18,-1.66,12.0783
14038.6,13007,70733.7,8685.3,7947,71624.5,43290.8,55.61,12.0805
13360.6,12585,69575.1,7559.76,6877,72042.5,29374.8,24.9,12.0816
30319.2,21922,90639.4,11019.8,6994,103259,10408.3,43.16,12.0839
15592.4,15339,66618.7,4309.5,3979,70979.5,19582.7,19.92,12.0872
16657.3,15825,68982.7,7523.88,7189,68588.8,22832.9,-13.28,12.0872
8895.76,8751,66620.1,3441.36,3327,67788.7,14926.9,-37.35,12.0895
16419.3,15987,67308.1,8754.72,8467,67763,5957.64,80.51,12.0906
9630.84,8740,72215.9,5998.2,5424,72473.8,7056.66,14.94,12.0917
10971.1,10637,67594.6,4873.44,4704,67896.6,12258.5,-5.81,12.0928
13204.9,12752,67863.7,5537.22,5304,68417.7,22843.1,34.03,12.0928
11768.8,11504,67044.3,6772.74,6452,68793.9,14277.1,54.78,12.0928
23341,19872,76976.4,16551.6,14512,74746.8,44320.4,55.61,12.0939
11073.8,10629,68278.5,5708.04,5477,68300.5,15802,11.62,12.0939
10343.5,9890,68541,6923.28,6402,70872.2,6027.06,-4.98,12.0939
15392.5,14607,69060.1,6782.88,6267,70930.7,11814.7,63.91,12.095
15096,14758,67037,5850,5698,67284.2,26612.8,17.43,12.0984
12371.2,12093,67043.9,5279.82,5149,67201.1,8218.08,19.09,12.0984
30880.8,25570,79147.7,14574.3,12530,76228.4,51742.9,129.48,12.0995
14360.9,13933,67548.8,5598.84,5392,68050,9179.04,0.83,12.1029
10457.7,10336,66307.8,4669.86,4576,66880.2,34272.4,40.67,12.1051
5987.4,5877,66767.1,3132.48,3053,67242.1,8141.64,73.87,12.1051
14116.8,13895,66582.1,5033.34,4979,66251.3,11667.2,5.81,12.1062
18266.8,14910,80290.8,10774.9,9274,76142.5,35869.9,26.56,12.1073
28434.2,26111,71367,18011.8,17023,69342.6,6126.12,37.35,12.1096
14410.6,13753,68669.4,6892.86,6605,68392.2,7243.08,-43.99,12.1107
8384.4,8288,66298.3,2464.02,2408,67060.6,11304.5,30.71,12.1118
19205.2,18448,68226.1,5411.64,5032,70480.4,21238.6,39.01,12.1129
8449,8290,66793,2764.32,2694,67246.6,8262.54,29.05,12.1129
6372.96,6242,66911,3072.42,3014,66806.3,22226.9,73.87,12.1129
10059.9,9953,66240,4251,4205,66252.9,28646.3,15.77,12.1152
10253.7,10177,66030,3035.76,3017,65943.5,6736.08,-3.32,12.1163
16841.6,16494,66917,5528.64,5470,66238.6,8980.92,86.32,12.1163
18799.3,17931,68709.5,8095.62,7771,68273.6,23785.3,69.72,12.1185
11130.2,11008,66263.8,4209.66,4128,66832.4,7931.82,39.01,12.1196
21310.5,19284,72423.1,10664.2,9540,73258.5,13763.9,29.05,12.1219
19072,18557,67354.6,5869.5,5677,67758.3,23534.2,9.13,12.1241
10080.3,9316,70912.8,6644.82,6076,71671.3,28530.1,66.4,12.1241
5615.44,5580,65952.2,2507.7,2453,66997.4,6259.5,-8.3,12.1252
16554.6,15957,67990.4,6306.3,6117,67564.1,35141.3,33.2,12.1274
11044.6,10806,66982.8,4566.9,4402,67991,7628.4,14.94,12.1297
14897.4,13509,72271.7,7662.72,6877,73023.7,12260.8,47.31,12.1308
11540.3,10926,69220.6,6693.96,6158,71239.9,32547.1,46.48,12.1375
17339.3,16509,68832.1,10316.3,9805,68953.4,26691.6,29.05,12.1386
26730.1,23380,74926.7,10272.6,9068,74241.8,19322.9,52.29,12.1397
19974.3,18380,71220.7,8133.84,7260,73424.2,12689,58.93,12.1409
23895.2,20200,77524.6,13930,11948,76407.6,51535.4,84.66,12.142
12112.2,11769,67446.9,5041.92,4873,67807.8,11360.7,-28.22,12.1464
6103,6084,65740.7,2670.72,2608,67112.1,22907.8,14.94,12.1476
9453.36,9305,66580.9,3872.7,3785,67054.5,14851.2,23.24,12.1487
20957.6,19987,68718.5,8225.88,7895,68282.6,7211.1,56.44,12.1498
13931.2,13705,66617.5,4317.3,4244,66667.9,10542.5,14.11,12.1498
19294.3,13513,93574.5,8202.48,5620,95650.8,7047.3,33.2,12.1509
17138.7,15585,72069.5,7244.64,6449,73621.4,8757.06,139.44,12.1509
9911.68,9671,67167,5978.7,5799,67566.8,13042.4,19.92,12.1509
12491.6,12012,68152.6,6843.72,6504,68959.1,9870.12,8.3,12.152
16875.6,16564,66768.7,5793.84,5568,68194.2,8317.14,0,12.152
14666.2,14316,67139.3,6358.56,6236,66824,17990.7,40.67,12.152
27012.3,20369,86910.5,20859.5,14913,91668.4,7211.88,37.35,12.1554
87930.1,45108,127751,70011.2,31696,144758,44385.9,218.29,12.1554
14097.8,13492,68478.4,6583.98,6260,68927.8,14508,29.05,12.1587
10006.9,9736,67359.4,4198.74,4001,68775,17524.3,10.79,12.161
14652,13996,68607.5,7159.62,6856,68438.3,41586.5,24.07,12.1643
12330.4,11986,67419.3,4378.92,4246,67587.6,7062.9,-13.28,12.1654
9436.36,9289,66575.7,3510.78,3412,67433.3,9572.94,15.77,12.1654
16199,15200,69843.1,7625.28,6916,72257.1,31466,14.11,12.1654
12238,11729,68379.8,6182.28,5877,68940.3,13887.9,19.09,12.1677
8403.44,8316,66225.1,2865.72,2824,66504.2,11056.5,-5.81,12.1688
24859.4,19582,83198.3,18361.2,15274,78782.2,15226.4,87.15,12.1688
13077.8,12812,66895.4,5410.86,5256,67466.9,7210.32,14.94,12.1688
15917.4,15232,68485.1,6199.44,5952,68260.5,20074.1,33.2,12.1766
11133.6,10421,70017.7,7248.54,6741,70470.3,53204.6,53.95,12.1766
31781.2,17208,121037,17055.5,9153,122118,36665.5,43.99,12.1766
17852,16975,68922,6911.58,6588,68754.9,6849.96,-30.71,12.18
12239.3,11668,68745,5760.3,5440,69394.7,33011.9,-6.64,12.1833
14099.8,13613,67879.6,7009.08,6656,69012.5,5875.74,45.65,12.1844
35416.4,26656,87074.3,30528.4,24084,83072.2,84425.6,50.63,12.1844
10491.7,10289,66827.2,4782.96,4629,67715.7,6276.66,46.48,12.1867
12975.1,12441,68349.4,6385.86,6137,68193.5,20876.7,40.67,12.1867
16329.5,15996,66902.4,5479.5,5313,67589.8,10564.3,47.31,12.1878
15803.2,13521,76597.8,9039.42,7905,74940.9,55653.8,106.24,12.1911
14403.8,13669,69058.8,7696.26,7249,69579.5,25605.8,46.48,12.1922
9339.12,9164,66788.4,3467.88,3356,67720.8,7939.62,51.46,12.1967
28288,21342,86865.5,21186.4,17182,80809.5,53274.8,120.35,12.1967
18324,16577,72442.5,8872.5,7853,74044.1,45983.3,-3.32,12.1978
10044.3,9759,67451.8,4522.44,4351,68118.3,30381,37.35,12.1978
8496.6,8320,66927.1,3457.74,3348,67684.1,27561.3,22.41,12.199
14386.1,13606,69293.4,6011.46,5442,72393.8,10952.8,-12.45,12.2001
10240.8,9329,71941.4,6378.06,5841,71561.8,18477.4,46.48,12.2012
13323.2,12841,67997.2,5886.66,5684,67872.6,32360.6,-3.32,12.2023
11738.8,11033,69728.7,6468.54,6105,69438.5,6920.94,25.73,12.2034
13623.1,13205,67611.1,5651.1,5409,68469.3,27874.1,44.82,12.2057
13468.1,13232,66705.3,5104.32,4976,67226,27445.1,23.24,12.2068
16621.2,15932,68371.2,6459.96,6193,68361,11330.3,58.1,12.2101
15054.5,14501,68037.6,7374.9,7061,68449.4,14292.7,28.22,12.2112
8410.92,8357,65958.8,3130.14,3061,67016.3,16037.6,-4.15,12.2135
30581,21280,94180.2,20527.3,15600,86235.5,65246.2,118.69,12.2157
13127.4,12776,67338.6,5116.8,4929,68033,10059.7,34.03,12.2168
11794.6,11411,67739.1,5252.52,5095,67562.1,14037.7,-4.15,12.2179
12859.5,12393,68002.8,6348.42,6148,67672.4,29013.7,68.89,12.2191
10623.6,10340,67333.7,4125.42,3996,67658.5,13064.2,1.66,12.2191
12782,12341,67877.7,4740.84,4581,67822.7,10846.7,28.22,12.2202
7811.16,7704,66447.6,3713.58,3589,67810.9,18938.4,0.83,12.2202
15231.3,13570,73559.3,9431.76,8326,74239.7,25467.8,19.92,12.2202
8245,8018,67391.4,4814.94,4670,67570,35671.7,32.37,12.2224
30486.4,24544,81403.2,15617.2,12616,81126,31417.6,26.56,12.2235
9732.84,9524,66973.1,4300.92,4196,67174.7,6488.04,27.39,12.2235
11354,10740,69282.4,4935.06,4516,71617.4,23942.9,55.61,12.2246
28150,26283,70191.2,14088.4,13387,68969.5,8523.84,46.48,12.2246
13929.1,12896,70786.2,8682.18,8120,70073.3,35668.6,34.86,12.2258
7839.04,7756,66237.7,3293.16,3208,67275.7,7342.14,39.01,12.228
10122.5,10070,65877.5,3220.62,3170,66582.5,9902.88,7.47,12.228
12508.6,12173,67342.8,6027.84,5773,68429,27677.5,-2.49,12.2291
10320.4,9779,69164,8151.78,7699,69390.2,25144.9,-4.98,12.2291
22872.5,19611,76435.2,10272.6,8971,75044.6,6129.24,68.89,12.2291
12935,12561,67487.1,6140.94,5897,68247,10909.1,25.73,12.2291
11014,10961,65852.6,5148.78,4977,67798,8455.2,51.46,12.2302
21698.8,18931,75117.7,15445.6,13579,74544.5,48083.9,36.52,12.2347
15578.1,15019,67975.7,7700.94,7215,69949.9,24711.2,1.66,12.2392
13463.3,13107,67317.6,5878.08,5667,67977,9613.5,-24.9,12.2403
8588.4,8412,66910.3,4390.62,4264,67482.1,23460.8,11.62,12.2403
15638.6,14550,70439.5,8480.16,7842,70869.1,39147.4,43.16,12.2414
15408.8,14433,69966.8,9590.88,8737,71940.9,5821.14,5.81,12.2436
14643.1,14182,67666.9,7598.76,7250,68688.6,5616,29.88,12.2436
11430.8,11364,65921.2,4300.92,4220,66792.7,22614.5,-19.92,12.2448
10287.7,9945,67794.5,4585.62,4425,67914.8,34774.7,72.21,12.2459
13990.3,13741,66725.1,5493.54,5376,66968.9,29016,12.45,12.247
10996.3,10733,67143.6,5124.6,4969,67588.2,26368.7,10.79,12.2481
13028.8,12663,67429.2,5066.88,4871,68171.4,22551.4,4.98,12.2492
18661.2,15824,77286.6,11529.2,10016,75436.9,46185.4,90.47,12.2515
17031.3,15980,69847.4,6003.66,5493,71628.6,20216,87.15,12.2526
12440.6,12176,66960.2,5949.84,5792,67321.9,5782.92,34.86,12.2537
9360.2,9073,67610.5,5109.78,4917,68105.5,6768.84,2.49,12.2548
19866.2,17821,73057.1,10108,8944,74065.2,41736.2,37.35,12.2582
13878.1,13065,69614.7,8648.64,8169,69383.9,10384.1,26.56,12.2593
11822.5,10741,72134.6,6190.86,5701,71167.2,13539.2,19.92,12.2593
10166,9852,67624.7,5820.36,5624,67824.2,14446.4,0.83,12.2593
12329.8,11849,68195,5513.82,5012,72097.7,13940.2,30.71,12.2604
17285.6,16825,67330.1,10835.8,10356,68572.1,55503.2,100.43,12.2604
12438.6,12333,66096.9,4683.12,4569,67172.9,19525,15.77,12.2615
9129.68,8740,68458,5269.68,4816,71709.7,11059.6,68.06,12.2637
11970.7,10697,73339.5,7042.62,6329,72925.4,43809.5,62.25,12.2649
6380.44,6308,66288.6,3683.94,3548,68047,9111.96,54.78,12.266
15756.3,15156,68131.7,5780.58,5572,67989.3,14534.5,24.9,12.2716
19175.3,18313,68622,6179.94,5929,68309.8,7958.34,11.62,12.2727
8992.32,8693,67792.6,5881.2,5617,68618.5,10253.1,18.26,12.2749
6982.24,6966,65688.8,2829.84,2790,66471.8,12602.5,-36.52,12.276
14567,14115,67634.4,6252.48,5991,68396.4,11012.8,68.06,12.276
17444,16236,70412.2,8583.9,8088,69554.2,15876.9,97.11,12.276
11641.6,11345,67249.4,5278.26,5133,67390.6,9875.58,24.07,12.2772
9852.52,9825,65719.6,3634.8,3629,65640.7,22163.7,65.57,12.2783
13831.2,13517,67059.4,4272.06,4153,67414.8,6452.94,-24.07,12.2794
11035.7,10895,66382.5,4397.64,4319,66729.3,33132.8,-34.86,12.2794
48650.6,36364,87679.2,49023.8,36504,88012.9,12029.2,145.25,12.2794
7229.76,7304,64869.9,3619.2,3573,66383.4,10197.7,-11.62,12.2805
9271.12,8782,69186.1,6414.72,6062,69349.2,10580.7,27.39,12.2805
22820.1,18237,82005.8,13108.7,10841,79244.6,9734.4,67.23,12.2805
9780.44,9681,66209.2,4024.8,3921,67270.9,29347.5,45.65,12.2827
25571.4,19728,84947.7,15647.6,12832,79915.8,46645.6,57.27,12.2827
13722.4,13240,67923.8,5991.96,5708,68796.3,19039.8,29.88,12.2827
13249.8,12922,67198.5,5824.26,5610,68039,22684.7,64.74,12.2839
12673.2,11830,70207,6541.86,5974,71765.5,11328.7,6.64,12.285
10140.8,10064,66036.4,3634.02,3600,66155.3,34391.8,57.27,12.2872
18194.1,15129,78813.4,10499.6,9069,75873.9,9836.58,87.15,12.2883
11497.4,11341,66440,3776.76,3673,67387.4,13522.9,35.69,12.2883
12809.2,12567,66798.9,5149.56,4967,67944.7,16214.6,6.64,12.2906
12443.3,12121,67278.7,5552.82,5389,67528.2,29648.6,-3.32,12.2906
15587,15067,67797.6,6619.86,6331,68526.2,7668.18,83.83,12.2906
6254.64,6248,65605.6,2779.92,2748,66297.3,19544.5,68.89,12.2917
18481,17533,69079.7,7572.24,7213,68800,11803.7,45.65,12.2917
22805.8,21781,68619.6,10555.7,10085,68595,19366.6,71.38,12.2973
22164.6,19441,74717.3,10321.7,8841,76512.3,29895.8,74.7,12.2973
11598.1,11577,65655.3,4657.38,4569,66803.7,10175.1,55.61,12.3006
15982,15652,66917.9,7328.1,7012,68490.4,42782.2,25.73,12.304
24348.1,22045,72382.7,21087.3,18512,74653,20884.5,92.96,12.3051
7502.44,7465,65864.7,2397.72,2372,66246.6,24834.4,-0.83,12.3107
15392.5,14725,68506.7,5935.8,5617,69255.6,9426.3,58.93,12.3107
33362.2,25434,85964.6,45093.4,36542,80872.4,111733,135.29,12.3118
10688.2,10308,67953.5,5168.28,4876,69464.4,10673.5,49.8,12.3129
14717.2,12973,74347.4,6509.1,5901,72289.5,28030.9,49.8,12.3129
16126.2,15516,68113.3,8825.7,8220,70365.1,11327.9,-0.83,12.3151
6465.44,6469,65499.9,1813.5,1801,65990.9,17557.8,14.11,12.3151
10477.4,10164,67557,4780.62,4612,67932.1,6272.76,44.82,12.3163
14186.2,12129,76651.4,9014.46,8081,73106.3,7020,-9.13,12.3163
22021.8,17712,81482.7,12253,10320,77811.4,6740.76,-25.73,12.3185
8140.28,8120,65699.7,3395.34,3324,66942.5,27541.8,25.73,12.3207
15457.8,15219,66564.1,4314.96,4211,67153.9,17478.2,90.47,12.3218
10617.5,10440,66650.4,4995.12,4876,67137,6807.84,-11.62,12.323
12809.8,12576,66754.6,5051.28,4784,69197.5,10874,23.24,12.323
12975.8,12345,68884.5,6644.82,6281,69332.1,20348.6,62.25,12.323
17310.1,16520,68670.3,7388.94,7073,68463.4,24728.3,1.66,12.3252
12435.8,11904,68464,6034.86,5776,68473.1,18075.7,38.18,12.3263
17796.3,15600,74762.6,9225.84,8204,73698.8,6339.84,38.18,12.3285
31634.3,22053,94009.2,20407.1,15281,87520.6,21485.1,89.64,12.3297
46119.6,29988,100790,29659.5,18448,105365,109351,136.95,12.3308
18626.6,14915,81844.5,13138.3,11155,77188.1,20994.5,2.49,12.3308
15757.6,15205,67918,5994.3,5797,67766.5,8980.14,15.77,12.3364
6574.24,6472,66571.3,3069.3,2972,67681.6,22519.4,-23.24,12.3386
12408.6,10242,79399.8,11285.8,10038,73682.8,69402.8,58.93,12.3397
17159.8,16005,70264.6,11487.8,10857,69343.9,27947.4,16.6,12.3408
11501.5,11256,66965.5,3933.54,3788,68054,16653.8,-10.79,12.342
11631.4,11279,67583.6,5628.48,5263,70087,19486,22.41,12.3453
19645.9,18676,68939.4,7750.86,7236,70199.1,6878.82,9.13,12.3453
14987.9,14153,69401.9,8114.34,7609,69888.5,8428.68,-12.45,12.3453
45084,29232,101075,45304.7,32320,91865.5,44794.6,263.94,12.3464
11123.4,10841,67243.4,4161.3,4045,67420.3,5947.5,48.97,12.3475
13068.2,12552,68231.4,5596.5,5372,68274.8,19174.7,11.62,12.3487
14627.5,14232,67357.1,4857.84,4700,67736.9,20767.5,46.48,12.3487
28374.4,22352,83193.5,21581,18036,78417.3,15068.8,39.84,12.3509
26878.4,20844,84508.7,16049.3,13256,79345.6,39233.2,71.38,12.3509
11167,10289,71128.2,6477.12,5957,71258.1,27494.2,41.5,12.352
9841.64,9669,66706.1,3729.96,3649,66990,12377.8,58.1,12.3542
13746.9,12428,72490.8,8297.64,7281,74686.7,27566,29.05,12.3542
10108.9,10105,65561.2,3604.38,3577,66037.6,17095.3,-22.41,12.3542
21233.7,20293,68573.9,5795.4,5589,67956.2,15013.4,-9.13,12.3565
32235.4,21323,99075.1,42765.1,29003,96633.1,9264.84,214.14,12.3576
24522.8,22977,69945.1,10555.7,10073,68676.8,38610,48.97,12.3576
15971.2,15255,68612.7,6600.36,6295,68715,15745.9,48.97,12.3587
15992.2,15300,68501.1,5217.42,4932,69328.6,10611.1,-15.77,12.3587
13322.6,12729,68592,6857.76,6365,70609.6,15838.7,18.26,12.3609
8789,8041,71632.4,6516.12,5965,71591,40080.3,29.88,12.3643
16993.9,15104,73736.2,11211.7,9860,74520.4,27734.5,27.39,12.3654
22799,21500,69495.7,6278.22,5896,69784.5,5928,0,12.3665
15410.2,14952,67544.2,5435.82,5276,67521.2,16766.1,-67.23,12.3677
12790.1,12337,67943,5694,5501,67835.3,10978.5,19.09,12.3688
16156.1,15669,67573.4,5444.4,5285,67512.6,16475.9,-6.64,12.3688
46805.8,33266,92210.1,34200.7,24982,89719.6,7703.28,90.47,12.3699
23144.5,21964,69058.3,8879.52,8277,70306.7,7768.02,35.69,12.3699
12079.5,11634,68045.7,5632.38,5317,69423.3,11173.5,17.43,12.371
19125.7,18417,68057.8,7238.4,6993,67835.8,8322.6,52.29,12.3732
21638.3,20941,67718.2,6289.92,6128,67267.7,9496.5,44.82,12.3744
18961.8,16244,76500.9,12524.5,11184,73390.8,36883.1,56.44,12.3744
14574.4,13109,72862.2,9817.08,8797,73135.4,23107.5,39.01,12.3744
10049,9958,66135.2,3779.88,3670,67498.1,6818.76,-0.83,12.3755
9847.08,9401,68645.7,6357.78,6116,68126.8,14491.6,-37.35,12.3766
10836.5,9921,71583.5,5184.66,4737,71729.3,22078.7,-9.13,12.3777
16666.1,14992,72854.3,7684.56,6868,73327.8,43759.6,30.71,12.3788
14074,12564,73412.2,9352.98,8244,74351.9,21261.2,35.69,12.3811
15685.6,15032,68385.4,7562.1,7004,70758.1,12380.2,43.16,12.3833
11951.7,11668,67129.3,4797.78,4624,67999,17890.9,9.13,12.3844
59349.7,39896,97492.1,43573.9,28981,98535.6,27425.6,161.85,12.3844
15353.7,14731,68306.4,5783.7,5547,68332.5,19769.9,-48.14,12.3844
15087.2,14518,68105.3,5838.3,5634,67912.5,43276.7,-5.81,12.3878
14775,13241,73128.7,8965.32,8057,72924.3,39261.3,31.54,12.39
12420.2,12164,66916.3,4961.58,4820,67461,11939.5,-13.28,12.3911
9060.32,8950,66343.8,3311.88,3270,66375.3,9992.58,21.58,12.3911
11628,11049,68970.3,5308.68,4877,71336.8,17310.5,-2.49,12.3911
24636.4,20424,79052.6,16103.9,13749,76760.8,25288.4,68.89,12.3933
15565.9,15088,67611.7,8466.9,8164,67967.5,16025.9,45.65,12.3933
16641.6,14687,74257.9,9232.86,8303,72875.4,53146.1,96.28,12.3945
12633,11914,69491.3,7668.96,7162,70174.9,23036.5,71.38,12.3945
11430.1,11113,67406.1,4856.28,4749,67016.5,10158.7,14.11,12.3978
13788.4,11677,77385.8,8561.28,7504,74769.7,35379.2,0.83,12.4045
7873.72,7873,65542,3361.02,3329,66166.4,21582.6,-44.82,12.4045
30822.4,22141,91232.3,22258.9,16685,87429.2,77294.1,115.37,12.4045
10243.5,9941,67530.4,5731.44,5445,68983.6,5821.92,-20.75,12.4056
10633.2,10415,66908.8,4900.74,4827,66537.2,9036.3,-37.35,12.4079
13160,12028,71704.1,7901.4,7201,71910.3,9116.64,65.57,12.409
16069.1,15220,69192.1,6827.34,6568,68123.7,14405,-7.47,12.4112
9259.56,9136,66422.4,3804.84,3736,66743.6,17661.5,0.83,12.4123
10909.2,10712,66742.7,4404.66,4305,67053.1,15578.9,-3.32,12.4123
19192.3,16368,76844.3,9452.04,7856,78850.4,34941.7,51.46,12.4135
43621.3,26277,108794,39230.1,26581,96722.6,12020.6,238.21,12.4146
53195,27281,127788,38367.4,19621,128151,5750.16,169.32,12.4157
7041.4,6956,66340.6,2662.92,2584,67537.6,24034.1,-21.58,12.4213
10212.9,9917,67491.6,4537.26,4413,67381.3,9831.9,-7.47,12.4235
18115.2,17457,68007,7137.78,6817,68619.8,9870.9,21.58,12.4235
20112.4,19299,68298,6652.62,6179,70559.3,19340.9,-18.26,12.4257
33290.1,21283,102509,17119.4,12787,87740.6,17099.9,109.56,12.4269
19556.8,17037,75228.9,11325.6,9693,76574.3,14150,19.92,12.428
6941.44,6904,65891.4,3550.56,3496,66558.8,12481.6,24.07,12.428
69816.3,42669,107232,58747.3,32669,117851,59205.9,255.64,12.4291
11343.1,10969,67771,5825.04,5620,67927,26106.6,74.7,12.4325
12226.4,11953,67035,4332.9,4065,69855.1,12902,-2.49,12.4325
7523.52,7426,66396.6,3967.08,3846,67599.2,7094.88,-8.3,12.4347
14911.7,14656,66679.5,2988.18,2956,66249.4,10661.8,-15.77,12.4358
19922,17736,73613.3,11920,10924,71511,25142.5,66.4,12.4369
8112.4,7972,66690.2,3555.24,3460,67339.9,29611.9,56.44,12.4369
8081.12,7996,66233.6,2696.46,2625,67320.1,9930.18,24.07,12.4414
13610.2,13004,68591.1,6950.58,6652,68477.6,27852.2,65.57,12.4414
12584.1,12294,67082.3,4456.92,4326,67519.4,6142.5,4.98,12.4436
20385.7,18117,73742.8,13896.5,12389,73510.3,11205.5,94.62,12.447
18992.4,18251,68198.2,8743.8,8171,70130.2,6963.84,30.71,12.4481
7503.12,7472,65809,2466.36,2400,67348.1,17187.3,63.91,12.4492
22554.2,21111,70016.3,14018.9,13283,69167,10895.8,99.6,12.4526
9617.24,9579,65797.6,3143.4,3087,66733.4,23019.4,3.32,12.4526
13742.8,12004,75029,10579.1,9388,73851.1,7581.6,14.94,12.4526
24900.9,19428,83997.7,19756.6,15992,80963.6,22148.1,126.99,12.4526
13056,12636,67714.3,5442.84,5221,68320.6,23850.8,19.92,12.4526
12492.3,11193,73143.4,9388.08,8329,73869.3,19616.2,29.05,12.4526
7288.92,7284,65580.3,2971.8,2876,67719,15773.2,28.22,12.4537
25095.4,19649,83701.6,14442.5,11841,79934.3,8982.48,78.85,12.4548
28749.7,14896,126486,14731.9,7404,130398,8658,11.62,12.4548
43367.7,26199,108483,34646.8,22679,100120,32102.5,93.79,12.457
13782.2,12524,72120.2,9086.22,8168,72903.3,58319,42.33,12.457
11496.8,10329,72945.3,7474.74,6580,74447.5,11190.7,41.5,12.4581
12388.2,11973,67808.9,5786.82,5573,68050.4,12655.5,-43.99,12.4581
11858.5,10548,73678.4,7521.54,6784,72660.9,30077.6,70.55,12.4604
10276.2,10157,66304.9,4060.68,3965,67117.5,13106.3,35.69,12.4615
12163.2,11985,66510.2,4662.84,4549,67176.1,12338,-3.32,12.4637
18678.9,17967,68132.8,7618.26,7279,68590.5,46031.7,58.93,12.466
7108.72,7071,65885.6,2620.8,2587,66392.3,14402.7,-8.3,12.4671
24541.9,22509,71454.8,12391.9,11561,70245.9,23910.9,1.66,12.4671
27678.7,24977,72624.9,12598.6,11057,74673,12159.4,34.86,12.4671
5739.88,5797,64890.3,2767.44,2709,66949.8,10696.9,12.45,12.4682
14987.9,14421,68112.2,7032.48,6757,68207.9,12678.9,-30.71,12.4682
13944.1,13508,67651.7,6956.82,6556,69542.7,14178.1,4.98,12.4682
15797.8,15285,67734.5,6684.6,6461,67804,9792.12,-18.26,12.4682
24178.8,22720,69743.8,11207,10576,69446.4,15089.9,20.75,12.4693
25428.6,20748,80320.4,16951.7,14529,76464.3,32145.4,61.42,12.4693
15810.7,15339,67551.3,6218.16,6043,67435.6,26088.7,84.66,12.476
14998.8,14477,67898,5988.84,5789,67798.4,19720,-31.54,12.4771
14002.6,13305,68972,7881.12,7524,68646.6,12183.6,12.45,12.4794
13525.2,13068,67828.9,5977.14,5608,69849.8,36362,24.9,12.4794
14036.6,13601,67634.7,6273.54,6065,67789.4,5992.74,23.24,12.4805
22739.2,12301,121148,13394.9,6973,125893,22987.4,-4.15,12.4816
10182.3,9968,66945.1,4659.72,4560,66969.2,6520.02,43.99,12.4838
13577.6,13249,67161.2,3405.48,3317,67284.1,11471.5,57.27,12.4872
10552.2,10426,66329.5,4066.92,3950,67475.9,6360.9,14.94,12.4872
15735.2,14565,70801.4,6755.58,6081,72806.1,57148.3,71.38,12.4872
13502.8,12996,68091.5,5825.82,5556,68718.7,10019.9,22.41,12.4883
7639.8,7557,66254.1,3208.14,3109,67625.8,19909.5,9.13,12.4894
31730.8,24745,84037.7,23820.4,18365,85003.8,23845.4,77.19,12.4905
40050.6,30490,86085.9,20574.1,14766,91313.9,20592,39.84,12.4917
13240.3,12983,66834.7,6386.64,6195,67563.3,10344.4,14.11,12.4917
12757.5,12403,67409,4489.68,4387,67069.9,8511.36,-17.43,12.4928
9958.6,9785,66698.7,7098,6761,68802.6,7264.92,16.6,12.4928
33222.1,23444,92869.9,22475.7,17456,84381.7,13369.2,128.65,12.4928
15056.6,13372,73792,6357,5580,74661.7,30866.2,26.56,12.4928
21745,20229,70447.5,12264.7,11661,68929,9328.02,16.6,12.4961
14847.1,12568,77420.5,6914.7,6033,75113.8,16795,11.62,12.4961
18598,16713,72927.6,9988.68,8941,73215.3,37722.4,-18.26,12.4961
19099.8,16697,74967.2,9467.64,8221,75473.9,16102.3,-29.88,12.4961
27858.9,26053,70078.8,11148.5,10369,70463,7407.66,63.08,12.4984
29710.6,22956,84819.3,20323.7,17084,77963.8,35338.7,52.29,12.4984
16921.8,16208,68422.2,7916.22,7704,67341.3,5839.08,-14.11,12.5006
10894.3,10808,66059.2,4371.9,4337,66063.4,15076.6,-4.15,12.5017
23397.4,22100,69383.5,11409.1,10680,70009.8,16427.6,39.84,12.504
7138.64,7177,65185.7,2279.94,2260,66114.2,7704.06,46.48,12.5062
15837.9,15372,67522.2,6349.98,6152,67645,15323.1,-15.77,12.5073
12857.4,11701,72013.1,8414.64,7605,72513.1,37600.7,2.49,12.5073
11753.8,11573,66559.8,4908.54,4741,67851.9,8314.02,51.46,12.5084
12940.4,12264,69150.5,8763.3,7820,73441.4,15084.4,57.27,12.5095
7035.28,7019,65688,3222.96,3192,66171.6,9672,-19.92,12.5107
14665.6,12437,77279.3,9263.28,8257,73522.9,6208.02,-6.64,12.5107
15829.7,15279,67898.2,6171.36,5963,67826,13951.1,102.09,12.5107
16171.1,15566,68083.5,6425.64,6217,67735.4,21595.9,32.37,12.5118
9719.24,9576,66516.3,4588.74,4469,67291.9,12312.3,-14.94,12.5118
25007,19275,85025.1,18012.5,15151,77913.7,31774.1,122.84,12.5129
9676.4,9348,67838.3,4467.06,4176,70103.8,15666.3,3.32,12.5129
12963.5,12735,66712,4130.1,4063,66618.3,11751.5,5.81,12.514
6697.32,6637,66131.6,3582.54,3485,67370.3,14553.2,44.82,12.514
10705.9,10560,66441.6,4321.2,4232,66917.3,15316.1,-4.98,12.5185
9605,9476,66428.2,5155.8,4956,68178.1,33239.7,24.07,12.5196
8723.72,8742,65399,4150.38,4086,66568.6,13807.6,83,12.5207
20221.2,17746,74676.8,13286.5,11862,73406.3,17199.8,65.57,12.5218
14478.6,13541,70073.6,6722.04,6093,72301.9,12496.4,-25.73,12.5229
17879.9,17149,68329.3,6067.62,5872,67719.3,24623.8,24.9,12.5263
21634.9,12572,112779,7093.32,4840,96047.1,20675.5,41.5,12.5274
54551.6,42597,83928.4,48640,39549,80600.6,39165.4,191.73,12.5319
13259.3,12945,67127.3,5431.14,5305,67094.3,17459.5,22.41,12.5319
23518.5,21701,71024.7,10576.8,10085,68731.9,14187.4,105.41,12.5352
14029.1,13672,67247.6,5442.84,5224,68281.4,6714.24,48.14,12.5352
8760.44,8616,66634.7,3417.18,3313,67596.8,8902.14,17.43,12.5364
11173.8,10593,69129,6327.36,5897,70318.8,37755.1,31.54,12.5375
14926,14560,67183.4,5517.72,5376,67263.6,15626.5,-35.69,12.5386
15202.8,15033,66276.1,3185.52,3145,66380.4,38316.7,54.78,12.5397
23326,19525,78294.3,12725.7,10897,76534,23339.9,48.14,12.5408
10743.3,10792,65240.4,2347.02,2328,66071.4,17897.9,14.11,12.5408
16850.4,16384,67401.6,5800.86,5604,67838.2,25932.7,36.52,12.5431
25978.7,19132,88989.2,17822.2,14264,81884.3,42163.7,121.18,12.5442
10174.8,10077,66172.3,3700.32,3645,66530.6,9070.62,17.43,12.5464
15026.6,14592,67488.1,6073.08,5940,67004.3,15196.7,20.75,12.5486
19132.5,18064,69412.4,11303,10848,68284.7,6441.24,-15.77,12.5486
18107,17115,69334.7,8691.54,8255,69001.7,12873.1,-19.09,12.5498
6271.64,6245,65815.6,1686.36,1653,66858.6,13728.8,14.94,12.5509
18253.9,17890,66869.1,6940.44,6674,68152.3,11661,33.2,12.5531
20573.4,19474,69235.8,9592.44,9254,67932.8,9604.14,29.05,12.5531
12703.8,12280,67797.5,5797.74,5628,67512.6,8182.2,62.25,12.5542
9836.2,9733,66230.9,3506.88,3453,66558.6,10430.9,-46.48,12.5553
14488.1,14281,66486.3,4726.8,4649,66632.7,8562.06,-24.9,12.5553
27527.1,23905,75466,20610.7,17685,76378,10994.9,30.71,12.5565
15264.6,15116,66180.4,3827.46,3772,66499.6,15669.4,-9.13,12.5565
14505.1,14092,67457.1,5649.54,5464,67761.4,5832.84,2.49,12.5587
60715.8,37313,106640,42439,25957,107150,110143,219.95,12.5598
6219.28,6172,66038,2796.3,2741,66858.2,18335.5,-3.32,12.5609
11885.7,11501,67728.3,6242.34,6041,67720.2,12252.2,16.6,12.5609
10374.1,10198,66667.5,3930.42,3842,67044.3,12909,16.6,12.5609
8334.76,8241,66281.6,3384.42,3337,66467.3,15584.4,17.43,12.562
14992.6,13141,74770.4,12960.5,11813,71902,19083.5,41.5,12.5632
14337.8,13335,70464.3,9226.62,8727,69287.9,16107.8,6.64,12.5643
14335.1,13796,68096.8,6923.28,6672,68004.2,15563.3,-21.58,12.5654
13693.2,12665,70856.3,10947.3,10201,70330.6,20426.6,24.07,12.5654
19524.8,16397,78037.4,11191.4,9888,74175,13704.6,43.99,12.5676
6015.96,5999,65721.3,2335.32,2319,65997.2,18014.1,27.39,12.5688
12599,12318,67031.2,4784.52,4666,67200.7,10888,12.45,12.5699
10508,10188,67594.7,5208.84,5032,67839.1,8647.86,53.12,12.5721
20387.1,19321,69152.1,7785.18,7460,68392.7,27339.8,44.82,12.5732
9118.12,9053,66007.4,3934.32,3885,66368,34948.7,1.66,12.5743
31033.8,24082,84454.5,16358.9,12982,82583.5,40705.1,56.44,12.5799
13508.2,13153,67305.8,6104.28,5921,67564.6,12213.2,9.13,12.5799
34952,25090,91295.9,24425.7,18758,85337.6,17890.1,43.99,12.581
15123.9,14032,70635.6,6580.86,5992,71976.5,20133.4,16.6,12.5822
21511.1,18109,77848.2,12525.2,10880,75446.1,11263.2,-22.41,12.5855
15935.1,13805,75648.2,10726.6,9357,75128.3,15649.1,52.29,12.5866
16846.3,16369,67447,6881.16,6529,69070.9,19487.5,21.58,12.5877
6970.68,7008,65187,2738.58,2688,66769.2,5601.18,-24.07,12.5877
17430.4,14061,81240.4,14058.7,12045,76492.5,15821.5,41.5,12.5922
17053,16393,68174.7,9438,8756,70640.6,11693.8,33.2,12.5933
8931.8,8857,66089.5,3619.2,3549,66832.3,26136.2,95.45,12.5933
14088.9,13568,68052.1,7181.46,6720,70036.3,24694.8,1.66,12.5944
15043,14708,67028.5,5010.72,4884,67236.4,18178.7,16.6,12.5944
15621.6,15040,68070.5,8566.74,8000,70178.7,6698.64,77.19,12.5956
17070.7,16278,68727.5,7441.2,7090,68782.3,24493.6,-1.66,12.5956
16133.7,14681,72020.8,9887.28,8697,74505.3,42625.4,151.06,12.5956
6155.36,6179,65285.3,2675.4,2627,66743.4,11647,-35.69,12.5967
14584,14289,66888.8,5070.78,4913,67640.7,8391.24,50.63,12.5989
18794.5,17971,68539.2,7935.72,7671,67797.6,9065.94,40.67,12.5989
10882,10711,66582.5,4287.66,4147,67758.9,18896.3,10.79,12.5989
57696.6,44516,84940.4,35513.4,28776,80880.1,16716.2,108.73,12.6
26567.6,22947,75876.3,15567.2,13315,76621.5,35688.9,72.21,12.6
14144.7,12882,71959.8,7593.3,6786,73332.5,44931.1,59.76,12.6012
11099.6,9957,73056.7,8195.46,7293,73645.6,13760,8.3,12.6023
19180.8,18389,68357.7,8599.5,8133,69295.1,9090.9,-29.05,12.6023
9266.36,9085,66844.3,3976.44,3849,67705.9,14602.4,5.81,12.6023
16534.2,15112,71703.6,9493.38,8849,70308.3,12782.6,54.78,12.6067
21951.1,18228,78921.8,16420.6,14004,76845,41876.6,83.83,12.6079
11483.8,10380,72505.3,9757.8,8780,72834.5,38635,2.49,12.609
12879.9,12483,67619.6,5951.4,5776,67526.1,7803.12,69.72,12.6101
16069.1,15156,69484.3,7830.42,7444,68938,27406.1,-33.2,12.6101
7560.92,7467,66360.3,4714.32,4623,66830.6,10091.6,-19.09,12.6112
7240.64,7237,65569,3384.42,3333,66547.1,15395.6,14.94,12.6112
12371.9,12280,66026.6,3616.08,3560,66568.4,6112.08,-56.44,12.6123
9377.88,9299,66091.9,3141.84,3079,66873.5,10278.1,-23.24,12.6134
17018.4,16286,68483.1,8382.66,8074,68041.4,26468.5,46.48,12.6134
18442.3,18021,67068,4373.46,4269,67139.6,9522.24,-2.49,12.6134
35176.4,25189,91520.9,18384.6,13997,86079.4,6042.66,30.71,12.6146
15646.8,15353,66790.1,5506.02,5341,67560.9,12208.6,-13.28,12.6179
15621.6,15010,68206.5,8414.64,7826,70465.4,20233.2,43.16,12.6201
8527.2,8417,66394,3563.82,3473,67249.8,29846.7,29.88,12.6201
22567.2,21264,69552.4,8349.12,7936,68947.6,15229.5,32.37,12.6213
14055.6,13558,67941.3,5575.44,5318,68708.5,11611.9,39.01,12.6213
14335.1,13951,67340.3,9536.28,8955,69790,19741,19.92,12.6235
8525.84,8361,66828.1,4445.22,4285,67986.4,9395.1,39.84,12.6257
5506.64,5548,65047.4,2240.94,2184,67244.6,7743.06,15.77,12.6257
10371.4,10245,66344.3,3938.22,3853,66985.5,7048.08,34.86,12.6257
17681.4,16072,72098.4,10573.7,9628,71973.1,75958,77.19,12.6268
14567,13960,68385.4,6065.28,5733,69334.4,25245.5,-6.64,12.6268
15033.4,14312,68839.5,7247.76,6908,68759.3,56869.8,89.64,12.628
16403,16048,66985.6,5339.88,5216,67092.5,29929.4,-13.28,12.6302
7204.6,7204,65541.5,3156.66,3056,67694.7,22506.1,85.49,12.6313
11685.8,11392,67226.2,6103.5,5912,67658.8,43349.3,71.38,12.6324
16627.4,15127,72036.1,12300.6,11415,70620.4,28911.5,-10.79,12.6336
14533.6,14149,67317.6,5456.88,5253,68079.6,13068.1,38.18,12.6347
15061.3,14364,68717.5,6906.12,6520,69417.1,11840.4,13.28,12.6358
10544.8,10332,66885.5,4296.24,4168,67552.4,25134.7,68.06,12.6369
23759.2,15836,98325.5,11966,7745,101253,27265.7,-14.94,12.6369
13391.9,13041,67299.5,4824.3,4697,67312.2,12205.4,-24.07,12.6369
11090.8,9485,76631.2,7994.22,7133,73448.6,19857.2,-31.54,12.638
11585.8,11369,66786,4084.08,3961,67572.4,12824.8,17.43,12.638
9540.4,9591,65190.3,2757.3,2723,66361.5,25094.2,29.05,12.638
14299.7,13927,67289.9,5519.28,5339,67748.9,11270.2,35.69,12.6391
24362.4,22686,70378.7,11444.9,10906,68774.6,15445.6,34.03,12.6403
16290.8,14632,72965.5,8347.56,7457,73362.7,7582.38,54.78,12.6436
26081.4,19621,87114.3,23403.1,18901,81146.3,20766.7,114.54,12.6447
23624.6,21969,70474.7,16903.4,15501,71465.1,27775,98.77,12.6458
23122,21533,70372.3,10490.2,9901,69436.1,9665.76,58.93,12.6481
14754,14385,67216.9,5196.36,5013,67933.1,13269.4,4.98,12.6481
10769.2,10424,67706,5591.04,5356,68411.9,16426.8,73.87,12.6503
12919.3,12146,69708.6,8054.28,7586,69581.5,26500.5,37.35,12.6514
23368.9,18457,82976.8,14511.9,12196,77980.6,12674.2,80.51,12.6525
11479.1,9840,76452.6,8197.8,7224,74370.3,8987.16,-3.32,12.6559
12394.4,12020,67577.1,5436.6,5124,69534.2,55474.4,23.24,12.657
12666.4,12182,68141.7,6018.48,5778,68263.6,38461.8,51.46,12.657
11919,10097,77362.2,8152.56,7217,74031.6,14463.5,2.49,12.657
11266.9,10757,68642.6,5530.2,5297,68421.2,30331.1,64.74,12.6615
12929.5,12613,67180.6,4340.7,4229,67267,12517.4,26.56,12.6626
16761.3,15995,68675.8,11306.1,10543,70279.5,29992.6,92.96,12.6637
36108,27568,85837.7,15884.7,12852,81000.6,64908.5,80.51,12.6671
10247.6,9885,67940,6367.92,6137,68002,8604.96,-4.15,12.6693
21490.7,20676,68118.4,6256.38,6032,67973.8,28748.5,-0.83,12.6693
8436.08,8322,66434.4,3682.38,3570,67599,19334.6,44.82,12.6693
11550.5,10876,69600.2,7336.68,7052,68181.6,14293.5,5.81,12.6693
5756.2,5755,65549.7,2406.3,2367,66624.1,6154.2,-15.77,12.6704
18802.7,18121,68001.4,7681.44,7421,67836,10459.8,13.28,12.6704
11318.6,10771,68867.9,4578.6,4423,67841.5,7169.76,-22.41,12.6704
17263.8,15139,74734.3,9079.98,8115,73329.1,36463.4,28.22,12.6715
12167.9,11924,66876.6,3928.86,3864,66636.1,11586.1,39.84,12.6727
15183,14024,70952.4,7229.82,6773,69956.2,8814.78,-8.3,12.6727
13195.4,12807,67523.5,5389.8,5203,67888.9,8397.48,55.61,12.6727
11256.7,10904,67655.9,4793.1,4645,67625.5,20730.1,19.09,12.676
10416.9,10188,67008.6,4330.56,4232,67062.3,30462.1,-14.94,12.676
15451,12977,78029.9,10829.5,9489,74794.3,11676.6,0,12.6782
18877.5,17422,71011.1,6491.94,5962,71361.2,21172.3,17.43,12.6794
5416.2,5361,66210.8,2464.8,2437,66283.6,7165.86,11.62,12.6805
23977.5,22520,69777.5,11601.7,11080,68621.9,24130.9,58.1,12.6816
17515.4,16564,69300.4,9475.44,8660,71707,26607.4,34.86,12.6827
13851.6,13449,67497.9,5342.22,5188,67484.1,11843.5,-5.81,12.6827
17087,16444,68098.8,6481.02,6236,68111,10970.7,22.41,12.6849
13322.6,13085,66725.8,6105.84,5936,67411.1,24787.6,26.56,12.6849
29741.2,23333,83534.8,19292.5,14689,86074.9,43879.7,120.35,12.6861
29297.1,22060,87036.1,23616.1,18065,85674.1,57359.6,131.14,12.6905
15326.5,13926,72126.9,9313.98,8642,70631.9,36090.6,-9.96,12.6905
12614.7,12149,68048,6130.8,5957,67448.1,8276.58,40.67,12.6916
6532.76,6625,64623.5,2717.52,2681,66428.7,7337.46,-8.3,12.6928
8098.8,7992,66411.8,3283.02,3192,67404.8,14759.2,34.03,12.6939
17641.2,15481,74681,5981.04,5389,72735.8,13678.9,-19.09,12.6972
22971.1,18862,79813,14118,11758,78690,45850,73.04,12.6995
13135.6,12780,67359.3,4739.28,4581,67800.4,6795.36,30.71,12.6995
17825.5,17206,67895.7,6387.42,6150,68066,11038.6,38.18,12.7006
10205.4,10072,66404.3,5569.98,5301,68861.4,23446,39.01,12.7006
24580,18444,87338.6,19185.7,16008,78545.2,18382.3,12.45,12.7051
18817,17633,69936.4,8596.38,7665,73499.3,24709.6,-19.09,12.7073
9143.96,8993,66636.1,3620.76,3505,67700.5,15396.4,36.52,12.7084
11128.2,10726,67993.5,5786.82,5554,68283.2,10299.1,73.04,12.7106
11221.4,10802,68080.3,4046.64,3702,71637.1,19854.9,44.82,12.7129
7743.84,7617,66627.3,3245.58,3129,67977.7,23915.6,-45.65,12.7173
14953.2,14628,66993,3960.84,3872,67039.7,23800.1,45.65,12.7173
9217.4,9152,66004.3,3112.2,3044,67004.3,17589,60.59,12.7185
13202.2,12857,67295.6,4977.18,4857,67157.6,14105.5,46.48,12.7185
25842.7,19792,85571.4,16582,12536,86687.9,10449.7,79.68,12.7185
16902.8,16210,68336.8,7545.72,7258,68134,32628.2,19.09,12.7207
21003.8,19609,70197.7,11478.5,10189,73830,38601.4,-10.79,12.7229
17858.8,16380,71452.8,10424.7,9272,73683.5,8384.22,-17.43,12.724
8068.88,8013,65993,3441.36,3357,67182.9,15560.2,17.43,12.724
9800.84,9448,67983.5,6310.98,6028,68612.5,33916,31.54,12.724
21330.9,19889,70287.3,10194.6,9361,71372,25411.6,86.32,12.724
18739.4,16709,73499.8,9948.12,9033,72175.4,25866.4,74.7,12.7252
8844.76,8750,66245.7,3586.44,3502,67116.2,11901.2,-13.28,12.7252
22044.2,17772,81290.3,14576.6,12136,78715.8,7539.48,14.11,12.7252
13880.2,12494,72807,7965.36,7166,72846.5,23974.1,34.86,12.7263
11320.6,11220,66123.8,4321.2,4256,66540,20518.7,-34.03,12.7263
14694.8,14273,67472.7,8676.72,8113,70089.7,12560.3,75.53,12.7263
13578.9,13297,66925.5,5176.08,5029,67452.7,9637.68,23.24,12.7274
37532.6,19253,127759,36110.9,21493,110109,169746,197.54,12.7285
14012.1,13601,67516.8,5010.72,4873,67388.2,18297.2,-11.62,12.7319
5271.36,5270,65552.9,2257.32,2230,66338.9,8528.52,20.75,12.7363
11675.6,11017,69453.8,6842.94,6393,70148.4,42000.7,13.28,12.7408
14282,13436,69662.7,7356.96,6648,72524.9,38752.7,19.09,12.7419
9753.24,9737,65645.3,3776.76,3673,67387.4,8366.28,-19.09,12.7442
24580.6,22393,71938.4,18146.7,16585,71707.1,17479,76.36,12.7453
14276.6,13688,68354.1,5650.32,5436,68119.8,5771.22,60.59,12.7453
17148.9,16608,67670.5,7221.24,6604,71661.3,34946.3,4.98,12.7464
9246.64,9117,66467.9,3613.74,3533,67033.7,34525.9,78.02,12.7486
10950.7,10790,66512.2,4529.46,4390,67617.9,18429.1,-17.43,12.7497
18825.8,17977,68630.3,9371.7,8825,69595.9,8239.14,54.78,12.7531
16412.5,16009,67187.7,6505.2,6393,66686.2,26344.5,60.59,12.7542
22382.2,19089,76842.2,11276.5,9513,77684.7,24458.5,13.28,12.7553
15397.9,14440,69883.5,8685.3,8124,70064,24227.6,20.75,12.7553
14664.2,13980,68743.4,7252.44,6933,68555.6,25332.1,69.72,12.7553
8628.52,8585,65868.2,3573.18,3492,67059.5,18095.2,-41.5,12.7564
16787.2,15565,70681.9,8220.42,7309,73708.2,20830.7,98.77,12.7576
17200.6,16479,68405.8,8385.78,7839,70107.2,8301.54,3.32,12.7576
16447.2,16083,67019.9,4739.28,4551,68247.3,17486.8,-5.81,12.7576
16393.4,15492,69349.4,7205.64,6800,69445.4,34596.1,-26.56,12.7576
11312.5,11151,66485,4559.1,4427,67491.6,5966.22,24.07,12.7587
13410.3,12568,69928.1,9246.9,8476,71496.6,10519.1,36.52,12.7598
16513.1,15356,70474.3,7705.62,7256,69597,9913.8,76.36,12.7609
9908.96,9805,66230.9,3552.9,3488,66755.4,14392.6,-8.3,12.762
18538.2,16329,74402.4,10391.9,9129,74602.5,19783.1,38.18,12.7631
12047.6,11931,66176.3,1779.18,1743,66896.4,14754.5,-29.05,12.7643
11498.1,10836,69540.5,7625.28,7224,69176.4,31040.9,-23.24,12.7654
11427.4,11172,67034.2,4677.66,4496,68184,16798.1,-13.28,12.7665
17666.4,15015,77108.6,12618.1,11095,74532.4,38717.6,118.69,12.7676
35278.4,29721,77790.3,16666.3,13940,78352.9,17123.3,146.08,12.7676
12495,12073,67826.8,5134.74,4948,68009.4,5910.06,-19.09,12.7687
12790.8,12353,67858.6,5218.2,4981,68656.9,6187.74,79.68,12.7699
5844.6,5749,66625.8,2215.2,2161,67179.7,9794.46,9.96,12.771
20187.2,18273,72401.1,8874.84,7777,74787.4,8989.5,54.78,12.7721
10589.6,10216,67932.9,4728.36,4433,69902.5,10278.1,16.6,12.7732
6370.92,6377,65473.5,2865.72,2793,67242.3,24491.2,50.63,12.7766
12935.6,12469,67988.6,5377.32,5089,69249,23894.5,48.97,12.7766
17888.1,17084,68620.5,5850,5388,71155.5,31052.6,116.2,12.7777
11177.2,10737,68222.6,5701.8,5469,68325.7,16194.4,1.66,12.7788
14007.3,13065,70262.8,7127.64,6356,73492.3,46183,31.54,12.7799
17088.4,15498,72261.3,10055.8,8782,75041.5,33948.7,-20.75,12.7799
8776.76,8729,65894.6,2896.14,2841,66808,19546,23.24,12.781
21525.4,17964,78528.6,17840.9,15352,76161,7314.84,59.76,12.781
13255.9,12595,68975,5899.14,5603,68999.8,18799.6,-8.3,12.7855
18100.2,17457,67950.8,6112.08,5889,68018.5,30508.9,42.33,12.7855
11935.4,11617,67332,5282.94,5049,68572.5,7651.02,-17.43,12.7855
27816.1,25126,72552.5,15487.7,14402,70476.4,13464.4,59.76,12.7866
8436.76,8304,66583.8,3464.76,3352,67740.6,23668.3,-14.94,12.7866
18991,16992,73246.1,12830.2,11760,71500.1,13199.2,76.36,12.7866
11460,9339,80420.3,11515.9,9624,78419.3,25835.2,59.76,12.7877
13937.3,11713,77981.2,7978.62,6933,75420,9095.58,21.58,12.79
19211.4,18325,68705.9,7161.18,6833,68683.6,19001.6,81.34,12.79
17825.5,16025,72899.4,10815.5,9901,71589.1,24482.6,85.49,12.7922
18064.2,16841,70296,10092.4,9353,70717.1,7938.06,26.56,12.7922
14278,13865,67488,5679.18,5501,67658.7,18989.1,9.96,12.7933
12323,12092,66787.8,5678.4,5432,68508.8,5688.54,-36.52,12.7944
33016,25385,85236.9,21804.9,17485,81727.5,113503,112.05,12.7978
20822.3,18011,75765.3,11626.7,10155,75033.6,53860.6,81.34,12.7989
12505.9,12288,66698,6163.56,5964,67728.9,27936.5,-9.96,12.7989
18796.6,15761,78158.2,9454.38,8113,76371.5,46881.1,79.68,12.8
15840.6,15349,67635,5306.34,5073,68550.4,9643.92,9.96,12.8034
15529.8,14929,68173.6,5679.96,5469,68064,7861.62,6.64,12.8034
11284.6,10728,68936.2,5816.46,5432,70174.4,21903.2,80.51,12.8045
14735.6,13981,69073.2,6020.82,5517,71520.8,6761.82,-13.28,12.8056
17353.6,16683,68170.3,6999.72,6587,69642.3,26886.6,-63.08,12.8067
16109.9,14985,70455.6,7863.96,7300,70599,28129.9,-1.66,12.8078
15271.4,14000,71487.8,8629.14,7828,72243.1,34579.7,-6.64,12.8078
16279.2,15756,67712.2,6739.2,6568,67244.3,14306.8,9.96,12.8078
12284.2,12047,66826.4,4302.48,4079,69126.6,7179.9,-45.65,12.809
13472.2,12210,72310.5,6627.66,6022,72127.3,46485.7,44.82,12.8123
12765.6,12594,66429.2,4368.78,4242,67494.7,11038.6,-4.15,12.8145
11764,11262,68457.3,6404.58,6170,68027.6,16676.4,25.73,12.8168
20976,17448,78787.3,16811.3,14956,73666,9489.48,86.32,12.8168
36135.9,22872,103542,36625.7,26065,92089,29945,150.23,12.8201
15357.1,14141,71172.1,6466.98,5981,70861.1,6265.74,65.57,12.8212
13656.4,13013,68776.5,6186.96,5917,68526,38686.4,-10.79,12.8212
14493.5,13956,68060.1,7559.76,7300,67868,8568.3,-9.96,12.8224
11832,11548,67147.7,4516.98,4380,67585.6,17245.8,9.96,12.8224
11587.2,10934,69451.1,7069.92,6694,69216.4,11101,63.91,12.8246
16712.4,14985,73090.5,10781.9,9789,72183.6,30297.5,4.15,12.8246
8875.36,8768,66338.5,2799.42,2728,67251.8,24731.5,53.12,12.8268
13152.6,12734,67690.1,5088.72,4954,67318.2,10853.7,49.8,12.8291
15821.6,14988,69180.8,6853.86,6296,71342.8,11977.7,-4.98,12.8302
31148.1,25193,81027.3,20595.9,15869,85057.2,18822.2,60.59,12.8313
7259.68,7205,66033.4,3415.62,3361,66601,17199.8,33.2,12.8313
25162.7,23709,69554.4,9546.42,9197,68025.9,12321.7,-18.26,12.8335
18142.4,17290,68766.9,8831.16,8538,67786.3,17813.6,9.13,12.8335
10894.3,10617,67247.6,5144.88,5028,67059.4,37586.6,12.45,12.838
26088.2,24032,71143.3,15448.7,14704,68855.1,19454,43.16,12.8391
24131.8,22409,70574.5,11015.9,10489,68828.4,14483,58.93,12.8414
9239.16,8817,68673.9,4721.34,4565,67780.4,7298.46,83,12.8425
12877.2,12544,67276.6,4196.4,3980,69099.3,8706.36,-46.48,12.8447
12554.8,12424,66226.2,3896.88,3816,66925,32478.4,26.56,12.8458
26156.2,24624,69613.9,13384.8,12224,71759.4,28753.1,22.41,12.8458
34037.4,28417,78497.9,17329.3,14573,77931.1,49881.8,9.96,12.8469
20452.4,19913,67311.1,5957.64,5821,67074.4,8520.72,99.6,12.8481
11044.6,10898,66417.4,4558.32,4466,66890.7,25882.7,14.94,12.8492
23381.8,21477,71348.4,14497.9,13685,69428.7,18644.3,79.68,12.8503
18865.9,18054,68483.3,6934.2,6610,68750.3,12891.8,36.52,12.8503
8639.4,8433,67140,4884.36,4505,71054.7,25367.2,96.28,12.8514
15669.2,14867,69072.4,7904.52,7639,67813.9,17759,59.76,12.8514
11236.3,10908,67508.6,5235.36,4917,69779.3,7759.44,-5.81,12.8536
12670.4,12524,66302.3,6087.12,5836,68356,7859.28,-8.3,12.8548
14456.8,14087,67256.4,5481.84,5235,68626.1,44916.3,1.66,12.857
6889.76,6917,65277.9,2310.36,2277,66496.1,6184.62,-24.07,12.857
14457.5,13895,68188.9,6950.58,6659,68405.6,10376.3,24.9,12.8603
10679.4,10477,66802.1,4176.12,4089,66932.3,9843.6,46.48,12.8615
5104.08,5112,65434.5,2429.7,2380,66904.5,20112.3,76.36,12.8626
7817.28,7820,65513.2,3661.32,3585,66931.2,9956.7,-3.32,12.8626
11858.5,11653,66691.8,4619.16,4481,67556.6,28986.4,63.08,12.8637
14959.3,14673,66814.8,6004.44,5845,67323.7,18848.7,55.61,12.867
20599.9,19126,70586.4,10381,9766,69663.2,15965,20.75,12.8693
22619.5,20203,73374.9,10158.7,9007,73916.1,49419.2,69.72,12.8693
11557.3,11336,66815.3,5548.14,5260,69126,8542.56,76.36,12.8704
9163,8876,67655.1,6488.04,5964,71294.5,27836.6,73.87,12.8704
10304.7,10218,66092.2,2994.42,2890,67903.9,9681.36,29.05,12.8704
10409.4,10360,65848.8,3690.18,3612,66954.5,16884.7,15.77,12.8726
12305.3,11587,69598.6,7715.76,7175,70475.3,39084.2,28.22,12.8738
11626.6,11144,68374.3,5802.42,5313,71573,12809.9,48.97,12.8749
9180.68,9068,66350.4,4102.02,3928,68439.4,9987.12,8.3,12.8749
12752,11228,74431.6,5899.92,5228,73958.9,27240.7,107.9,12.8793
14975,13970,70250.5,8814,8242,70084.2,8698.56,18.26,12.8793
15782.8,15321,67511.4,5092.62,4909,67987.4,23976.4,46.48,12.8793
6394.72,6405,65430.8,3020.94,2945,67225.9,10580.7,10.79,12.8816
11946.9,10569,74080.2,6051.24,5497,72143.7,33281.8,-12.45,12.8816
10883.4,10640,67035.2,4072.38,3924,68014.1,7428.72,-33.2,12.8816
19537.8,13717,93346,18018,14565,81073,28048,38.18,12.8838
19015.5,16208,76888,11260.9,10108,73010.7,10505.8,33.2,12.8838
10764.4,10369,68035.1,6144.06,5861,68701.1,6193.98,-39.01,12.8838
12776.5,12476,67114.6,5761.86,5612,67286,21601.3,115.37,12.886
24911.8,22272,73303.7,15165.5,13312,74661.1,35973.6,-2.49,12.8883
7273.28,7312,65189,3242.46,3160,67246.2,11835.7,-9.13,12.8894
18892.4,14699,84232.6,14143.7,11467,80834.1,14693.6,76.36,12.8894
7025.76,6963,66126.7,3129.36,3059,67043.4,9002.76,-49.8,12.8916
12527,12169,67463.8,5176.86,5012,67691.7,21782.3,-39.84,12.895
18239.6,16492,72480.8,11113.4,9672,75303,13472.2,91.3,12.895
14333,13825,67944.3,5730.66,5497,68321.7,10522.2,48.14,12.8961
21819.8,16412,87130.5,15198.3,12392,80377.3,33259.2,58.93,12.8961
15456.4,13213,76663.2,9849.06,8525,75714.7,16656.1,70.55,12.8972
12975.8,12476,68161.2,5313.36,5057,68858.3,16738.8,33.2,12.8972
16780.4,16115,68241.9,4938.18,4752,68103.7,34737.3,-2.49,12.8994
21151.4,20029,69208.6,6489.6,6048,70321.2,12727.3,4.15,12.8994
16024.9,15301,68636.5,6663.54,6441,67800.3,25412.4,-22.41,12.9006
12533.8,12325,66646,4331.34,4225,67185.5,37553.9,38.18,12.9039
11394.1,10965,68100.5,5735.34,5365,70059.9,26913.1,32.37,12.9039
25158.6,21261,77550.3,8701.68,7213,79061.9,19804.2,48.97,12.9039
22317.6,21552,67864.1,6864.78,6336,71005.4,15062.6,160.19,12.9062
10605.3,9240,75219.4,7801.56,6904,74056.1,35325.4,-14.94,12.9073
10903.1,9981,71590.7,6203.34,5673,71662.6,22216.7,32.37,12.9084
8184.48,8079,66391.6,3595.8,3499,67349.1,5705.7,24.9,12.9095
17299.9,16516,68646.5,8502.78,8004,69620,25940.5,4.15,12.9106
7567.04,7429,66753.7,3786.12,3621,68524.5,13794.3,84.66,12.914
13096.1,12660,67793.6,4377.36,4196,68368.6,27991.1,-7.47,12.9162
7711.2,7602,66477.4,3184.74,3078,67808.7,22197.2,41.5,12.9173
12775.2,12393,67556.9,4686.24,4548,67528,17548.4,47.31,12.9184
14321.5,12773,73481,11558,10581,71587.5,7381.14,60.59,12.9196
5975.84,5936,65975.9,2074.02,2052,66239.3,6340.62,53.95,12.9207
20857,17248,79248.7,10644.7,9076,76863,19678.6,83.83,12.9218
12234.6,11689,68594.8,6670.56,6164,70921.8,35794.2,50.63,12.9229
12129.8,11805,67339.4,4807.14,4685,67244.5,16968.9,19.09,12.924
12569.8,12444,66198.5,3478.8,3416,66740.8,11101,20.75,12.924
23432.8,20796,73845.6,15364.4,13605,74011.3,11563.5,-34.03,12.9274
6204.32,6087,66799.1,3064.62,2964,67760.8,8989.5,-13.28,12.9296
11617.1,11045,68930.7,6047.34,5745,68984.9,27613.6,43.16,12.9341
15731.8,11455,90004.3,15770,12527,82502.2,56144.4,101.26,12.9352
5446.8,5313,67186.4,3007.68,2881,68417.7,9615.06,-9.96,12.9363
10871.8,10657,66857.2,3985.8,3857,67724.5,9052.68,15.77,12.9363
9080.04,8975,66303,3939.78,3819,67608.6,33529.9,-15.77,12.9374
15706.6,14588,70561.5,8115.9,7436,71528.2,6594.12,28.22,12.9408
25844.1,20646,82036.1,9752.34,8226,77696.2,61278.4,61.42,12.9408
12771.1,12189,68665.6,6172.92,5945,68048.5,30393.5,4.98,12.9419
13075.7,12163,70453.9,7523.88,6995,70491.1,8719.62,31.54,12.9453
25578.2,20870,80320.7,15638.2,12690,80761.7,83062.2,48.97,12.9475
14669.6,13801,69660.9,9895.86,9209,70424.1,32317,52.29,12.9475
15301.4,13649,73469.9,9315.54,8261,73901.9,9881.04,58.93,12.9486
11505.6,10900,69177.2,5148,4676,72151.3,9542.52,28.22,12.9497
26381.3,24320,71090.6,11803,11280,68574.4,12161.8,46.48,12.9497
17540.6,15793,72788,7048.86,6281,73547.9,50664.9,58.1,12.9508
16466.2,15608,69139.5,7223.58,6888,68728.9,6901.44,35.69,12.952
29702.4,25839,75334.8,18074.9,15663,75627.9,26250.9,69.72,12.9542
13307.6,12620,69106.7,7273.5,6824,69852.9,7439.64,-19.92,12.9542
11487.9,11129,67649.6,5103.54,4957,67473.4,18763.7,21.58,12.9542
18809.5,17541,70275.3,8523.06,8117,68814.5,34245.1,76.36,12.9564
9282,8092,75173.7,7764.9,6908,73665.4,14377,9.96,12.9564
17473.3,16564,69133.6,8525.4,7728,72298.2,11586.1,81.34,12.9587
13039,12280,69586.6,6396.78,5800,72279.2,6563.7,-34.86,12.9587
16050,15593,67456.9,5611.32,5469,67241.4,19581.1,9.13,12.9587
16675.6,16025,68196.9,7458.36,7172,68152.7,10888.8,38.18,12.9631
12575.9,12044,68430.4,4498.26,4072,72396.4,7573.02,-4.15,12.9642
11819.1,10668,72607.4,10622,9672,71973.3,26649.5,0,12.9642
8359.24,8228,66581.3,3247.92,3136,67874.9,6771.18,44.82,12.9676
12438.6,12133,67186.5,4903.86,4757,67559.3,20499.2,34.86,12.9687
11074.5,10789,67270.1,3882.06,3781,67287.7,20106.1,-0.83,12.9698
8942.68,8748,66994.4,3395.34,3292,67593.3,8948.94,47.31,12.9698
67488,44401,99612.4,59296.4,38741,100308,21172.3,280.54,12.9698
25484.4,23973,69667.7,11895,11213,69522,11002.7,51.46,12.9698
17372.6,16712,68126.7,5594.16,5377,68182.8,32125.9,49.8,12.971
22412.1,19427,75606.2,10727.3,9219,76258.5,28457.5,5.81,12.9732
29089.7,23444,81318.2,21184.8,17732,78297.3,51389.5,35.69,12.9754
16671.6,16323,66935.5,6320.34,6231,66475.7,16002.5,24.07,12.9777
18573.5,17432,69827.6,12730.4,11724,71161.6,9654.06,0.83,12.9799
24152.9,20569,76954.9,13270.9,11561,75229.1,17625.7,53.12,12.9821
14853.9,14524,67024.7,4485.78,4236,69400.4,8278.14,24.9,12.9821
21697.4,17829,79755.6,12778.7,11137,75196.9,71421.5,53.95,12.9844
12329.1,11882,68001.9,6984.12,6558,69794.3,25667.5,64.74,12.9844
20777.4,19568,69586.5,8553.48,8164,68662.5,9899.76,97.11,12.9844
14720,13952,69143.3,6878.04,6472,69647.6,16697.5,55.61,12.9866
13019.3,12713,67114.9,7508.28,7097,69333.9,42983.5,60.59,12.9877
10686.2,10373,67514.8,5047.38,4825,68556.5,18959.5,45.65,12.9911
7161.08,7077,66314.6,2659.8,2609,66812.1,22094.3,16.6,12.9922
7384.8,7421,65216.3,2265.9,2217,66981.5,6849.96,-24.07,12.9944
14891.3,14142,69008.5,9575.28,8922,70334.6,10532.3,8.3,12.9955
11645,10395,73416.7,9459.06,8726,71041.6,8194.68,-8.3,12.9978
12274,12005,67004.5,7834.32,7377,69598.8,21627.1,20.75,13
11210.5,10261,71600.2,5996.64,5381,73034,16364.4,-19.92,13
13976,13632,67190,5172.96,5032,67371.8,10095.5,6.64,13.0011
38701.5,31017,81772.7,22148.1,18228,79630.1,7159.62,80.51,13.0011
12899.6,12713,66497.9,4588.74,4489,66992.1,15735.7,-15.77,13.0011
10504.6,9317,73889.9,6979.44,6341,72134.5,27181.4,22.41,13.0022
18602.8,16592,73478.2,5523.18,4864,74417.6,8794.5,-40.67,13.0022
8141.64,8132,65613.7,3194.1,3116,67178.6,9980.88,-11.62,13.0034
8412.96,8328,66204.6,3283.8,3208,67084.5,9847.5,-27.39,13.0056
16396.2,15232,70544.8,10259.3,9284,72421,14040,16.6,13.0067
17788.8,16744,69625.4,7795.32,7384,69186.6,15003.3,96.28,13.0078
16667.5,15920,68613.1,6463.86,6088,69582,8916.18,24.07,13.0089
32858.3,21384,100701,13798.2,8149,110968,29054.2,72.21,13.0101
16281.9,15686,68025.8,7121.4,6770,68937.7,15467.4,48.14,13.0123
17783.4,17385,67037.7,6435.78,6253,67451.7,10504.3,60.59,13.0123
12901,12464,67833.6,5318.04,5140,67806,8489.52,58.93,13.0134
14420.1,13906,67958.8,5634.72,5394,68460.7,26236.1,6.64,13.0145
34877.2,23665,96586.2,26736.8,20405,85872.4,22357.9,58.93,13.0145
8965.8,8059,72910.1,5928.78,5471,71019.7,7314.84,49.8,13.0145
19179.4,18188,69108.3,9686.82,9217,68876.6,10997.2,-11.62,13.0179
16641,15069,72372.6,11532.3,10384,72783.2,13052.5,19.92,13.019
12270.6,12151,66181.1,3799.38,3731,66737.1,19400.2,-15.77,13.019
16940.2,16080,69041.7,7147.92,6688,70042.8,13383.2,38.18,13.0235
18213.8,17006,70190.5,9039.42,8570,69125.7,24265.8,18.26,13.0235
14994.7,13616,72171.8,9279.66,8208,74092.6,46075.4,71.38,13.0246
18299.5,16887,71017.6,6705.66,6051,72626.4,37728.6,-13.28,13.029
11480.4,11205,67147,4928.82,4769,67732.3,11791.3,-19.09,13.029
14420.1,13660,69182.6,9308.52,5964,102288,46999.7,102.92,13.029
24322.9,20845,76470.5,14998.6,13184,74556.3,9054.24,76.36,13.0313
25438.8,23699,70347.1,9207.12,8611,70072.9,15006.4,51.46,13.0313
18559.2,17912,67904.1,8388.12,8097,67892.3,27488,34.03,13.0313
89226.2,57108,102394,51321.7,31936,105317,135301,171.81,13.0335
38383.3,33725,74588.2,21910.2,19344,74230.1,17894,143.59,13.0335
18536.1,17681,68705.6,10697.7,10049,69766.6,9700.86,26.56,13.0346
14207.9,13730,67817.2,5842.2,5606,68297.3,11473,43.99,13.0369
13351.8,12572,69601,9169.68,8328,72159.5,23922.6,63.08,13.0369
17007.5,16492,67584.4,4481.88,4177,70319.5,18519.5,-10.79,13.038
12502.5,12338,66409.7,4506.06,4454,66302,11306.1,-14.94,13.038
22420.3,18840,77990.2,13687.4,11404,78658.4,22274.5,130.31,13.0425
18181.8,17596,67717.9,5978.7,5672,69079.7,22928.1,60.59,13.0436
12585.4,11968,68917.1,6323.46,6016,68885.4,18014.9,2.49,13.0436
13769.3,13344,67624.9,5008.38,4864,67481.3,43394.5,-4.98,13.0436
11358,11157,66716.9,4708.86,4533,68078.5,22144.2,53.95,13.0436
17142.1,14792,75948.2,13079,11409,75129.1,10349,0.83,13.0447
8230.04,8108,66522.4,3277.56,3160,67974.1,22457.8,13.28,13.0447
29883.3,22720,86198.5,16238,14048,75752.9,57332.3,50.63,13.0447
12667,11895,69789.6,7598.76,7079,70347.8,17349.5,86.32,13.0469
11437.6,11059,67779.6,6934.98,6659,68252.1,30277.3,29.88,13.0514
31248.7,21645,94613.8,43120,33472,84426.1,40319,190.9,13.0536
11017.4,10268,70318.8,7119.06,6508,71689.4,21820.5,49.8,13.0559
14705,14260,67581.1,5403.84,5244,67533.6,33103.2,81.34,13.0559
7771.04,7737,65824.3,2717.52,2605,68366.8,9544.08,39.84,13.057
7941.72,7883,66024.2,3270.54,3199,67001.6,17738.8,37.35,13.0581
12269.9,12084,66544.3,4908.54,4796,67073.8,7034.82,-3.32,13.0592
14773,14036,68977.1,8353.8,7952,68847.4,29088.5,19.09,13.0614
7973,7789,67084.2,3596.58,3481,67712,19689.5,15.77,13.0626
29512,21518,89882.8,30338.9,24494,81174.5,66466.9,146.08,13.0626
36590.8,29276,81910.6,26422.5,22168,78113.7,28907.6,105.41,13.0626
11748.4,11496,66974.7,4524,4444,66715.8,11561.2,-8.3,13.0626
8373.52,8286,66228.2,3643.38,3578,66733.5,13380.9,46.48,13.0637
65782.5,45432,94891.8,40900.9,30517,87835.6,37103,194.22,13.0648
12506.6,12294,66669.1,4382.04,4258,67445.1,6942.78,-36.52,13.0648
10835.1,10573,67160.7,4645.68,4493,67763,6068.4,35.69,13.0659
17306.7,16904,67097.2,5137.08,4901,68692.9,10504.3,48.97,13.0681
9824.64,9340,68936.6,7301.58,6908,69269.9,27199.4,36.52,13.0693
12501.1,12252,66868.5,4543.5,4460,66763,8342.1,5.81,13.0726
31488.8,24531,84124.1,28707.1,24208,77716,6262.62,117.86,13.0749
20116.4,18625,70783.9,10166.5,9653,69022.4,14702.2,20.75,13.0804
15561.1,14944,68242.3,6003.66,5792,67930.9,6488.04,31.54,13.0827
23006.4,21521,70059.5,9304.62,8845,68941.5,11151.7,10.79,13.0838
15247.6,14322,69771.6,8692.32,8034,70906.1,20205.9,58.1,13.0838
13632.6,13262,67367.6,5238.48,5130,66921.8,14672.6,56.44,13.0849
18013.2,16289,72473,12458.9,11077,73712.1,42390.7,43.16,13.0871
15085.8,14734,67100.8,5924.88,5754,67482.3,14142.2,34.03,13.0871
8045.76,7937,66434,3647.28,3585,66674.5,16401.1,32.37,13.0883
13162.1,12644,68221.3,5326.62,5168,67547.5,13097.8,13.28,13.0883
10688.2,10617,65975.7,4073.94,4045,66004.9,21784.6,52.29,13.0894
13343.6,13133,66587.1,5050.5,4944,66947.7,7308.6,20.75,13.0894
13773.4,13392,67402.4,5578.56,5364,68157.4,14982.2,38.18,13.0938
27110.9,24451,72665.4,16890.9,15331,72204.2,19886.9,35.69,13.0938
7947.84,7876,66133.8,3484.26,3408,67002.5,15441.7,48.97,13.0938
9134.44,8969,66744.9,4145.7,4036,67317.3,8900.58,-10.79,13.095
10417.6,10132,67383.3,4716.66,4484,68936.4,36732.5,6.64,13.095
13463.3,12949,68139,5763.42,5481,68912.9,6378.06,-7.47,13.0961
10050.4,9786,67306.7,4793.88,4638,67738.6,38055.4,29.88,13.0994
13901.9,13415,67914.7,5599.62,5331,68838.3,18019.6,0,13.1005
8109,8072,65836.4,3429.66,3361,66874.8,12923,24.9,13.105
6690.52,6666,65777.1,2783.04,2746,66420,21180.9,-19.92,13.105
9329.6,9049,67568.2,5663.58,5332,69611.5,5699.46,3.32,13.1084
13876.1,13321,68266.9,7851.48,7533,68306.7,19523.4,4.15,13.1084
19409.9,18373,69234.7,9085.44,8757,67994,8977.02,46.48,13.1095
16764,15096,72777.4,10895,9617,74245.3,23173,12.45,13.1106
21849.1,20987,68228,7768.02,7455,68287.7,6407.7,24.9,13.1106
20036.2,18909,69442.7,10598.6,9997,69480.1,17128,55.61,13.1117
8143,8023,66516.2,4096.56,3891,68998.3,10799.1,35.69,13.1117
12312.8,10929,73833.8,7102.68,6377,72993.8,15192.1,18.26,13.1128
9021.56,8505,69516.4,5169.06,4749,71332.8,30493.3,21.58,13.1151
12482.1,12016,68078,5876.52,5652,68139.4,15692.8,16.6,13.1173
24837.7,13357,121866,15863.6,9773,106379,35604.7,135.29,13.1173
16049.4,15015,70050.7,9707.88,9027,70479.2,29699.3,44.82,13.1173
15166,14605,68053.5,6559.02,5993,71725.7,18762.1,48.14,13.1184
13008.4,12731,66964,4186.26,4123,66541.5,9643.92,4.15,13.1195
7184.88,7144,65911,2740.92,2661,67504.3,12884,-28.22,13.1195
13938,13688,66732.8,4475.64,4440,66062.1,26103.5,-29.05,13.1195
5723.56,5656,66318.8,2281.5,2284,65464.3,29107.3,-52.29,13.1207
18160.1,17908,66458.5,3402.36,3264,68314,17851.1,-42.33,13.1229
14426.2,14051,67286,5666.7,5527,67192.5,20212.1,4.98,13.1229
33854.5,26505,83708.3,25066.1,20237,81174.6,13789.6,107.9,13.1274
11334.9,11213,66248.6,5356.26,5296,66281.7,10423.1,-29.05,13.1285
36354.8,26936,88452.3,24278.3,18296,86964.4,20994.5,45.65,13.1285
13798.6,13272,68136.1,6875.7,6604,68232.3,10569,33.2,13.1296
23866.6,19677,79490,13748.3,11501,78341.6,17920.5,21.58,13.1329
11851.7,11349,68439,7954.44,7405,70398.7,6903,25.73,13.1329
12871.7,12481,67587.6,5342.22,5185,67523.2,11258.5,24.9,13.1352
9507.76,9325,66820.4,4085.64,4029,66457.3,7413.12,-9.96,13.1363
31003.9,24461,83065.8,19833.1,16573,78427.5,111277,127.82,13.1397
34825.5,31308,72899.1,19116.2,18092,69246.2,6855.42,70.55,13.143
13068.9,11846,72301.6,7076.94,6358,72946.6,20999.2,50.63,13.1452
12462.4,12115,67415,5945.16,5763,67607.5,65584.7,-27.39,13.1464
18939.4,16494,75252.2,11672.7,10286,74371.2,6350.76,24.9,13.1475
13763.2,11617,77643.5,7605,6645,75004,22548.2,39.84,13.1475
20905.9,16321,83946.5,13003.4,10913,78089.4,35180.3,24.9,13.1486
16554.6,14844,73088.3,12040.9,10664,73997.5,9868.56,40.67,13.1497
12397.1,12157,66830.2,5400.72,5193,68157.4,7952.1,27.39,13.1519
19967.5,19244,68000,7322.64,6993,68625.3,8627.58,-24.9,13.1586
9950.44,9571,68134.2,4863.3,4647,68586.5,31727.3,-34.86,13.1586
11062.2,10780,67251.9,5408.52,5192,68269,21426.6,-9.13,13.1586
11373,10982,67869.3,7598.76,7249,68698.1,19520.3,8.3,13.1598
12431.8,12056,67578.6,7264.92,6796,70057.9,10161.8,34.86,13.1609
11524,10612,71167.9,9815.52,8964,71761.5,26123,-0.83,13.1609
20921.6,20045,68401.9,8507.46,8221,67819.6,7685.34,90.47,13.162
19272.6,18529,68165.9,7037.16,6837,67454.6,7715.76,41.5,13.1653
16570.9,15667,69317.2,8234.46,7875,68527.4,24924.9,23.24,13.1665
27252.4,19517,91510.5,19351,15469,81982.6,108434,89.64,13.1676
17384.9,16488,69100.9,10427.8,9653,70796.4,7824.96,41.5,13.1676
29965.6,23289,84324.1,19237.9,15700,80304.2,30327.2,19.09,13.1687
20065.4,18710,70283.7,13239.7,12438,69760.3,11513.6,54.78,13.1698
12025.1,11309,69685.9,6016.92,5440,72486.2,21946.9,32.37,13.1709
8008.36,7888,66536,3476.46,3384,67326.6,14486.2,-3.32,13.1721
12831.6,12549,67011.9,5261.88,5129,67233.9,9715.68,-42.33,13.1721
34448.1,22972,98275.8,31813.9,23589,88386.7,5679.18,91.3,13.1743
16760.6,16148,68022.4,7381.92,7140,67756.5,17179.5,37.35,13.1743
12471.9,12144,67305.4,5105.88,4972,67300.7,9570.6,-21.58,13.1754
17822.8,17136,68162.7,7517.64,7204,68389.2,8686.08,-3.32,13.1799
6727.92,6677,66035.8,2927.34,2813,68199.8,9656.4,2.49,13.1799
32267.4,22116,95617.4,34449.5,25344,89081.5,54971.3,171.81,13.181
14284.8,12716,73621.1,8994.96,8056,73174.5,16723.2,14.94,13.1821
9967.44,9649,67698.9,5133.96,4945,68040.3,9362.34,-76.36,13.1821
14470.4,11884,79799.1,10426.3,8965,76218.1,6182.28,14.94,13.1843
23992.4,19613,80169.7,12692.2,10493,79271.3,24554.4,41.5,13.1843
15164,14449,68779,6869.46,6601,68201.3,13631.3,4.98,13.1855
12723.5,12552,66431.3,4663.62,4568,66907.8,17427.5,83,13.1855
5911.92,5935,65281.1,2669.94,2619,66810.7,7711.86,-34.03,13.1877
14572.4,14183,67335.3,5223.66,5043,67883.8,18624.8,14.94,13.1888
20000.2,18344,71452.8,6750.12,5960,74224.1,19890,12.45,13.1888
15928.3,15332,68085,6037.98,5788,68366.5,8082.36,-29.05,13.1899
11705.5,11464,66916.7,3729.18,3660,66774.7,13472.9,58.1,13.1899
15079.7,14453,68377.6,6427.98,6005,70152.2,11459,16.6,13.1922
15822.9,14872,69726.4,9418.5,8696,70981,25355.5,30.71,13.1944
28959.8,22804,83227.2,18068.7,15240,77700.1,11586.9,67.23,13.1944
15479.5,13488,75212.5,5916.3,5188,74736,11567.4,43.16,13.1966
15650.2,15185,67543.7,5278.26,4969,69614.8,24573.9,10.79,13.1989
5547.44,5549,65517.6,2498.34,2493,65676.4,15083.6,-10.79,13.2
15962.3,14983,69819.6,9049.56,8563,69259.8,22731.5,47.31,13.2011
22907.8,19649,76405.3,17273.9,15061,75165.1,15011.9,-16.6,13.2022
15815.4,15240,68010.5,9767.16,9084,70464.6,27566,105.41,13.2022
7360.32,6546,73688.7,6321.12,5830,71056.8,14367.6,31.54,13.2033
8787.64,8785,65555.7,3492.06,3397,67369.9,9893.52,24.07,13.2089
13840.7,13381,67787.6,7941.18,7645,68075,7276.62,19.09,13.2089
11119.4,11066,65852,3200.34,3134,66923.3,5745.48,-7.47,13.21
20655,19799,68369.4,7454.46,7171,68126.6,7261.8,-7.47,13.21
15130.7,13541,73229.8,15512.6,14113,72035.5,7310.94,114.54,13.2112
17420.2,16913,67501.5,7847.58,7621,67484.5,16233.4,5.81,13.2123
25485.7,18802,88832.7,16153,12946,81770.8,10492.6,94.62,13.2145
13629.2,13243,67447.4,6110.52,5903,67839.9,9778.86,2.49,13.2167
10268,9329,72132.5,7476.3,6809,71958.7,18879.9,54.78,13.2179
10126.6,9700,68418,6323.46,6012,68931.2,28506.7,21.58,13.2201
30141,23665,83470.1,10185.2,7921,84269.6,44396,42.33,13.2201
11559.3,11233,67439.8,5410.08,5121,69235.5,14923.7,35.69,13.2223
35598.7,23844,97844.1,21107.6,15720,87996.6,53153.9,82.17,13.2223
7010.8,7063,65051.6,3440.58,3363,67047.8,24990.4,19.92,13.2223
14124.3,13757,67285.7,5704.14,5456,68516.6,24793.9,43.16,13.2223
5564.44,5631,64761.3,2570.88,2543,66254.5,9877.14,-9.96,13.2234
13678.9,13301,67397.9,4631.64,4461,68042.9,6757.14,16.6,13.2246
13795.2,12692,71232.2,8636.94,7920,71468.5,9704.76,3.32,13.2257
19824.7,17310,75056.8,11420.8,10058,74415.5,14669.5,18.26,13.2257
31962.7,24632,85040.1,29862.3,23692,82604.1,18771.5,136.12,13.2268
16228.2,15673,67857.6,6610.5,6217,69684,19246.5,50.63,13.2279
18323.3,17561,68380.8,8308.56,7881,69091.5,10392.7,13.28,13.2301
12894.2,12428,67994.2,5610.54,5384,68293.5,11126.7,28.22,13.2301
25601.3,19391,86525.1,19060.9,14735,84775.9,77518,124.5,13.2324
8024,7957,66087.8,3404.7,3329,67026.3,6299.28,-22.41,13.2335
13524.5,13317,66557.3,4566.9,4421,67698.8,23648,44.82,13.2357
14646.5,14377,66764.6,6658.86,6516,66972.8,7679.88,-9.96,13.2369
17108.8,16261,68952.9,8584.68,8149,69039.8,6365.58,7.47,13.238
16365.6,15710,68270.7,6970.08,6794,67234.5,9019.92,24.07,13.2391
24242.7,22948,69233.4,8158.02,7844,68159.6,13023.7,92.96,13.2402
23651.8,16713,92744.7,19069.4,15309,81634,39858,78.85,13.2413
36804.3,28117,85784.7,15059.5,11593,85132.1,23959.3,93.79,13.2413
12325.7,12048,67046.5,4157.4,4016,67843.5,6055.92,47.31,13.2424
11786.4,10861,71120.2,8051.94,7152,73782.4,56429.1,135.29,13.2424
24009.4,20153,78076.9,12577.5,10701,77028.2,39548.3,79.68,13.2436
16579.1,16006,67882.5,7082.4,6870,67562.2,15887.8,29.05,13.2447
8325.92,8351,65339.2,3032.64,2971,66895.7,7173.66,20.75,13.2503
17904.4,16288,72039.7,8601.84,7564,74528.1,25069.2,-10.79,13.2514
16296.2,15784,67662.7,6683.04,6476,67631.2,10426.3,45.65,13.2514
24149.5,17296,91504.6,15310.6,11824,84861,11098.6,24.07,13.2514
9811.04,9739,66020.8,3581.76,3535,66402.9,26510.6,55.61,13.2525
15383.6,14964,67373.8,7183.02,6924,67987.6,28849.1,51.46,13.2536
8496.6,8556,65081,3252.6,3208,66447.1,9952.8,67.23,13.2547
19307.9,16868,75015.6,10162.6,8924,74632.2,47697,46.48,13.2558
16441,15401,69961.7,8236.02,7625,70787.6,44460.8,50.63,13.2581
12716.7,11574,72006.3,6290.7,5686,72505.7,37731.7,23.24,13.2581
56924.2,39719,93924.4,41471.8,27651,98292.9,127035,166,13.2592
38104.5,31316,79742.5,27261.8,22952,77841.9,8881.08,82.17,13.2603
13269.5,12282,70805.3,9052.68,8526,69584.4,26980.2,15.77,13.2603
21718.5,11969,118919,9778.08,4893,130966,21781.5,71.38,13.2614
14698.9,13834,69633.2,8589.36,8158,69001.3,8242.26,6.64,13.2614
20157.9,12825,103007,10884.9,7177,99394.3,5964.66,0,13.2614
15510.8,14992,67803.9,5353.14,5096,68842.9,17838.6,71.38,13.2625
20658.4,17284,78330.8,10134.5,8896,74660.2,33249.1,53.12,13.2637
11361.4,10897,68329.2,5246.28,5041,68204.8,8173.62,68.89,13.2648
13540.2,12410,71504.3,7633.86,6926,72234,9064.38,29.05,13.2659
8069.56,7932,66672.6,3653.52,3564,67182.1,6615.96,53.95,13.267
16646.4,15956,68371.7,6141.72,5860,68686.6,14510.3,59.76,13.267
18090,17276,68624,8303.88,7880,69061.3,17002.4,43.99,13.2692
9106.56,9112,65496.9,2691,2636,66903.4,6685.38,78.02,13.2704
21346.6,20272,69009.9,10321.7,9748,69393.3,13774.8,-10.79,13.2715
15529.8,14961,68027.8,8459.88,8161,67936.1,8008.26,9.96,13.2748
8279,8245,65806.3,3191.76,3157,66257.6,7236.06,-29.88,13.276
15608,15077,67844.3,6887.4,6641,67967.6,20237.9,19.09,13.2771
14429.6,13331,70936.8,5786.82,5175,73284.1,26367.9,8.3,13.2782
18493.3,17696,68488.7,8275.8,7940,68307.7,7644,53.12,13.2782
36522.1,25141,95203.6,23652.7,18033,85959.3,14862.1,81.34,13.2782
8109,7948,66863.5,4004.52,3896,67361.4,8091.72,14.11,13.2793
30454.5,27113,73612.8,18042.2,15965,74062.8,17693.5,39.84,13.2815
36297,27082,87835.6,20836.9,16158,84513.4,43850.8,97.94,13.2815
11905.4,11601,67255.8,4797,4641,67738.9,17504.8,87.15,13.2827
14930.8,14464,67650.9,5763.42,5612,67304.3,7397.52,-4.98,13.2827
11124.1,10968,66468.9,4144.14,4040,67225.3,11629,-9.13,13.2827
40603.5,34600,76907.2,18597.5,16129,75566.3,14875.4,88.81,13.2827
13728.5,13364,67323.6,4504.5,4288,68844.9,12460.5,58.93,13.2849
30696.6,22612,88967.4,21372,16260,86139.9,47062.1,121.18,13.2849
14463.6,14023,67595.1,5712.72,5527,67738.2,32706.2,-1.66,13.2894
13820.3,13368,67753.5,8435.7,8040,68761.4,25591,73.87,13.2894
10771.9,10545,66946,4007.64,3873,67814.3,7515.3,-9.13,13.2905
15491.8,14518,69931.7,9395.1,8818,69825,12409,68.06,13.2916
12363.8,12096,66986.7,4228.38,4012,69070.6,7222.8,-9.13,13.2927
9471.04,9469,65550.1,4116.84,4061,66437.1,10030,62.25,13.2927
20174.9,16432,80463.9,14923,12728,76837.8,6115.2,83.83,13.2938
10282.3,9928,67874.7,6272.76,5836,70440.6,29579.9,102.09,13.2938
15448.9,15092,67085.9,6340.62,6180,67239.3,6526.26,14.94,13.2938
11272.4,10908,67725.1,5168.28,5000,67741.7,6804.72,-10.79,13.2972
12526.3,12272,66893.9,4879.68,4724,67695.7,24526.3,29.05,13.2983
10138.1,9977,66594.4,4268.94,4093,68353.1,21317.4,9.13,13.2983
10992.9,10878,66228.1,1343.16,1326,66384.1,15106.3,-21.58,13.2983
20756.3,19073,71320,9898.98,8897,72916.7,6778.2,-9.13,13.2994
15256.5,14626,68361.1,6784.44,6421,69245.5,30067.4,46.48,13.3028
8785.6,8747,65825.2,4511.52,4427,66787.2,21740.2,-4.15,13.3028
17035.4,15065,74107.5,11637.6,10340,73760.3,20498.4,72.21,13.3039
18235.6,17101,69884,9278.88,8576,70907.3,7264.92,34.86,13.3039
13088,11993,71519.4,6225.18,5540,73641.4,9530.82,84.66,13.3039
15499.2,14405,70514.3,7573.8,6917,71758.9,11062.7,8.3,13.3039
15661.1,14427,71141.9,8979.36,8463,69534.6,14001,68.89,13.305
11179.9,10481,69906,6940.44,6529,69665.9,11022.2,55.61,13.305
13442.9,11100,79368.9,8039.46,6972,75570,19379.1,16.6,13.305
16067.7,15440,68200.4,5953.74,5712,68309.6,13676.5,34.03,13.305
10576.7,10404,66624,4015.44,3888,67684.1,10309.3,2.49,13.3061
13501.4,11596,76304.6,11633.7,10476,72778.4,54879.2,59.76,13.3061
11513.1,11257,67026.9,4847.7,4617,68810.7,28517.6,77.19,13.3072
15727.7,15441,66752.9,5307.9,5185,67089.4,18504.7,19.09,13.3095
15715.5,15032,68515.8,8423.22,7548,73135.1,9516.78,26.56,13.3095
19891.4,18791,69373.6,9065.16,8579,69249.8,47995,11.62,13.3117
15587,14977,68205.1,7440.42,6897,70699.6,20423.5,42.33,13.3128
16481.2,15871,68055.5,7523.88,7211,68379.6,41202.7,56.44,13.3128
11419.2,11201,66812.9,4403.88,4233,68181.6,46290.7,14.94,13.3139
10138.1,9664,68751.2,5822.7,5584,68337.5,22288.5,17.43,13.3151
6814.28,6779,65877.1,3020.16,2955,66981.1,7227.48,5.81,13.3162
15051.1,14627,67436.3,4618.38,4407,68679.4,7555.08,100.43,13.3173
17803.1,17021,68547.3,5836.74,5405,70770.9,32614.1,8.3,13.3195
6090.76,6036,66130.6,2422.68,2320,68436.5,17440,31.54,13.3195
10445.5,10300,66461.7,3529.5,3429,67456.8,9831.9,27.39,13.3206
6942.8,6944,65524.7,3023.28,2944,67300.8,19666.9,-28.22,13.3273
21345.2,19848,70479.6,11483.9,10908,68996.3,10760.1,14.94,13.3296
11065.6,10500,69066.5,6289.92,5992,68794.4,11670.4,29.88,13.3318
16689.9,14297,76504.9,8955.18,7682,76397.6,28437.2,53.12,13.3352
14137.2,13596,68144.7,4557.54,4396,67944.3,19727.8,19.92,13.3352
10788.9,10137,69750.4,5737.68,5245,71692,56273.1,55.61,13.3363
23553.2,19234,80252.7,15075.8,12242,80706.6,34342.6,107.9,13.3363
21089.5,16849,82030,14153.1,11877,78095.3,52104.8,123.67,13.3363
17738.5,17045,68202.4,5183.88,4909,69205.7,8387.34,-27.39,13.3374
23159.4,18744,80974,10678.2,8696,80474.5,17990.7,166,13.3408
9007.28,8692,67913.1,3910.92,3748,68384.8,17183.4,24.07,13.3408
17335.2,16877,67315.4,5917.08,5824,66583.4,7250.88,34.86,13.3419
20941.3,19024,72140.9,12812.3,11636,72161,53345,-0.83,13.343
20463.9,18444,72713.3,8795.28,8120,70986.1,43845.4,58.1,13.3452
28184.6,26001,71039.9,14077.4,13221,69781.3,9459.06,14.94,13.3463
22481.5,20621,71448.8,11218.7,9677,75977.2,39326.8,53.12,13.3463
15851.5,14131,73515.2,9908.34,8915,72838.2,12330.2,-4.15,13.3475
16744.3,16092,68192.6,7254,7112,66844.5,15037.6,52.29,13.3486
28339,20696,89738.4,22139.5,16908,85813.6,8193.12,62.25,13.3497
21502.3,19784,71227.9,10986.3,10312,69821.4,25176.8,26.56,13.3508
20697.8,19793,68532,7734.48,7473,67829.1,16893.2,50.63,13.3508
14056.3,13620,67635.3,5527.08,5348,67730.5,25331.3,26.56,13.3564
11181.2,10661,68734.1,6247.02,5823,70308.2,32159.4,46.48,13.3597
11725.2,11381,67518.3,4575.48,4353,68885.5,20373.6,18.26,13.3609
16252.7,15754,67610.5,6622.2,6382,68002.6,17376.8,9.96,13.3609
12694.9,12488,66621.9,4531.02,4437,66924.7,11662.6,-45.65,13.3631
10730.4,10497,66993.2,5196.36,5061,67288.8,6406.14,12.45,13.3642
12012.9,11649,67583.1,6042.66,5625,70402.1,29289.8,18.26,13.3653
13123.3,11881,72388.7,8799.18,8196,70359.1,32954.2,111.22,13.3676
21599.5,17464,81055.1,12610.3,10872,76014.2,16751.3,61.42,13.3676
7041.4,7047,65483.9,2799.42,2739,66981.7,10756.2,-37.35,13.3676
5908.52,5836,66350.4,2070.12,2056,65986.1,11037,17.43,13.3709
13717,13261,67789.4,4377.36,4064,70589.2,13058,22.41,13.3709
15931,15341,68056.6,6149.52,5949,67745,18656,45.65,13.3709
64360,46669,90378.9,42568.5,30720,90812.8,104121,156.87,13.372
18055.4,16688,70905.8,9417.72,9000,68577.8,13540,39.84,13.3754
11128.2,10768,67728.2,4697.94,4596,66989.6,38053.9,-24.07,13.3765
13542.9,13245,67009.9,5426.46,5325,66784.7,11033.9,14.11,13.3776
13751.6,13255,67991.5,7479.42,7047,69557.4,18405.7,60.59,13.3776
10894.3,10248,69669,5608.98,5244,70097.3,16867.5,45.65,13.3799
13951.6,12026,76029.4,9433.32,8346,74074.1,13120.4,40.67,13.381
12242.7,11536,69550.9,9194.64,8468,71159.6,41834.5,-21.58,13.3821
8667.96,8604,66023.2,3438.24,3368,66902.8,18012.5,-29.88,13.3832
13638.1,12256,72926.3,7191.6,6544,72021.5,16736.5,44.82,13.3832
14071.2,13862,66525.2,5776.68,5666,66816.2,6123,55.61,13.3832
27609.4,20169,89712.3,16202.2,13145,80777.8,10496.5,110.39,13.3832
10544.1,10473,65980.8,3970.2,3881,67042.3,20534.3,2.49,13.3843
9687.28,9544,66519.9,3196.44,3004,69734.3,8094.06,62.25,13.3843
13413,12373,71044.6,6112.08,5457,73403.2,17556.2,-12.45,13.3854
16760.6,16440,66814.2,6474.78,6316,67183.5,28420.9,-19.92,13.3854
22034,20936,68973.2,11007.4,10508,68650.4,9213.36,75.53,13.3877
21522,17356,81266.8,12534.6,10520,78086.3,19268.3,47.31,13.391
12538.5,12260,67024.8,4338.36,4240,67056.3,8247.72,34.86,13.3933
13782.9,13117,68863.1,6631.56,6128,70921.3,7958.34,47.31,13.3966
9626.08,9471,66609.1,3569.28,3535,66171.5,29331.1,15.77,13.3966
36851.9,26736,90332.4,30006.6,22092,89014.7,38532,119.52,13.4
12541.2,11664,70464.9,9611.94,9124,69040.8,22554.5,7.47,13.4
14144.7,13741,67461.3,5521.62,5325,67955.9,5845.32,16.6,13.4011
11825.9,11210,69136.6,4797,4462,70456.3,25304.8,28.22,13.4011
14863.4,14497,67192.5,5000.58,4909,66758.6,8875.62,77.19,13.4067
8531.96,8390,66644.9,3233.88,3158,67110.7,15726.4,1.66,13.4078
14387.4,14158,66598.1,6670.56,6393,68381.3,14344.2,14.11,13.4089
16219.4,12708,83644.3,12356,10532,76885.8,54347.3,136.12,13.4123
8111.04,8038,66131.5,3025.62,2962,66943.6,8069.1,34.86,13.4134
14800.2,14234,68142.9,5559.06,5338,68250,8954.4,11.62,13.4156
12696.3,11297,73653.5,4743.96,4305,72218.4,7667.4,9092.65,13.4156
14018.9,13620,67455.3,5637.84,5484,67374.4,32224.1,19.92,13.4167
16264.9,15496,68787.9,7899.84,7329,70640.5,15130.4,40.67,13.4178
24365.8,23334,68433.8,9447.36,8882,69707.5,17609.3,68.89,13.4178
24406.6,23100,69242.8,8581.56,8145,69048.6,12665.6,1.66,13.419
13717,13185,68180.1,6706.44,6405,68620.3,14884,60.59,13.4212
15371.4,15064,66873.3,5856.24,5708,67238,6608.16,-9.13,13.4212
13831.9,12454,72786.7,7570.68,6742,73591.2,10299.9,43.99,13.4234
7154.96,7169,65407.7,3240.12,3169,67006.8,10647,-12.45,13.4234
20954.9,18832,72923.7,10634.5,9344,74587.3,13409.8,67.23,13.4257
17907.8,16560,70869.9,9432.54,8512,72623.5,15132.8,53.95,13.4257
27586.9,25604,70611.5,15713.1,14908,69075.2,6144.06,105.41,13.4257
13311,12793,68189.6,5538.78,5284,68696,16504,34.03,13.4257
13630.6,12869,69414.5,6918.6,6533,69404.2,20070.2,34.86,13.4279
9000.48,8757,67358.2,4932.72,4689,68942.4,14760.7,-2.49,13.429
18940,17177,72262.6,6596.46,5741,75301.5,61334.5,58.93,13.4301
20349.7,19006,70169.2,10193.8,9550,69954.1,19424.3,29.88,13.4324
18534.1,17809,68204.3,6934.2,6685,67979,7356.18,9.96,13.4324
18259.4,14426,82950.6,12393.4,10442,77783.5,16568.8,122.84,13.4346
11215.2,10997,66836.6,4251,4105,67866.9,33884,22.41,13.4346
17095.9,16433,68179.6,5861.7,5617,68391,8207.94,51.46,13.4357
16478.4,16176,66761.3,7802.34,7684,66545.3,39708.2,-20.75,13.438
18394.7,17374,69386.1,10384.1,9610,70815.3,23417.2,41.5,13.4391
5442.04,5473,65165.3,2706.6,2685,66063.2,6521.58,-68.06,13.4402
11067.7,10820,67036.2,4162.08,4000,68191.5,26183.8,54.78,13.4424
13223.3,12185,71120.3,7555.08,7060,70131.7,42463.2,73.87,13.4435
49442.1,31767,102000,39468,27603,93706.3,14620.3,193.39,13.4435
24990.7,18941,86467.9,16678.7,14105,77494.4,12357.5,52.29,13.4435
13955.6,13560,67448.1,5541.12,5393,67336,9941.88,34.86,13.4435
6124.76,6012,66765.2,2730.78,2680,66777.8,6715.02,30.71,13.4447
15193.2,14533,68513.3,6413.16,6049,69481.4,8089.38,7.47,13.4469
29409.3,14275,135017,19363.5,8963,141583,8048.82,36.52,13.448
18229.4,16425,72735.8,7967.7,7117,73369.6,54287.2,41.5,13.448
7337.2,7204,66747.7,2774.46,2724,66750,13650,33.2,13.448
14058.3,12388,74372.5,9472.32,8672,71584.2,28217.3,32.37,13.4491
13544.2,12888,68873,5367.18,5004,70292.5,22879.7,32.37,13.4502
21932.7,19519,73640.2,14438.6,13339,70938.4,29692.3,34.03,13.4502
24700.3,22934,70583.4,11528.4,10869,69511.9,24525.5,1.66,13.4536
13283.8,12556,69334.7,7267.26,6760,70453.7,12971.4,185.09,13.4536
12032.6,11870,66433.7,3905.46,3854,66411.1,10917.7,-6.64,13.4536
16915.7,14389,77044,13147.7,11833,72817.2,13275.6,11.62,13.4547
19588.1,18993,67589.3,4855.5,4669,68153.8,25002.1,-6.64,13.4547
28372.3,21066,88265.8,28654.9,23466,80027.5,21966.4,117.86,13.4569
11192.1,11038,66451.1,4222.92,4106,67402.2,10807.7,57.27,13.4581
18081.2,15844,74789.8,11431.7,9928,75462,17351.9,122.01,13.4614
13556.5,12656,70198.9,5812.56,5392,70647.6,44224.4,59.76,13.4625
9904.2,9741,66634,3666,3568,67336,10296.8,-1.66,13.4636
15359.2,14709,68432.8,9787.44,9233,69471.4,11264.8,51.46,13.4636
10619.6,10408,66868.1,3113.76,3020,67570.6,9784.32,23.24,13.4659
5281.56,5169,66963.1,2761.2,2677,67597.3,13911.3,-12.45,13.4659
28932.6,26676,71080,12370.8,10728,75571.7,18532.8,30.71,13.4681
5315.56,5296,65778,2247.96,2228,66123.1,6623.76,-33.2,13.4703
10288.4,10152,66416.5,3404.7,3313,67350,7965.36,12.45,13.4703
15829,15283,67877.5,4950.66,4743,68405.3,8574.54,54.78,13.4703
17502.5,16386,70001.5,8719.62,8254,69233,21314.3,73.04,13.4715
13063.5,12144,70498,6042.66,5412,73172.9,52232.7,60.59,13.4715
13252.5,12753,68103,4833.66,4621,68552,15337.1,-1.66,13.4715
12155.7,11849,67232.2,5335.2,5140,68024.8,10835,31.54,13.4715
8516.32,8491,65731.4,3833.7,3743,67124.1,21069.4,14.11,13.4759
37963.7,28325,87837.3,23939,18869,83145.1,43226.8,42.33,13.4759
8668.64,8648,65692.4,4917.12,4613,69856.6,10415.3,-35.69,13.4759
11555.2,11361,66656.5,7676.76,7285,69060.3,5853.9,-53.12,13.4771
18551.8,14264,85236.1,8435.7,6657,83046.7,29739.1,70.55,13.4804
13910.1,13285,68619.6,8048.04,7481,70503.5,17326.1,23.24,13.4804
9981.72,9655,67753.7,5282.94,5124,67568.8,16004,45.65,13.4804
16240.4,14634,72730.2,10102.6,9438,70150.6,29111.2,29.05,13.4849
11781,11348,68036.6,5570.76,5300,68884,32368.4,9.96,13.486
15213.6,13434,74217.8,11635.3,10126,75304,42139.5,39.84,13.4871
19378,18112,70116.7,10104.1,9504,69674.2,16684.2,73.87,13.4882
21727.4,20404,69786.5,10501.1,10112,68058,12189.8,53.12,13.4893
9186.8,8976,67075.1,4631.64,4532,66976.9,9072.18,-9.13,13.4905
14043.4,13670,67326,5506.8,5382,67055.7,5615.22,23.24,13.4916
11173.8,10600,69083.4,4341.48,4033,70548.8,22628.6,36.52,13.4938
20130,19628,67212.3,8331.96,7832,69719.5,18238.7,3.32,13.4938
11952.4,11708,66903.8,5135.52,4913,68504.3,7841.34,14.94,13.4949
11036.4,10841,66717.2,4690.14,4573,67214.7,12967.5,-43.16,13.496
35706.1,25837,90569.2,23395.3,18208,84206.7,51487.8,70.55,13.496
14182.1,13534,68674.2,7974.72,7562,69112.8,12976.9,43.99,13.4983
10557.7,10432,66325.5,3694.08,3620,66877.1,17973.5,43.99,13.5005
23998.6,22225,70765.8,12368.5,11477,70626.4,23464,100.43,13.5005
8832.52,8687,66633.8,3406.26,3343,66776.1,26205.7,3.32,13.5016
21531.5,19907,70884.1,13245.2,12455,69693.8,33299,78.02,13.5016
18830.6,18189,67847.6,4268.94,4141,67560.8,11037,65.57,13.5027
16231.6,14280,74492.6,9920.82,8328,78070.5,21582.6,33.2,13.505
9339.12,8781,69701.5,7817.16,7197,71183.2,37882.3,10.79,13.505
7907.04,7877,65785.9,2929.68,2875,66782.4,20521.8,18.26,13.5061
16616.5,13597,80089.6,12437.9,10713,76087.8,17345.6,4.98,13.5072
17896.2,16680,70314.6,8193.9,7717,69586,30670.4,60.59,13.5083
18936.6,18414,67396.1,10223.5,9866,67910.5,12345.1,76.36,13.5106
13623.1,13511,66079.8,3453.06,3395,66656.8,6860.1,72.21,13.5117
19960,18980,68920,7828.86,7312,70168.5,14783.3,19.09,13.5117
54007.6,39444,89733.4,38287.1,28452,88190,9495.72,162.68,13.5128
8776.08,8724,65927.2,3888.3,3780,67413.7,10165,22.41,13.5139
11674.9,11401,67110.6,5287.62,5108,67840.5,5796.96,36.52,13.5139
17433.2,16873,67711.7,7928.7,7668,67764.1,11547.9,60.59,13.5139
12368.5,10963,73938.1,9627.54,8624,73162.2,21929.7,-30.71,13.515
24530.3,14978,107332,13267.8,8242,105498,19784.7,11.62,13.5162
8616.28,8452,66809.8,3649.62,3524,67872.2,7034.82,49.8,13.5162
15441.4,14901,67912.9,4757.22,4581,68057,9394.32,2.49,13.5173
10840.6,10499,67668.1,5116.8,4931,68005.4,21645,29.05,13.5206
15751.5,13732,75174.2,12356,11232,72094.1,10391.2,113.71,13.5217
7169.92,7033,66811.9,3114.54,3017,67654.8,20399.3,74.7,13.5229
13524.5,13047,67934.6,6258.72,6039,67920.4,7645.56,2.49,13.524
45211.2,28745,103077,51068.2,35220,95025.6,10286.6,239.87,13.5262
15070.2,13736,71901.4,9535.5,8924,70026.7,8006.7,70.55,13.5262
8565.28,8600,65271.4,4431.18,4428,65583.1,19057,9.13,13.5262
19301.8,14640,86404.6,14885.5,11252,86699,5818.02,68.89,13.5296
8062.08,7994,66094.1,3647.28,3550,67331.9,17176.4,23.24,13.5307
13783.6,11595,77906.2,12516.7,11023,74416.4,10735.1,26.56,13.5318
17451.5,16466,69458.4,8700.9,8130,70138,7784.4,14.11,13.534
13057.4,12732,67210.7,6233.76,5832,70050.7,5785.26,83,13.5374
7230.44,7109,66655.5,3479.58,3361,67848.2,18412.7,-19.09,13.5385
17449.5,16665,68621,6934.2,6649,68347.1,25603.5,14.11,13.5385
24235.9,23184,68509.4,6683.82,6416,68271.6,29285.1,-4.98,13.5396
8517.68,8357,66796.1,3130.14,3013,68083.9,11075.2,9.13,13.5396
17392.4,14322,79585.6,12065.8,10466,75553.8,16530.5,33.2,13.5407
9303.76,9160,66564.5,3449.94,3388,66734.1,11294.4,-24.07,13.5474
11639.6,11344,67243.5,4873.44,4684,68186.5,22597.4,43.99,13.5486
14215.4,13132,70942.8,9280.44,8748,69524.8,11434.8,67.23,13.5486
15075.6,14744,67009.9,5229.9,5141,66669.3,12432.4,55.61,13.5497
11368.9,11192,66572,4516.98,4396,67339.6,15918.2,13.28,13.5508
9891.96,9885,65582.1,1606.02,1568,67125.1,8509.8,-51.46,13.553
16094.9,15591,67654.2,7363.2,7043,68515.5,12891.8,-7.47,13.553
12546.7,12077,68084.7,5688.54,5405,68973.9,13517.4,7.47,13.5541
21651.9,16375,86655.1,14870.7,12259,79498,6805.5,92.96,13.5564
11502.9,11253,66991.3,4065.36,3957,67330.7,7271.94,59.76,13.5564
32421.7,25856,82177.8,22430.5,18916,77712.1,17713.8,113.71,13.5597
17819.4,14272,81825.4,12077.5,10416,75990,18540.6,19.92,13.562
9676.4,9541,66466.1,4146.48,3969,68466.5,6293.82,82.17,13.562
11611,11432,66562.1,3199.56,3105,67531.8,27923.2,10.79,13.5631
12818.7,12068,69612.6,9329.58,8868,68947.2,6803.94,2.49,13.5631
14796.1,14204,68268,7877.22,7528,68576.2,21866.5,37.35,13.5675
32136.1,24494,85983.2,16648.3,13098,83300.1,75425.2,34.86,13.5698
13026.8,11932,71548.9,10391.9,5377,126659,16257.5,1329.66,13.5698
24831.6,19350,84101.4,14684.3,11762,81818.5,35699,68.89,13.5709
42475.5,28515,97621.4,37698.2,27911,88516.6,85041.1,117.86,13.572
11641.6,10053,75892.2,9093.24,8101,73563.1,21024.9,11.62,13.572
14821.3,14307,67891.8,6955.26,6707,67961.8,16480.6,-5.81,13.5731
7543.92,7443,66424.6,3293.94,3223,66978.5,8335.08,-9.13,13.5731
27488.3,20942,86022.1,14143.7,11257,82342,34491.6,75.53,13.5743
11338.3,10855,68454,5247.84,5111,67290.6,10119.7,28.22,13.5754
17212.8,16460,68533.5,6678.36,6456,67793.2,16928.3,43.16,13.5765
23734.7,17528,88742.5,15334,11717,85766.9,20500,50.63,13.5776
21756.6,20389,69931.9,9527.7,9157,68189.1,10204,-48.97,13.5776
14472.4,13936,68058.7,6569.16,6276,68597.3,16631.2,10.79,13.581
13398,12677,69263.5,8143.98,7721,69126.3,35279.4,14.94,13.5832
16332.2,13145,81426.4,9732.84,8425,75709.4,19929,97.94,13.5843
12033.3,10254,76907.9,8881.86,7946,73254.7,12312.3,9.13,13.5854
7873.72,7547,68373.1,5605.08,5279,69584.1,21576.4,108.73,13.5865
26690.7,20065,87176.7,9977.76,7049,92765.3,11104.9,19.92,13.5888
10684.8,10413,67246.9,4474.86,4301,68185.2,17258.3,-20.75,13.5888
16929.3,14913,74396.6,8237.58,7297,73983.6,11070.5,37.35,13.5888
10460.4,9789,70031.2,7037.94,6413,71922.4,36455.6,50.63,13.5899
