Order 1,Order 2,Order 3,Order 4,Order 5,Order 6,Order 7,Order 8,Order 9,Order 10,Order 11,Order 12,Order 13,Order 14,Order 15,Order 16,Mutation
0.0007176206823933396,0.03590098784611967,0.002362959582068517,0.00563773894402967,0.011621709366192091,0.011171195906904978,0.021570193825154616,0.015703446704098303,0.022147525652727557,0.017245436291554252,0.08874235266461611,0.10139922733594538,0.10386061036271586,0.5257312305350772,0.03601865697944161,0.00016910732096112765,Mut 1
0.00071762068239334,0.15710950215896632,0.12862666002469736,0.11548009550916465,0.09562507005875459,0.08160583470231467,0.036751165986591505,0.05002596373290048,0.1128922019189929,0.033551679017138535,0.03537165055229301,0.03621078598186152,0.10441857628894974,0.004670444131476581,0.006897560085699337,4.5189167805374106e-05,Mut 2
0.5487491072199645,0.10016945607129397,0.07468817897273766,0.07329093470398963,0.05804045985798977,0.0498014388243349,0.036027358977064466,0.026729879342940212,0.012381176335081052,0.00584531233643065,0.002104120028175168,0.000374532940261291,5.9885450984336884e-05,2.7562877553116763e-06,4.010560868829091e-09,0.011735398640436136,Mut 3
0.0007176206823933398,1.4842967771122556e-05,0.00412287203509857,0.01201738585408685,0.0171255560551825,0.014481591379082722,0.012246510238247346,0.007584282760316193,0.006845056110019623,0.0033856429353681886,0.00569407713793124,0.0011124906617838509,0.0005310154229496594,0.00021659562359988805,1.705173726919118e-05,0.9138874083988998,Mut 4
0.0007176206823933397,0.02502018237618997,0.031223296827644194,0.016291873133091963,0.005933611661233203,0.0022826679994032823,0.000684675574707792,0.0002560806318927644,0.00031451113913161114,0.0015524157177350007,9.891689037689243e-06,0.0018239335756438672,1.742459487693732e-06,9.86760047599572e-07,0.9138865085788468,1.1935134610957863e-09,Mut 5
0.0007176206823933396,0.011257356424456688,0.010266570829769305,0.0074605074675617375,0.005519738575986606,0.028616133152437655,0.01989597976417103,0.03265265832917036,0.10574525224553838,0.13139447055712666,0.07443721121520044,0.10376110580920145,0.42152096248052884,0.021089461211450184,0.00608477328080849,0.01958019797419879,Mut 6
0.0007176206823933397,0.18403822097112038,0.16641633503523778,0.18363250666667016,0.14525057558320412,0.11365392906968197,0.07195872507012013,0.05700692644299902,0.04342595218179268,0.019958920647040572,0.007960653388369094,0.0031637975688167366,0.0014738633220794802,0.0001096060561996387,0.0012323153979631896,5.19163119236725e-08,Mut 7
0.0007176206823933397,0.14612472940435828,0.1362201274707319,0.13171598300138063,0.13381993179485369,0.12152426591924638,0.14492062177939408,0.07338808709281437,0.06182160037726351,0.028063288120435084,0.014079025861272222,0.0049797146040995366,0.0019463545189414557,0.0006147482258308962,4.5569824913699534e-05,1.8331322071240738e-05,Mut 8
0.0007176206823933395,0.0554445263951877,0.04298143807999756,0.05165570826950826,0.06222802552842432,0.07285370843120784,0.09772701496592825,0.14807676940818892,0.15553728707781891,0.11970413750092365,0.0922630828933827,0.0590741519409695,0.02002538300605683,0.010948945392326827,0.006188482647167886,0.00457371778051654,Mut 9
0.0007176206823933397,0.05923370636841804,0.07646284399267246,0.0753933561461532,0.11721127576500044,0.1476565089983733,0.12957206226765033,0.10293200637175663,0.13800971468231488,0.09440771317753023,0.024569494667368314,0.01045613033167218,0.013419698724350334,0.001988131246530509,0.007602836155815252,0.0003669004219998599,Mut 10
0.441204203226529,0.10462158102626803,0.11167723056836104,0.10996503686177002,0.08623667365673394,0.06931129592366392,0.03292975373605709,0.03218265013379883,0.009185568993369628,0.0019796199822660517,0.0005844776960995451,0.00010719842184577154,1.4083321481839742e-05,5.756691953484752e-07,5.0745484756159154e-08,3.707504198661251e-11,Mut 11
0.0007176206823933398,0.07104373592836058,0.07466483485735606,0.08311483276103375,0.06159398162867035,0.05334247117080221,0.07993796067053974,0.038065127836665366,0.024802239616716522,0.023585688712596774,0.07284158762050832,0.1474951832977889,0.16469992962639288,0.07612076272927133,0.003581671399976968,0.024392371460926973,Mut 12
0.00071762068239334,2.887147196102107e-05,0.02310013944452029,0.013187487207582735,0.013227788789171713,0.03480032390899522,0.02377862576465691,0.02204240378520016,0.043412218109264024,0.10317845985923868,0.25109287884859893,0.10816798152671685,0.016824401022239092,0.3219224480526596,0.009883663201578071,0.014634688325223162,Mut 13
0.00071762068239334,2.8934175266637217e-05,0.027379378099774122,0.030859598792553615,0.053813172447705775,0.029479091728736192,0.05869705358267291,0.07876738955895776,0.05163379080822974,0.11596913474410693,0.057669173237022926,0.317051737081259,0.12892346272488778,0.032703329615012246,0.005711385858257322,0.010595746863162376,Mut 14
0.0007176206823933398,2.8964549438321045e-05,0.00866100788786344,0.010627504579212733,0.034088032569332544,0.06190279246402437,0.09825719477053392,0.17048278197615446,0.13715688376697133,0.1059060779180756,0.24686602798361942,0.10055065313014212,0.01853755855785755,0.0033674747262741216,0.00284854146023796,8.829778680524031e-07,Mut 15
0.0007176206823933402,0.04993440186482352,0.08114612629146997,0.07966945010221055,0.09866439666156424,0.10751675042078966,0.13504510302650888,0.14410354589214483,0.0746890209847677,0.19427200248243218,0.02571429451650514,0.004271375791990914,0.003742472710096977,0.0005125037372927929,9.286359788504999e-07,6.199030278171786e-09,Mut 16
