Order 1,Order 2,Order 3,Order 4,Order 5,Order 6,Order 7,Order 8,Order 9,Order 10,Order 11,Order 12,Order 13,Order 14,Order 15,Order 16,Mutation
0.062499999999999965,0.006989982719169723,0.008423152777144541,0.02482000161396876,0.009451304403063378,0.1098965326962848,0.10907347802147124,0.12814818443144368,0.05060444587065247,0.015447919573911536,0.0386025815141962,0.21099457148674325,0.08297496636136895,0.1164020167362825,0.011633071053306836,0.014037790740992533,Mut 1
0.06250000000000001,0.0367990059485212,0.04844043733825938,0.04682819577776584,0.06388927487244098,0.11094746225374892,0.10548389441067627,0.11229567881442372,0.08944942590816372,0.07640159802886448,0.07255540240515541,0.10203852506600204,0.036371173812684184,0.017982668453999227,0.017362613605905197,0.0006546433033892907,Mut 2
0.062499999999999986,0.41965567448604474,0.1878820583250317,0.16674565031409727,0.05429031375911854,0.013891673595404488,0.008625330113272604,0.005109183216129284,0.03707572032723659,0.002892341249179422,0.0012572957975383308,9.976618027852058e-05,0.00021932430529774443,3.7541663489637967e-06,2.863388028952238e-07,0.03975162782621883,Mut 3
0.062499999999999986,0.0012927240092930868,0.01621885175987443,0.013918389496714936,0.01490984601596534,0.009782738018642146,0.013596089022058997,0.013125162130458657,0.014672670827049409,0.012319618997861059,0.012914713310520676,0.003139406125430772,0.0033907130962694907,0.001085446127675643,0.0006715672708176812,0.8064620637913673,Mut 4
0.06249999999999997,0.03783553523787676,0.010509066287867812,0.01762723908685114,0.007859812965276896,0.020474451621456752,0.014244811855400493,0.009086521490297842,0.006745167699985073,0.0018478067166684603,0.0007435754572786346,0.002546653194173268,0.0007912184766470291,0.0005775289824409827,0.8065856167350405,2.499419273802782e-05,Mut 5
0.06249999999999997,0.003795003925677737,0.018795650797805822,0.011049176037091043,0.041067386322803455,0.047613434668736604,0.05627457096896889,0.05550722979087069,0.08077722439116351,0.06862186527319733,0.10900425446920409,0.10625751006135119,0.224999458818294,0.04925251644820653,0.049686007177348245,0.014798710849280871,Mut 6
0.062499999999999986,0.04241753203728221,0.1360051964535652,0.02689473391653023,0.11702384001128366,0.12281191723252041,0.13233456752789574,0.12653163436734297,0.029862792034522637,0.08998990444512733,0.06778565099235885,0.02567988477783248,0.01411439583348396,0.0030082382788773378,0.00298990417284183,4.9807918535181055e-05,Mut 7
0.062499999999999986,0.02164311889706236,0.1895926249090451,0.07627286202226598,0.1987484680720169,0.05853102754602864,0.055975120830688986,0.0530174713865623,0.1474335317179908,0.06236547236774087,0.04551745175443125,0.010627525877029406,0.010374751717593729,0.004465508582998638,0.002741189381503418,0.00019387493704162392,Mut 8
0.062499999999999986,0.008937560105185231,0.032216672250287466,0.025429001398775013,0.04336683060562545,0.1213886036527063,0.11268338137633177,0.09952133438369376,0.047177124150117176,0.14248214253567654,0.10972557601323253,0.09804009250696359,0.04007201439828046,0.03991181262251661,0.007516753392139185,0.009031100608469112,Mut 9
0.06249999999999996,0.014502210415392097,0.06609878785161545,0.07503157921568211,0.2228489772083646,0.07554363221830908,0.06226142216911037,0.05422630028019635,0.22410085803406826,0.05479482026374344,0.02981585162459016,0.01538396618079121,0.024267038447985206,0.00830882269982122,0.009989733091656836,0.0003260002986736191,Mut 10
0.06249999999999997,0.3742222269101697,0.13276523562037695,0.39413637665913936,0.007531895467270649,0.022133582105405464,0.003260397690502396,0.0017231930664527095,0.00039404917372027877,0.000522535983019377,0.00042032993272104763,0.00026506632413775873,9.130632835541311e-05,2.696713392927094e-05,6.62031615531116e-06,2.1728864383241116e-07,Mut 11
0.06249999999999997,0.01559868226484237,0.038828191975490645,0.03756703218774386,0.034614710021619075,0.0620206107974479,0.06034239650016976,0.05549554213596531,0.01585551504414029,0.053278941734349064,0.0499298447994324,0.18974526239359074,0.1198861653338376,0.16204069352834075,0.037456178199399365,0.004840233083630634,Mut 12
0.062499999999999986,0.002514513644653789,0.031524852753346454,0.014570900377499965,0.034870496097860804,0.015750132071594775,0.018355466414325766,0.012861157936965559,0.07850538102273519,0.04726514512149661,0.07925918633694568,0.02287254269003158,0.026613125422865154,0.448588339304178,0.02761396959777259,0.07633479120772753,Mut 13
0.062499999999999986,0.002519974686534491,0.026623334360325178,0.01649850876916073,0.06572045359689735,0.056517573010743324,0.048844776294103054,0.06125828995721102,0.0789650125847232,0.053163114557324136,0.03875500382143533,0.023344507325993576,0.30648700570672904,0.11238696888869912,0.0171417729550527,0.02927370348506747,Mut 14
0.062499999999999986,0.002522620075354541,0.0038458303321315915,0.010616842187876292,0.014749736036055363,0.05282895978379122,0.07830242120848493,0.09287875751093798,0.023048699740710204,0.13931030374967007,0.222024587928046,0.1636814029125923,0.09000739046816567,0.031841409653778484,0.00763251118635724,0.004208527226047423,Mut 15
0.062499999999999986,0.008753634636939558,0.05223005620783203,0.041993510938836624,0.06905665454433733,0.0998676687271805,0.12034187559653847,0.1192143591010475,0.0753323814730212,0.1792964694021704,0.12168869384291307,0.02528331689705755,0.01933995147214215,0.004117308391906309,0.0009722055258998624,1.1913242176281725e-05,Mut 16
