Order 1,Order 2,Order 3,Order 4,Order 5,Order 6,Order 7,Order 8,Order 9,Order 10,Order 11,Order 12,Order 13,Order 14,Order 15,Order 16,Mutation
1.2844123887957722e-08,0.009853906574191754,0.0033714445273425857,0.015846227615887436,0.041412824816869705,0.07355736614888181,0.10112556236698213,0.10888014586086464,0.10983116520844356,0.14313532369038373,0.1966217391306816,0.10465864532820807,0.07764487597431723,0.009790493745781807,0.002287232444646077,0.00198303372239365,Mut 1
0.024852546325182058,0.10922923589388155,0.09892572090598221,0.11671454582960586,0.09209077987271305,0.09775345587950529,0.07614003333908015,0.0714956733607202,0.12724902005122452,0.08990836106380914,0.06716935062107003,0.016944940651444456,0.006442838974247991,0.003091678295315673,0.0019794678008884666,1.2351135328838336e-05,Mut 2
0.4410970718809226,0.20956229736059215,0.11246041007058782,0.08450322146352486,0.043191107362301556,0.029921191146115456,0.016081896175275473,0.009445669289892602,0.005245185293785463,0.0025380997724763544,0.0011878024805154807,0.00018215638524038787,5.249980935920006e-05,2.5761888199230946e-06,5.051415532288658e-07,0.04452831017903736,Mut 3
1.833391077386194e-42,1.6412565206296046e-22,0.00022214689994710013,0.002208640051055038,0.004398194520250888,0.009571566213973832,0.010868054387588493,0.012083743458313003,0.010318510765916979,0.009395221373024402,0.004773025813904651,0.003257847784500828,0.0015891758350220536,0.0004791138156727072,5.720623729955745e-05,0.9307775528435307,Mut 4
1.9403398817191143e-21,0.0011821137547493895,0.009806124087688854,0.010958857484743463,0.019888047558080955,0.009257422527083616,0.00924849685055645,0.004578472187569119,0.0025613463507794376,0.0009544084908703157,0.0007152142923541816,8.022930216822064e-05,1.0189619923405024e-05,9.207381552888071e-07,0.9307581537271035,3.028174191993633e-09,Mut 5
0.021488633874434494,0.0033362532511240425,0.012056743819417362,0.02047457703694144,0.01839287136333648,0.035614448154690066,0.0522339204915689,0.04817838872307709,0.0824971979220693,0.13110096632079207,0.1803390304011969,0.20094926252342352,0.07643563804071286,0.10741905808003506,0.009302286889022567,0.0001807231081570297,Mut 6
0.06565759055814685,0.15225271790912967,0.1265355974213838,0.10680873469471638,0.15136842696222422,0.11682902121704777,0.09823976982988827,0.08466642071724037,0.041128756074259754,0.028702467648953667,0.016005662225690713,0.008226322570675864,0.003001408910682227,0.0003898102435379581,0.00018536412334894804,1.9288930728110973e-06,Mut 7
0.06094063236359109,0.1264527904844866,0.14949198101518885,0.1232158448556696,0.13265055074751986,0.10373754679569692,0.09482681221047146,0.07831709801612284,0.047642487085915126,0.04715021095406392,0.025099138666273158,0.007548633689256689,0.0022467217988339323,0.0005547452179452295,0.00011958856891735883,5.217530047214071e-06,Mut 8
0.019445315984020682,0.03469936897812031,0.02924506222508967,0.05189376678772481,0.0734924798612755,0.08917043453450033,0.1191017823937402,0.12193001488808337,0.10596599175223984,0.13960236768681356,0.09501213913364301,0.08101613683282967,0.029335622793923568,0.006183485653789681,0.0014118771029988358,0.002494153391206686,Mut 9
0.041885824498861815,0.06008789825233924,0.08854272436481228,0.0856749798025229,0.10663851079149632,0.16538675529344898,0.09300414489514959,0.09470540891983525,0.10929063713909955,0.07635040952628172,0.0539727273893373,0.014442866575428195,0.005885325449942744,0.0015971993195582393,0.002531190350322159,3.397431562980247e-06,Mut 10
0.30829186057639496,0.2118255326577774,0.18467907521869703,0.16873953789070964,0.07906767360089721,0.03686679906715603,0.007962974066741948,0.0019301582152674531,0.0005044775861219622,0.00010380517499174817,2.3944809208982916e-05,3.460917765781615e-06,6.427025879043795e-07,5.3619167334179666e-08,3.880440022857941e-09,1.6074478013074245e-11,Mut 11
2.433686144003326e-07,0.046190469602382,0.0743508465647542,0.062236153993234844,0.0506779239414559,0.042873690117056266,0.06550858693832581,0.03551806645807799,0.03289632546399762,0.023016308713789353,0.009191771074411518,0.17865154791893598,0.031704540262825626,0.3353117165327881,0.007201411229830059,0.004670397819520009,Mut 12
0.007060867702097254,0.001514834950812592,0.01573168443560086,0.01637537333946633,0.015397799932369659,0.010714486467980244,0.012628106755322827,0.01277824790511289,0.015243500602572652,0.02958873625213754,0.008948178007668877,0.04433316800063753,0.27939410051420593,0.4846596412378751,0.03713162515919088,0.008499648736948603,Mut 13
0.00034500602662907554,0.000685251081866029,0.018262811876168357,0.042135225137719196,0.056108667140455586,0.05647571287437196,0.04773528652721921,0.0724742141949768,0.06553513033856585,0.04484460329760554,0.026474886575687778,0.11339923196352246,0.40186666588683895,0.04187179148781402,0.005299604264062096,0.006485911326496923,Mut 14
9.189354654153029e-35,8.017273079359463e-19,0.0034937106638342624,0.008709150894382867,0.037215015182067504,0.05131877858752676,0.07359457243256634,0.11307572449747733,0.1435108093048201,0.11466042692694167,0.17316198239981972,0.19181870182949853,0.07959816248144402,0.007784581231805859,0.0017011318467309228,0.00035725172108437233,Mut 15
0.008934393996980749,0.03312732924854724,0.07282391590350479,0.08350516312209524,0.07800912634668507,0.07095132497496422,0.12170000033952184,0.12994255330736829,0.10057945906018712,0.1189482831070644,0.14130340697853616,0.0344868477264645,0.004791590945132232,0.000863134591937912,3.335123364570816e-05,1.1911736436524887e-07,Mut 16
