Order 1,Order 2,Order 3,Order 4,Order 5,Order 6,Order 7,Order 8,Order 9,Order 10,Order 11,Order 12,Order 13,Order 14,Order 15,Order 16,Mutation
0.0006303852708114518,0.07188123806207554,0.002863737516022192,0.0061675521317611165,0.013522012769128715,0.12258420568662953,0.12841181277389405,0.14461252922734494,0.11492690165068872,0.12474249672189207,0.13987005935951163,0.06575026244229222,0.047995883205476,0.008884994180850867,0.003024727263047268,0.004131201738572114,Mut 1
0.0006303852708114521,0.13737513237635138,0.1253194337919801,0.13823259662192458,0.0970699126262361,0.08867233524607004,0.06959907388746474,0.07553300568748908,0.09937824616262186,0.07185029504396358,0.054605193660739,0.022334226191893312,0.008612030728202146,0.005665930047498816,0.0050522267254400465,6.997593131249652e-05,Mut 2
0.5125828541752231,0.11628559394274765,0.09806740653756332,0.07330232257484152,0.06652370376020707,0.028388670225995154,0.017676766198782064,0.010344742026127214,0.004814159128845499,0.0024772700746574436,0.001096091409077364,0.00017722731923416486,3.4801677695469384e-05,2.5958960111498207e-06,2.014494736514397e-08,0.06822577490804457,Mut 3
0.0006303852708114516,5.314228693578989e-06,0.007166186022139343,0.017117037493018645,0.024664753652861887,0.01403233725317875,0.02291125329406044,0.025724367750332093,0.028795302710739833,0.02655809807477324,0.0202544977549208,0.01353943613006757,0.00883213334031314,0.004308963914179041,0.000681958218040809,0.7847779748918691,Mut 4
0.0006303852708114521,0.03794660915701023,0.044680985515548124,0.03087037640750895,0.009132925416225188,0.030008343139126883,0.024791550119746,0.018156241658886893,0.012012258067945425,0.00469084579186462,0.0018731963575492883,0.0006351918876769301,6.045136591427446e-05,7.576074711847842e-06,0.7845028005230191,2.632464547172157e-07,Mut 5
0.0006303852708114518,0.014844863812317482,0.005871664189523127,0.009737506992418871,0.008709208619597812,0.05068385626423101,0.06885117404751048,0.07200978652259929,0.0751748146973188,0.10397184131397992,0.1747160758772148,0.18096147259249873,0.09764123876776536,0.09357203980193049,0.03798508709474983,0.004638984135532529,Mut 6
0.000630385270811452,0.16702099439223012,0.14873000544858297,0.15773721315105588,0.14388144512725232,0.053002129340884885,0.09168970868188511,0.07985992401658146,0.059894550361671545,0.04698718693257146,0.028343712747056906,0.013352748023093934,0.007421038740489984,0.0009453035560755914,0.0004901534577758736,1.3500751979297681e-05,Mut 7
0.000630385270811452,0.1461440336622526,0.14427492809956707,0.13219648710358567,0.14387453687467483,0.06478157832788892,0.0622038206150348,0.058399640316298594,0.04715901803515804,0.06778525246365565,0.06477032683791335,0.03528043878225092,0.01805837778943158,0.008096790040835907,0.006297674577055507,4.6711203584626066e-05,Mut 8
0.000630385270811452,0.04121164499819225,0.03820784192941533,0.052309597971636985,0.058093768622995666,0.1053941606900297,0.12684764907213236,0.0973003638437396,0.09008475304795593,0.11511102811881112,0.103597537717783,0.07208363805901297,0.04710063206203163,0.018173579493959095,0.019076749077323846,0.014776670024168876,Mut 9
0.000630385270811452,0.06501420730771547,0.09357166927932423,0.10282475970352975,0.15148303200715568,0.09829766982471906,0.07438019426806225,0.0704213808006526,0.09606878790417551,0.08733938297715817,0.04831925718668538,0.04572703941496296,0.019222507787015557,0.030518438966759737,0.016093878231100093,8.740907017178592e-05,Mut 10
0.47859175203341664,0.10366756369575686,0.10339067280727399,0.09887139486000412,0.07720778368442581,0.10431354719925923,0.026915025613558245,0.004926779914629779,0.0015480544530381286,0.00042354923160810586,0.00011144598180152815,2.710430154029176e-05,4.889438390951515e-06,3.7269808117997536e-07,6.301089430177507e-08,1.0763207976890591e-09,Mut 11
0.0006303852708114521,0.04452467876480621,0.056770050241189786,0.05863518339421303,0.04999310044352908,0.03688669242542117,0.04605940032301483,0.051126863408410744,0.03658155614048296,0.03385560977625172,0.02731907191213598,0.2491883019796701,0.04190783898356264,0.22722249601865566,0.03427746855581097,0.005021302362033798,Mut 12
0.000630385270811452,4.996378486580185e-05,0.029788062610989475,0.01637915878822991,0.01445575837504712,0.019247693861409915,0.020818640622816645,0.01651013775822231,0.019713021826897707,0.019603417313868207,0.007233505037107255,0.026365728134096468,0.18601565223810898,0.4998603308078078,0.052931548069571795,0.07039699550014913,Mut 13
0.0006303852708114521,4.99229307775913e-05,0.029718463362149932,0.028805678426079347,0.04140008851399328,0.0715060413906543,0.04894511659544652,0.0714892130549125,0.06567825952909687,0.04138804815595461,0.04156321010594814,0.020237019140297494,0.4032481434683553,0.06380683663249395,0.02923714231981428,0.04229643110321442,Mut 14
0.0006303852708114521,0.0010525487552651247,0.0049278670404422275,0.004763963685446645,0.02029282030999369,0.04751876836075393,0.0691976598122233,0.0930837504040203,0.12891122103539102,0.15074213249251817,0.15009979845731633,0.1839225353333775,0.09990488876216758,0.029442289884688895,0.009992970926070903,0.005516399469512745,Mut 15
0.0006303852708114521,0.05292569012894218,0.06665102560828891,0.07204917069474508,0.07969514919667595,0.06468197076374792,0.10070115407436311,0.1105012736097523,0.11925909524797033,0.10247354551647128,0.13622701959724,0.0704176302680346,0.013939491645079497,0.009491461985460177,0.00035553180533795704,4.0458707903527976e-07,Mut 16
