Order 1,Order 2,Order 3,Order 4,Order 5,Order 6,Order 7,Order 8,Order 9,Order 10,Order 11,Order 12,Order 13,Order 14,Order 15,Order 16,Mutation
0.000630385270811452,0.07188123806207553,0.002863737516022192,0.006167552131761116,0.01352201276912871,0.014330104631707832,0.042537022511282926,0.020807575892729746,0.1380772165798632,0.032610188270768455,0.12890740223523897,0.21429830928726956,0.12417614471246467,0.139009124558121,0.044697430120018554,0.005484555450736238,Mut 1
0.0006303852708114521,0.13737513237635146,0.1253194337919801,0.13823259662192458,0.0970699126262361,0.10712653735629613,0.05818517282440348,0.07469913695465238,0.04971512867319793,0.09265006087384435,0.06995202057238567,0.017613382796872117,0.027214317762340113,0.003812998347713756,0.00039859503489386586,5.188116096199299e-06,Mut 2
0.5125828541752231,0.11628559394274762,0.09806740653756331,0.07330232257484152,0.06652370376020707,0.06547463699072834,0.030315573819246985,0.020095648143012356,0.006948352901843735,0.004101097905751903,0.0030038166842680887,0.0005633998570583574,0.0004787435593157845,0.00035005926116933665,0.0016874914727894725,0.0002192984142329322,Mut 3
0.0006303852708114515,5.314228693578988e-06,0.007166186022139344,0.01711703749301865,0.024664753652861884,0.024084115806304807,0.015116630908941739,0.015925194070443134,0.010875691650878622,0.007097425336120439,0.004472372873546018,0.004354890098163138,0.001320581318322698,0.00015020840216184415,0.0001519910366666119,0.866867221830926,Mut 4
0.000630385270811452,0.03794660915701024,0.04468098551554813,0.03087037640750895,0.009132925416225188,0.003238203392455293,0.0020895815037671158,0.0016248109863160939,0.000296368397933418,0.0005925621563768463,0.0009942801206706364,0.0010317379760225879,4.254564079237872e-06,1.9636077221333382e-06,0.8668649407233553,1.4804197233693036e-08,Mut 5
0.0006303852708114518,0.014844863812317482,0.005871664189523128,0.009737506992418871,0.008709208619597812,0.03786418307168105,0.017921443095680296,0.1089959504845633,0.13551410448989398,0.15182079537580292,0.14932304264627105,0.16095890808657876,0.0756178112211097,0.10529510858693164,0.010155076347580868,0.006739947709237226,Mut 6
0.0006303852708114521,0.16702099439223014,0.14873000544858297,0.15773721315105588,0.14388144512725232,0.11194606737770298,0.06683999708594154,0.06169590268836093,0.06796752274021259,0.030528907673096742,0.02344555653369339,0.007382616376709397,0.010168470353479456,0.0004012777692912173,0.001539742794486881,8.389521709209516e-05,Mut 7
0.0006303852708114521,0.14614403366225265,0.14427492809956707,0.13219648710358567,0.14387453687467486,0.12279523283688028,0.15660262780753081,0.06725718961758853,0.04610357948588598,0.025941607714755552,0.008367854240128326,0.003511773714115425,0.0020688927925661092,0.00021091954592046753,1.933890000704746e-05,6.123337287871243e-07,Mut 8
0.0006303852708114521,0.041211644998192264,0.038207841929415336,0.05230959797163698,0.058093768622995666,0.06366942324593436,0.050732647976169255,0.14651033122676926,0.10087210849092638,0.13025741213520475,0.045734832336695244,0.1938764819862977,0.025322364446473004,0.0479121003021452,0.003964950559554709,0.0006941085007785383,Mut 9
0.000630385270811452,0.06501420730771545,0.09357166927932424,0.10282475970352975,0.15148303200715574,0.17834150574430332,0.16305334752015413,0.08455887414088258,0.06753691079641401,0.041745061762128555,0.014126230592818975,0.031055568280325692,0.0038586108499069865,0.0009257892733406858,0.0012688405756364981,5.206895550966173e-06,Mut 10
0.47859175203341653,0.10366756369575683,0.10339067280727396,0.09887139486000414,0.07720778368442584,0.06407427766961586,0.03724625321120776,0.023380334078249673,0.009750124065544647,0.0024047005411708057,0.0013033756300047518,9.370159944373864e-05,1.7032044315898047e-05,9.567008098523317e-07,7.66906608701585e-08,6.880986366916163e-10,Mut 11
0.0006303852708114521,0.044524678764806216,0.05677005024118978,0.058635183394213024,0.04999310044352908,0.02805228752467683,0.024015225632491973,0.018581463388523085,0.009279236216745498,0.0867425014255549,0.001163348185720433,0.0008355011612419004,4.83872498440741e-05,0.5236759327988613,0.00018168616088171078,0.0968710321409088,Mut 12
0.0006303852708114521,4.996378486580184e-05,0.02978806261098948,0.016379158788229906,0.014455758375047121,0.03435313566576548,0.023060187044419735,0.08360180010067203,0.07181800413725993,0.04947803566073993,0.26576043440770475,0.037294756349937445,0.22722922148363242,0.12844818528892357,0.0002871658326791577,0.017365745198321368,Mut 13
0.000630385270811452,4.99229307775913e-05,0.02971846336214993,0.028805678426079347,0.041400088513993294,0.027488788999740697,0.16512422328023066,0.06799335380186837,0.17410677233488,0.07236167731338326,0.1177632378900244,0.15201804633126098,0.07732189789311066,0.0339478652700732,0.005967834527217256,0.005301763854398792,Mut 14
0.0006303852708114521,0.0010525487552651251,0.0049278670404422275,0.004763963685446644,0.020292820309993687,0.028800053879675564,0.047407489935085124,0.0652471764372296,0.07114794524981165,0.05796263771647667,0.04513039687429747,0.1701808920509732,0.4061036772957488,0.013178869578548818,0.0628118794373279,0.00036139648286551493,Mut 15
0.0006303852708114523,0.05292569012894218,0.06665102560828892,0.07204917069474506,0.07969514919667596,0.08836144580652947,0.09975257584344455,0.1390252579881389,0.03999093378870808,0.2137053281388233,0.12055179817653196,0.004930034047729447,0.019049592453290288,0.0026786407082658227,2.9597862431457453e-06,1.2362830705326678e-08,Mut 16
