Order 1,Order 2,Order 3,Order 4,Order 5,Order 6,Order 7,Order 8,Order 9,Order 10,Order 11,Order 12,Order 13,Order 14,Order 15,Order 16,Mutation
7.391786104019576e-09,0.025979797939736853,0.002169417884640757,0.017598384578023606,0.02917621721165148,0.05039879412600235,0.1077630132642708,0.10736652896153107,0.11829876006750688,0.15868663158012322,0.20493923147886525,0.09703709308423994,0.05993410586193588,0.012803077187816267,0.00484582780818428,0.0030031115736855966,Mut 1
0.021860017572200845,0.0976699789209383,0.09115308089158147,0.11215737992628866,0.08436351084017285,0.10463224422866581,0.08447134268397485,0.09251296597303196,0.12203128099681718,0.09650176628746927,0.055967456697808254,0.02027302844785409,0.007528371161841731,0.005980500489348886,0.002882162723988096,1.4912158017242436e-05,Mut 2
0.42734921236604145,0.22062099821951464,0.1241916649699061,0.04739009790694271,0.09726372312469939,0.027560353044239844,0.014839209976263248,0.007607007968624314,0.0034497946462170013,0.0015026384196381044,0.0006110963293846138,0.0001360164798487789,0.000116432586616609,2.338811000023334e-06,2.0992809666236706e-07,0.027359205222966303,Mut 3
2.8836662175428224e-42,5.660562972587316e-23,0.002800835223337853,0.004331654458518833,0.011485364235209777,0.027479421086905653,0.02775337773878416,0.01309472847820787,0.01846807117342628,0.012169796635020113,0.007820477663113081,0.004538276467212237,0.00262995791829272,0.0008550953303045016,0.0003604587075643533,0.8662124848841024,Mut 4
7.698670698682762e-22,0.01246365766928872,0.012865176475650601,0.03866704077978927,0.022119459871288407,0.014851854538747879,0.014591214116858936,0.010522303714143609,0.0033258982365817393,0.0016988879342781072,0.0023597096397239797,0.0003424296408826675,5.7327324916748666e-05,1.6480305258864527e-05,0.8661184142971917,1.4545539851684814e-07,Mut 5
0.019002678805119858,0.010004572637396559,0.009587013339609533,0.013590982016234977,0.023817891087270587,0.03408739368076709,0.04794616357119144,0.0573107562290282,0.0810695807023876,0.11326333583853647,0.21228544891079051,0.19688053436176547,0.05729199244029335,0.08626833365430339,0.036729953431268315,0.000863369294036626,Mut 6
0.057523272166279886,0.13236349847892925,0.08581871632707389,0.07222359441448152,0.1322492641896027,0.13107662892619892,0.11487523425865455,0.10331418374203784,0.06816663231445565,0.04888585650484077,0.029041791637601275,0.014612313294673222,0.007994700182025897,0.0012981888672641423,0.0005368901011201811,1.923459475932238e-05,Mut 7
0.054385948601237806,0.12780966753286355,0.15984847041664152,0.14510175677030682,0.13188892538577027,0.09345895445647877,0.09236691429971336,0.06673008378232412,0.04618040808846474,0.042130857831714524,0.021271497463767292,0.010364728656695969,0.00539813342050735,0.002316349760758833,0.0007319807798624507,1.5322752892051024e-05,Mut 8
0.016898737106419516,0.025666709489376254,0.025106223658642388,0.043287494723065305,0.055436913085436974,0.08495538953320168,0.15124387061789418,0.12219099878545885,0.13613944183324372,0.12913841777990318,0.08689240028781407,0.07475623014834158,0.02411992885963908,0.012047490716508198,0.01120778178990725,0.000911971585146836,Mut 9
0.03785861133966686,0.046825337416811594,0.12321896731789207,0.09003335475721584,0.12196556162637479,0.2091292596042302,0.09979478624274814,0.08262269788699823,0.07314464825478174,0.049708667883579236,0.03678906305163442,0.009713821481306477,0.007239309917403237,0.01105211311356221,0.0008883185356781613,1.5481570116446758e-05,Mut 10
0.35094307678496706,0.2352122973811218,0.16906100939257138,0.1442694374069968,0.06350226045073645,0.027687625652139055,0.006878001826432958,0.0018302040780433244,0.0004731604792221417,0.00011292560138940588,2.5160678260326606e-05,4.109807571984835e-06,6.80070894278618e-07,4.728123016835571e-08,3.086846817057162e-09,2.15758483888246e-11,Mut 11
1.1232024988733673e-07,0.030363140368678595,0.047163735284499145,0.04261973239834062,0.03307833354825544,0.028454015481774304,0.03478649943561711,0.021077895523875866,0.016045592525655888,0.0135695990661395,0.0064950340989816885,0.04500806030694691,0.012279348958392378,0.5869492045735307,0.027076139526536817,0.055033556582524755,Mut 12
0.005770925717318549,0.0012029089888659803,0.010535670238380536,0.01768857149491939,0.01800334926147291,0.01270294168961711,0.02003528394274725,0.021377119098583752,0.016172797928193372,0.028370525583787477,0.009560894792389873,0.030210137703803167,0.528525160488943,0.222619785889555,0.02549232219415734,0.031731604987264884,Mut 13
0.0004775447121302161,0.0005487239883375512,0.015807919999110256,0.13018232374624628,0.06863404581968569,0.029712219030758682,0.03259467464977206,0.07398549678968837,0.07298196834849598,0.03921008354120369,0.02824155145711606,0.25912039081080035,0.1889736974168807,0.028816245543943585,0.018619991010280678,0.012093123135548825,Mut 14
4.559901080908962e-35,2.26885480357254e-16,0.0672667570253116,0.009390770286102001,0.030584845848580226,0.03313816196991196,0.04872846000960394,0.07899745984674945,0.12405627627330978,0.1241427948054903,0.17226203558182904,0.19846721571359932,0.07923895992278483,0.02692136285187416,0.004078478911391958,0.0027264209534614103,Mut 15
0.007929855116581872,0.03326871096814004,0.05340534155515063,0.07146742433652715,0.07643033441379157,0.09067474295035999,0.10133195336547161,0.139459569141672,0.09999568813123991,0.14090721470688575,0.12543715023092059,0.03853561359445713,0.018671893468632073,0.0020533856237408823,0.0004310671679247856,5.5228502795466294e-08,Mut 16
