Order 1,Order 2,Order 3,Order 4,Order 5,Order 6,Order 7,Order 8,Order 9,Order 10,Order 11,Order 12,Order 13,Order 14,Order 15,Order 16,Mutation
3.2439184608077245e-20,0.0023886298066499783,0.010042593172060786,0.01674212945663942,0.014126591467417498,0.010765893403725737,0.12420862911998158,0.13044953279994678,0.17887535878731806,0.11565845132514439,0.192020478534659,0.06008601459369064,0.12797407557492635,0.01169126072865602,0.004752579867396829,0.00021778136178611938,Mut 1
0.05040836946377976,0.04212361314072302,0.07104164309270894,0.0553025432207269,0.11255222039010328,0.05078183816222276,0.15103128610083916,0.05657995529417645,0.05056353255490587,0.10255781734658799,0.1217879732395617,0.12514578621833092,0.0057664598127656974,0.0005606647700264301,0.003784130509246747,1.2166683293838867e-05,Mut 2
0.31106429329326163,0.26654968052066047,0.17138285808703435,0.09569459006849189,0.06212280164806526,0.04787077135049023,0.028246703258468685,0.009299027078288592,0.00403463677143773,0.002207605991619105,0.0005237563894223467,0.00039085738451047466,0.0006068492415718686,5.152587601661164e-06,4.162771881113532e-07,5.188728686522768e-11,Mut 3
0.0,0.0,2.888428607653202e-05,0.0010275726408800906,0.0020082883300057996,0.0033733555586286713,0.004576978007239075,0.003219960705149019,0.003241826617322077,0.0011980264429978622,0.001340907443739627,0.00022213080503256333,0.0005178189040485243,0.014814124443682053,0.4709987441088385,0.4934313817063595,Mut 4
0.0,0.00010764850785838684,0.003698344838801196,0.004250914920274538,0.004013342488367445,0.004067045848768298,0.0023499950330660084,0.0008004932506805151,0.00038576616533932416,0.0006438908800660308,5.306969355802698e-05,0.00043938935423800996,0.02661688821673678,0.4591418475635977,0.49343136323863346,1.4016094856569496e-14,Mut 5
0.04375930966701468,0.020294091071189128,0.036890333662471145,0.028589154905469007,0.033669191264537456,0.10331549867137309,0.04566819121258964,0.0436213222290077,0.08386143745496345,0.17511103517848253,0.06585062855485553,0.07013691009745225,0.001536001564368094,0.24345071741091726,0.004244949346873276,1.2277084352691669e-06,Mut 6
0.12683093803796874,0.13695821647476,0.10315262301477754,0.07436983513799253,0.13073918127964892,0.11908789100945716,0.08412953501235422,0.04731472786322695,0.056309713102444495,0.07010883712686715,0.0046558024948163855,0.003706817426290707,0.0004832689017246883,0.041383990365369,0.00038267134919210525,0.00038595140310854285,Mut 7
0.11838901660731578,0.16933523893172098,0.14761848184599846,0.14525545774000095,0.10292638386391507,0.1521015722340415,0.10425119438776177,0.03459057958576821,0.00984538442958779,0.010688794946702496,0.00440577823107465,0.0005111680924721244,6.176538889826227e-05,1.7888154136348733e-05,1.279324110895962e-06,1.6236494208956506e-08,Mut 8
0.03969452177738622,0.01862694240282779,0.014791088595834648,0.04769714043812992,0.052241837940519585,0.07232437190036395,0.05234734753193474,0.06470459969462701,0.0869384513016757,0.27005561978150644,0.10423597361948911,0.042052254694334525,0.00556136455776077,0.12555088360397346,0.003041351418702016,0.00013625074093375598,Mut 9
0.08325158702060845,0.06780002448715158,0.08484924885619942,0.11656546773377695,0.14726324675280592,0.20458260694020178,0.0973568729238434,0.1057985604229853,0.07414683610515947,0.011535274467055866,0.00492543778607635,0.001504552786937825,0.00029532754758637887,0.00012480963063116993,1.4636552961499702e-07,1.734501221229164e-10,Mut 10
0.19348928032960577,0.19798416889849935,0.14394988195222547,0.1445927699066423,0.09119201589925045,0.06692246494118233,0.06314116823515717,0.06201911866520265,0.027122685707320116,0.006464604989055705,0.0027075369441941373,0.000346683492048202,6.337839707981578e-05,4.147846293574159e-06,9.350518637750297e-08,2.91056201728045e-10,Mut 11
3.7603450700456646e-16,0.02569092803887292,0.047641920527433,0.05310725433657842,0.03738979456531872,0.031981963984026716,0.03495757167044462,0.017385803060383648,0.06031654806535289,0.006701387241248743,0.0008453657193989324,0.001175895482560133,0.14169802927509476,0.07142247932809745,4.42860873581593e-06,0.46968063009645244,Mut 12
0.014623243370800626,0.012257422857061794,0.05462296251772464,0.08379189805048816,0.029359847264760396,0.028334996553248178,0.02214685624062152,0.08303692407539208,0.10661750083763025,0.05781689617480272,0.1696845367390643,0.2940641096422532,0.03320950981388917,0.006571935117157625,0.0012256489085242107,0.0026357118365806717,Mut 13
2.3715441685953236e-05,0.009730644693532084,0.043680525027949724,0.0436050203244778,0.0667953065415644,0.03419561409475465,0.056365601532000015,0.14344547050274314,0.040417457592010875,0.06352731024077288,0.09355607015355341,0.3474721446938062,0.0222579178676165,0.01706810868247387,0.013362304874723415,0.004496787736334833,Mut 14
0.0,4.775581264929339e-35,0.002358253120496797,0.015921053047294013,0.012223791520568364,0.011786893921066046,0.015477329513654449,0.03690581695262172,0.06333199112167562,0.0318249031359982,0.10835276584003556,0.02997290749393641,0.6306128880412654,0.008029090138021777,0.00420022257556314,0.02900209357780209,Mut 15
0.018465724990571714,0.030152750168492403,0.06425035740220716,0.07348719807213686,0.10137615878315076,0.058507221426448174,0.11374474022004333,0.16082810781979986,0.15399087338585504,0.07389954473109128,0.1250539186165007,0.022772377742105287,0.0027384568946667203,0.0001628996293642663,0.0005696697215553143,3.960109206456408e-10,Mut 16
