Order 1,Order 2,Order 3,Order 4,Order 5,Order 6,Order 7,Order 8,Order 9,Order 10,Order 11,Order 12,Order 13,Order 14,Order 15,Order 16,Mutation
7.817163957764537e-21,0.002009030475918855,0.006501312619439587,0.007079410233047479,0.016169399266807532,0.015276175061562746,0.043350436904864585,0.1713895413386607,0.16404285234096888,0.19166662787717814,0.2031124689622209,0.09257678958155045,0.06854778444729656,0.01063498173556339,0.0032469193387703807,0.004396269816149365,Mut 1
0.04972225815080932,0.043042972480381275,0.12063256810176257,0.15080291334189422,0.10278917498538802,0.11235307184843665,0.05930768099947405,0.06786676372464508,0.1147439498794817,0.07892436172220624,0.055998506885659785,0.02319978028184341,0.009287015421331861,0.005846278838072913,0.00536387855611123,0.00011882478250190081,Mut 2
0.31388618880729724,0.26573481368502117,0.11952595214388409,0.07395165393819474,0.07344015165280064,0.07234373211638158,0.0329379953079566,0.007302250331840059,0.004354233020590115,0.0025279883033475095,0.0011147131753153267,0.0002363032080805769,4.941466370303783e-05,4.290490065128542e-06,1.1547393731760763e-08,0.032590307608128546,Mut 3
0.0,0.0,0.0014581612887202308,0.01321430050011822,0.02265022297754776,0.023735859390939043,0.014686663016589259,0.010764267730874263,0.014662753499151858,0.017380006325664128,0.015692717037183865,0.010808677271270127,0.008036954876626713,0.0037797678398328537,0.0008813995208311227,0.8422482487246505,Mut 4
0.0,0.00018355108602073652,0.057514180903563784,0.039870710507423,0.015414261933611846,0.0062238332410594925,0.002762821103126685,0.01821766488394835,0.010240309880299352,0.004704058748423945,0.0021267782004261286,0.000686653373969765,0.00014942940804455547,2.8996210587897826e-05,0.8418765054876096,2.4503188485135755e-07,Mut 5
0.043385407770750936,0.02011740948740768,0.0077331574786206015,0.009201531360443603,0.00811190601933756,0.034205570687556,0.017161961260336818,0.08381195395467587,0.08184765279639146,0.12895711694413048,0.14924826878155742,0.18837174731099934,0.09935291567726995,0.09171181019515011,0.03129584135917369,0.005485748916197963,Mut 6
0.1248489467037019,0.13516060607900618,0.13180196829361374,0.14386692020526756,0.13390886670491192,0.09919775996750516,0.05630046715727134,0.06593491420550006,0.04373785138424307,0.03138267477268189,0.01957830076186798,0.009113831837288276,0.004327969972768872,0.000550749970914168,0.0002810909336468069,7.08104981044922e-06,Mut 7
0.11853094670342336,0.17003477052973717,0.10166884950833015,0.1065153442472171,0.11445399969478165,0.1089868556849458,0.13561859514204766,0.02414566610259651,0.023228790364563344,0.026020642799880905,0.031456341065977174,0.019538638007015358,0.009579101061444857,0.0056043961290344205,0.004562033575199656,5.502938380497245e-05,Mut 8
0.03868702609540339,0.01821000854546813,0.034565001686031806,0.0535234373944372,0.056581261378645956,0.06397498948896962,0.05107493993210982,0.1527024229851325,0.17703449752251946,0.12162472068588308,0.09666059747904708,0.06894409230088157,0.03306755963520219,0.012136129757423727,0.011642782960889683,0.009570532151954952,Mut 9
0.08432773233706754,0.06947214948573055,0.06745122999424388,0.08369048917451889,0.1361994864744424,0.16716830282683037,0.16721959013748516,0.03502977598530469,0.040805575151281345,0.049074616853079546,0.03428566671605601,0.026021585141318745,0.011085838740849355,0.017733359227161166,0.010361553732766298,7.304802186368524e-05,Mut 10
0.19473051873907224,0.19719913074019954,0.17588654792666908,0.13397668558934486,0.10832422521968614,0.09487350959883072,0.04740249125258726,0.026740444770221788,0.014132935097571785,0.004732038028178216,0.0015454833657764877,0.0003755186765763331,7.534802613322115e-05,4.664584075028997e-06,4.581193819510413e-07,2.656952919763803e-10,Mut 11
4.3663005797827423e-17,0.025963439341479454,0.050853222573907106,0.0569864472281704,0.048754874951983405,0.027049468313776512,0.023196778827023465,0.07637020440831838,0.05000579304551809,0.035428396251585156,0.03367949771916274,0.24015965124863595,0.031097405053369498,0.2613121839137632,0.03497289241851548,0.004169744704791331,Mut 12
0.01339650959917049,0.012139303960787128,0.023769124331947906,0.015093365791592964,0.01362357141467542,0.03080673714454021,0.02437973205994687,0.015328735902984477,0.010497464003629331,0.01266458299841224,0.005083576256324298,0.022064885143819195,0.22357112081115485,0.4941497623290385,0.025924735930277828,0.057506792321698225,Mut 13
0.00011779257180072652,0.009818377760772493,0.026114738913456302,0.0327266465890468,0.04559916660299054,0.0280846267268732,0.17148353265367589,0.04659070292126457,0.04452528161375016,0.03396377377850575,0.04004916748506129,0.019513078722060567,0.3890998617786512,0.05627857379960356,0.01851047308086687,0.03752420500161946,Mut 14
0.0,1.6722812163128508e-35,0.005944416795912337,0.0060279282616772355,0.020906067085973187,0.02966487809379632,0.04944718142902867,0.10919112360836108,0.12008537479518838,0.13636117807668083,0.16702470368934857,0.21109373514170174,0.09723703414677944,0.030267450743117805,0.01049539653978557,0.006253531592647945,Mut 15
0.01836667252150292,0.03091443634206976,0.0685795674398968,0.0734722156376058,0.08307336363641535,0.08605462980799695,0.10366913281647418,0.08861356714566958,0.0860546856048505,0.1245872158341625,0.14334321241901518,0.0672950327529888,0.015435246279374058,0.00995660423659598,0.0005840268987801175,3.906266006073591e-07,Mut 16
