Order 1,Order 2,Order 3,Order 4,Order 5,Order 6,Order 7,Order 8,Order 9,Order 10,Order 11,Order 12,Order 13,Order 14,Order 15,Order 16,Mutation
3.2439184608077257e-20,0.0023886298066499788,0.008805598861148171,0.007481137557673726,0.013561394635073245,0.011071067296194668,0.021009213164955444,0.1739569127166198,0.17229572620536118,0.16525122825727004,0.2146154706409904,0.11202995230929641,0.07946429449088482,0.011346556191240089,0.002704580235834791,0.004018237630804443,Mut 1
0.050408369463779745,0.042123613140723035,0.12668586094778408,0.12712543849272379,0.104029710637516,0.08663804646961233,0.04243725238664326,0.07950746427481396,0.1152611572857129,0.11119046998381422,0.07059312569173623,0.02476706779754238,0.009177017727984571,0.0047035148717198185,0.005255615836805597,9.627499108761032e-05,Mut 2
0.31106429329326163,0.26654968052066047,0.1061976391123776,0.07748809660627021,0.06597010452648776,0.0555943637941481,0.04079282048209111,0.012278387749902132,0.007306942235436336,0.004301324790924438,0.002065068640519976,0.00040216210900276874,0.00010179024782192123,1.0677775286751286e-05,4.2723006127457126e-09,0.0498766438435081,Mut 3
0.0,0.0,0.001988611218559166,0.010543136653527293,0.016948397933772178,0.015658624306673023,0.014144482280389194,0.006990814755637245,0.01146118270845113,0.013588777990471252,0.012953892982206448,0.010713107268999126,0.007509488251042857,0.0047817089184488916,0.0005797133702563403,0.8721380613615659,Mut 4
0.0,0.00010764850785838684,0.0453709207919903,0.02454477080734629,0.012197512276551406,0.005612666892938186,0.0018067372114934598,0.014893835486592495,0.011887589380541158,0.0066601313665660775,0.003743699544971533,0.0008949183013138003,0.00023209244616997026,4.221584031968237e-05,0.8720045929851796,6.681601675639481e-07,Mut 5
0.043759309667014704,0.020294091071189128,0.014826220420988934,0.0072126924268081545,0.0055275481457897615,0.026308430021865368,0.01774895310152965,0.06929916390762356,0.09247734672556555,0.11384122148825734,0.14299299487163458,0.20478452158075283,0.12387423167382065,0.09407075848570037,0.021028415160516,0.001954101250943332,Mut 6
0.12683093803796883,0.13695821647476006,0.1334662377819725,0.17210768737870438,0.1305121924564623,0.10659020950067731,0.06582633702046078,0.05064149978015403,0.027503477513253074,0.025354025749358203,0.013757501880197255,0.006943372714335703,0.002668967421220249,0.0005150114993370573,0.0003206431444324927,3.6816467052851214e-06,Mut 7
0.11838901660731575,0.16933523893172095,0.09884637375347703,0.10185894326795616,0.10696826281904115,0.10340580612223439,0.12604194904689528,0.03339083434136465,0.0329325569314779,0.03653481900258289,0.03534860870029448,0.01860320850133135,0.01126283477359305,0.00407061432599964,0.002963245749102226,4.768712561254832e-05,Mut 8
0.03969452177738622,0.018626942402827796,0.040926091921485434,0.05309109134688021,0.06203429282554539,0.07584635882683893,0.09992661280633984,0.11347734450054767,0.10478938342812812,0.1303765513401208,0.1166605138719435,0.07306833999131246,0.03872270902139428,0.010674582014947295,0.011931609298100143,0.01015305462620122,Mut 9
0.08325158702060848,0.06780002448715158,0.05894531471790326,0.060896538694564226,0.10502571424424273,0.13451047927591708,0.12330946372171096,0.06046792747564115,0.07948513743461226,0.09666327927755829,0.04600347435898155,0.042788465708463806,0.013011213348552611,0.01634545438633415,0.011449414930174668,4.6510917582230514e-05,Mut 10
0.19348928032960577,0.1979841688984993,0.15821774245253667,0.1417395397698728,0.10991056188130115,0.09455234981650036,0.04498140442720969,0.04392827125860289,0.011673012778945622,0.0027354588024688193,0.0006604066317348938,0.00010695695969632794,1.9413758315082388e-05,1.1269015172538971e-06,3.0502745374872593e-07,3.0573962910346223e-10,Mut 11
3.7603450700456646e-16,0.025690928038872938,0.06847626512107893,0.08301321389235199,0.06126882622718386,0.05741540185914662,0.08540772737416713,0.06462655160455258,0.0489186300571767,0.035554388979206535,0.03446322289307626,0.23253261645612106,0.12737219047792092,0.05949193133700692,0.013819480591180851,0.0019486250909560218,Mut 12
0.014623243370800634,0.012257422857061797,0.022836754720112484,0.014062606480961738,0.012154819536292752,0.030625632063553294,0.022712111268995645,0.02083481634447813,0.015284467249081488,0.01360492318472209,0.005946854134229803,0.03233490492945604,0.013799325622463705,0.694787665420515,0.03983600437475224,0.034298448442522715,Mut 13
2.371544168595325e-05,0.009730644693532083,0.02808943827757767,0.03087978668667073,0.05709487344576253,0.029827580529537757,0.056959450989557334,0.05532796059571554,0.051889535770896784,0.04081794807876691,0.04538792164854082,0.02297197910097059,0.4653747787746554,0.06960420764847236,0.012575332946540861,0.023444845371116227,Mut 14
0.0,4.77558126492934e-35,0.00679036756998565,0.011628546045131121,0.03655494607935962,0.06282196819162655,0.09764949802229754,0.10896512282798122,0.13711540398025043,0.1170621818332194,0.14569555932234826,0.1458062187482254,0.09713086702044478,0.025501413465741394,0.005306681340829801,0.0019712255525582176,Mut 15
0.018465724990571718,0.030152750168492403,0.07953056233102207,0.07632677389255718,0.10024084232961793,0.10352101503253651,0.13924598669526153,0.0914130923797711,0.07971845031510577,0.08646326987469202,0.1091116841865935,0.07125220752318001,0.010278784943715251,0.004052560917412857,0.0002243607365399458,1.933682928989679e-06,Mut 16
