Order 1,Order 2,Order 3,Order 4,Order 5,Order 6,Order 7,Order 8,Order 9,Order 10,Order 11,Order 12,Order 13,Order 14,Order 15,Order 16,Mutation
0.0006303852708114514,0.00165650977093683,0.0005784939219092264,0.051711481758670824,0.005860061998694004,0.12593155772617542,0.0405540457801096,0.12967611867699394,0.09244084870946892,0.03537004556388134,0.10158638291083825,0.12321701672058645,0.20562549092636165,0.07477518814027802,0.0061704071609328115,0.004215964963351607,Mut 1
0.0006303852708114514,0.00165650977093683,0.09231880815743013,0.07091176612158091,0.11446201457372747,0.1470286989623034,0.0652985567950919,0.10559625077708162,0.12358267078918234,0.12304785281247572,0.07430860223706297,0.03916198934676101,0.029497119706890007,0.005211343735872904,0.005489317598772201,0.001798113344018952,Mut 2
0.5125828541752234,0.37727562302111894,0.06775820600744918,0.014817632228950288,0.009709034092638576,0.0038260892594170087,0.005018674403620889,0.0010546744703679501,0.0040768046897219305,0.0013009824784610579,0.0008939196555172576,0.0012522431091964552,1.0206935626517986e-06,1.127742192733613e-07,0.00028313663468793656,0.00014899230584782092,Mut 3
0.0006303852708114514,0.0016565097709368296,0.0009039498223797222,0.0015835304166498445,0.0009466434219686735,0.0010746239783740437,0.004459677218032002,0.0066377284018025885,0.015023740524863244,0.006035269000519681,0.01242885055144862,0.010830896785270931,0.0039443117678432124,0.002636636741598946,0.00197826232159481,0.9292289840059057,Mut 4
0.0006303852708114516,0.0016565097709368296,0.004796211848144165,0.0008306814503525387,0.0033067201948151904,0.016465922693502163,0.0042162460074269045,0.017125808287294975,0.01233260494961179,0.002328506481489734,0.0003234045639506946,0.004275276611564935,0.0013514287597609365,0.0008653187944435023,0.9294819609228535,1.3013393040994786e-05,Mut 5
0.0006303852708114515,0.0016565097709368305,0.0005553841994852196,0.04026699293775513,0.021377741163797842,0.06590219838050293,0.029509420392137272,0.080808321946504,0.12447147074830689,0.14162367817923258,0.16196612258087373,0.15755411938713243,0.03614055148306203,0.11118509521577519,0.01628986947005738,0.010062138873628876,Mut 6
0.0006303852708114514,0.00165650977093683,0.023064836225064656,0.131016017057235,0.25099827992802426,0.11017908622020232,0.11604210419826586,0.15253201088280574,0.04894621176835198,0.05475331782262073,0.04948369351525569,0.010631519111689495,0.04202313874635772,0.005867121482044715,0.0019979199514158917,0.000177848048917394,Mut 7
0.000630385270811452,0.0966744215749083,0.3887416259431636,0.07657109623944709,0.139706829848469,0.029940558241346543,0.1681103555020609,0.01323076163664583,0.04837109327177534,0.02327122764667028,0.012730149121595003,0.0014893659123487214,0.00015171839154676673,0.00017672507408764815,0.0001939014554372903,9.784869684757122e-06,Mut 8
0.0006303852708114515,0.00165650977093683,0.0006781791391283143,0.16376117418527533,0.07176804182523701,0.12263153913053372,0.06397903750327412,0.12333728562703243,0.07028824781080703,0.11766249950663925,0.09384958989638209,0.05647555217013154,0.06541583446879082,0.043832899711680376,0.0017798639056298767,0.0022533600777098132,Mut 9
0.0006303852708114514,0.00165650977093683,0.3633520701786033,0.05391305093415572,0.1396442434625827,0.07139344298113826,0.15106078773781917,0.029234355954016383,0.11713119326194248,0.03939486006714087,0.018705354932454153,0.009628721411427267,0.0014231739079409585,0.0012859345598509489,0.001537801714648332,8.113854529988765e-06,Mut 10
0.4785917520334164,0.5045153283817944,0.008322714409177222,0.0018209350363239257,0.001914267142868684,0.003887361688541202,0.00032581312948108606,0.00037052853040502303,9.724168257600749e-05,8.903067310600687e-05,4.714061947797246e-05,9.540536336085788e-06,6.482788699780977e-06,1.6003696158578622e-06,2.580814526678273e-07,4.896727716546105e-09,Mut 11
0.0006303852708114515,0.00165650977093683,0.039854666882304685,0.07163278186801635,0.06446230426983206,0.03382795466438143,0.03043411242301377,0.060970921109717406,0.025016163494340243,0.01845784420665588,0.004568512810813475,0.022994942303262,0.11251059669164287,0.4867321127843122,0.005773897343165024,0.02047629410679447,Mut 12
0.0006303852708114515,0.00165650977093683,0.0006366425346195799,0.04095716343041951,0.017303518047230966,0.018562743117718147,0.037046258197074425,0.013156912318845096,0.0890073392069621,0.09115672643098868,0.18730130570995326,0.26571108928029646,0.14341442137087568,0.06893946239384437,0.005378315410283704,0.01914120750913939,Mut 13
0.0006303852708114515,0.00165650977093683,0.0005522027228473914,0.09305810240900789,0.045804671328843534,0.07677595825959471,0.08986835775170371,0.05315437319185469,0.09574847074313686,0.07194696593486334,0.13182384352534715,0.19982048193542873,0.029782180381627124,0.08446457014081035,0.013261148263672607,0.011651778369513711,Mut 14
0.0006303852708114514,0.00165650977093683,0.0004995984188571865,0.00019094541780052119,0.022649305884718446,0.08778006688972773,0.04914127911500252,0.13142667281440815,0.04237603472769387,0.07668263986865932,0.055713566834233834,0.0869024917361157,0.3236945572935012,0.11017147637280211,0.009673155708362214,0.0008113138763688833,Mut 15
0.0006303852708114515,0.0016565097709368302,0.00738640958943474,0.18695664850835947,0.09008632281655163,0.08479219780654172,0.14493527384588517,0.08168727537422413,0.09108986362125832,0.19687855332659526,0.09426956053479535,0.010044753642451519,0.005017972621536746,0.0038544017087636037,0.0007107840570339805,3.0875048202114954e-06,Mut 16
