Order 1,Order 2,Order 3,Order 4,Order 5,Order 6,Order 7,Order 8,Order 9,Order 10,Order 11,Order 12,Order 13,Order 14,Order 15,Order 16,Mutation
0.062499999999999896,0.05044473601094258,0.039527767594226916,0.05073690785267865,0.07940427646663227,0.09983324073808958,0.0765574497238561,0.08974723195537115,0.08339183181222579,0.08745839768718693,0.10126876996522179,0.0742453941024074,0.05866648435085986,0.029087993818197416,0.00900620762197091,0.008123310300131598,Mut 1
0.0624999999999999,0.05044473601094258,0.050569123537887506,0.08573137654345346,0.09926026414770242,0.08657844903864824,0.07930370498002692,0.08414544351187586,0.10144446943045339,0.09116978117701358,0.08647708094881368,0.05758838699298512,0.03390316261541855,0.01970799916092349,0.01046679650556759,0.0007092253982862199,Mut 2
0.06249999999999997,0.10366425827109169,0.1356892100090463,0.09188654880121534,0.09243984090242217,0.08287240443426296,0.06841721235323739,0.04775327841635319,0.02939184085774955,0.017164722303821166,0.0088261296496535,0.0033648531821967365,0.0012063520000426334,0.00022444923916028166,3.179177016487674e-05,0.25456710780958147,Mut 3
0.06249999999999991,0.05044473601094258,0.04216428790773139,0.032879729428889344,0.02608962184015721,0.02697423306810266,0.03228537377811241,0.039226902093795486,0.04044150681842434,0.03820905184613457,0.032037979099812076,0.023530651588977824,0.018822989901837787,0.01130702981577968,0.002576279160850876,0.520509627640451,Mut 4
0.06249999999999991,0.050444736010942584,0.04625569640051666,0.04226078464349555,0.04509428407698526,0.047739667226046,0.04984394005556191,0.04157589025419479,0.03429119310905031,0.023421720626972696,0.016416539288152353,0.009966544845315197,0.005766538307018036,0.0026640106223573554,0.5214185822320307,0.00033987230135914094,Mut 5
0.0624999999999999,0.05044473601094257,0.03904438792216774,0.03602473851922073,0.0413821971584752,0.03781976582161088,0.037619593809620044,0.04761415212609728,0.0477526810167134,0.0655656962553779,0.11344334289849836,0.1237319793133747,0.09449421296494556,0.13861181014039226,0.05236769400734284,0.011583012035218955,Mut 6
0.062499999999999896,0.05044473601094258,0.05663585239521572,0.04330318443382564,0.05035849842935246,0.06129445690430608,0.14175772895274324,0.11013834795352871,0.10531871496235051,0.10666974856558296,0.08518080343399258,0.0621095549822539,0.04089367995530244,0.012594598562051133,0.010066258543728696,0.0007338359148222355,Mut 7
0.062499999999999965,0.06671448289249081,0.10542478144563736,0.0724999911091081,0.07136938800537306,0.07515153347544652,0.06691434229735868,0.06890491854453616,0.05647115135052967,0.07896751895388261,0.08985034866350058,0.08361130563262087,0.043825560666482515,0.034995679249655895,0.02127622218760951,0.0015227755257666718,Mut 8
0.06249999999999991,0.05044473601094258,0.04027021682091725,0.045539813232776186,0.05307329563432982,0.0729676056896205,0.06477469227456935,0.07850441402858072,0.08333128106353936,0.10206263787537931,0.10835291731088201,0.08243629536474925,0.06820638206620183,0.03468333383674373,0.02750806358491683,0.02534431520584984,Mut 9
0.06249999999999993,0.050444736010942584,0.08744028358158541,0.07626609891312894,0.08096312541840849,0.07768175433207046,0.07670631507834934,0.07631067771028668,0.10143484229884284,0.08853828066045967,0.05624349467574863,0.05934131881579817,0.03376989137671161,0.04272410159633404,0.02858361804857423,0.0010514614827577702,Mut 10
0.062499999999999986,0.17383969069416266,0.15060420650435422,0.1714720768254321,0.15919814223559647,0.11648348355010789,0.07543702495587787,0.043119283432404086,0.024067461896364776,0.013072640271146654,0.006216088082876561,0.0025721273978989963,0.001097128780636413,0.00025361955404442065,6.55427237907016e-05,1.483095305144206e-06,Mut 11
0.062499999999999896,0.050444736010942584,0.045071909740720804,0.044950867704084047,0.03398439064936408,0.03626027339930657,0.03587460509725548,0.04198223669530749,0.03339234913245789,0.02808017504665527,0.0281538744899267,0.1606843540622588,0.08231894019597666,0.22206539797360364,0.07869517134835916,0.01554071845377946,Mut 12
0.0624999999999999,0.05044473601094257,0.03910203718391501,0.041274883126089144,0.0292163699460765,0.02627748418026942,0.020897885987752985,0.01679511269682848,0.01939259679259798,0.02336434994550148,0.011557334778631231,0.019142536153135006,0.1270795815790977,0.2877118696346931,0.13840173438670775,0.08684148759776034,Mut 13
0.062499999999999875,0.05044473601094257,0.038749385911998446,0.061972138934907654,0.04521882141124163,0.04230960757065609,0.03438141634042218,0.041502051123119096,0.040654940323352845,0.035787167682076966,0.03692344793604064,0.023367459826126424,0.250503293859487,0.0964455102564688,0.07694869522351629,0.06229132758964185,Mut 14
0.062499999999999896,0.05044473601094257,0.038697627035510544,0.03260951538324785,0.037083550313446415,0.03798880740827068,0.055657913579486726,0.06394748767022572,0.09478485654488732,0.10124496723023936,0.10478710898022005,0.13291261264682183,0.10645308739355067,0.0502918929541683,0.019908920984159778,0.010686915864820727,Mut 15
0.06249999999999991,0.05044473601094258,0.04475322600856674,0.07059134454844532,0.05586393336443525,0.07176723316318606,0.08357080073576834,0.10873257178749468,0.10443828259045777,0.09922314387256817,0.11426473979802777,0.08139462509307807,0.032992713986429285,0.01663070358542472,0.0026784216707079864,0.00015352378446636592,Mut 16
