Order 1,Order 2,Order 3,Order 4,Order 5,Order 6,Order 7,Order 8,Order 9,Order 10,Order 11,Order 12,Order 13,Order 14,Order 15,Order 16,Mutation
7.817163957764537e-21,0.0020090304759188544,0.00787312862678637,0.027197534606843345,0.11636306508139437,0.13543449852290146,0.06453810079350636,0.10303455106524709,0.130854530705704,0.08572337159412693,0.10034913626876141,0.0750096919628263,0.09245310138431855,0.04387316187234793,0.003601085486679688,0.011686011552636212,Mut 1
0.0497222581508093,0.04304297248038126,0.02217150677209149,0.05838784788171047,0.15039594204813372,0.15517169335000258,0.09137307785756289,0.06649160751271674,0.06292086790780954,0.09270486485527209,0.07763989666395116,0.08441335429595774,0.016235442884800295,0.014098780572621077,0.01456661351822019,0.0006632732479592221,Mut 2
0.31388618880729735,0.26573481368502117,0.19990370810703934,0.08813066617050494,0.026955896396166055,0.022381062506074544,0.03687312569595708,0.021991990497457203,0.012783753414538293,0.006136664287400184,0.002635244913492877,0.0012608615828159791,7.544286429428426e-07,9.560417421462201e-08,3.66699872487647e-09,0.0013251702364192627,Mut 3
0.0,0.0,0.007354547563188942,0.0025359433931227476,0.0025798478601730002,0.017330225379750663,0.02406822486487703,0.022831165137200477,0.015713800306573794,0.006355678388363401,0.005115633137621159,0.0013886273939002535,0.0005423488466885386,0.0008837910374882618,0.00021517637546427355,0.8930849903155875,Mut 4
0.0,0.00018355108602073646,0.010210354527322604,0.005682101795465132,0.04807185108942545,0.025730871441269426,0.01021207444203905,0.002441808857018391,0.0017042412465199828,0.001363499647520467,0.0002565024529827091,0.0009576843247612374,0.00023158803624747948,6.1251198549076714e-06,0.8929472191931084,5.267404441232664e-07,Mut 5
0.04338540777075093,0.02011740948740768,0.006134516828047424,0.028852247957111082,0.04766154555414777,0.048952097035303135,0.04993725065801256,0.036743058525046654,0.09365550636643293,0.20179958859888375,0.06868768260980088,0.07556932383265282,0.12453257184506981,0.12675289998100506,0.02112515397714685,0.0060937389731802625,Mut 6
0.12484894670370193,0.13516060607900615,0.027059662958167606,0.0912420531820824,0.06120076796633819,0.07970554159389219,0.1194359991541953,0.10582830634457983,0.06739713131505641,0.055434624822600434,0.019492611628315844,0.00848132466991486,0.09792636528299871,0.005069269144841067,0.0016324717870574827,8.431736725191994e-05,Mut 7
0.11853094670342339,0.17003477052973717,0.10095752980438803,0.18403055488751852,0.04845444302470183,0.04572638277284628,0.14351595081147614,0.10923098190272777,0.03607591899908355,0.03288133772013349,0.008056964052176024,0.0018545984799278005,8.077894696686593e-05,0.00021196024673633907,0.0002923981728870959,6.448294526955843e-05,Mut 8
0.038687026095403386,0.018210008545468125,0.017345976569737687,0.07796959294102777,0.08766028119647287,0.11680519871655116,0.03575987238487523,0.07027185307082981,0.07418364390058653,0.19427784180080968,0.13143098240907067,0.030067525087674466,0.056521028626620486,0.0441369534108018,0.003753772573483185,0.002918442670586882,Mut 9
0.08432773233706752,0.06947214948573056,0.08569594600443435,0.15293705912604016,0.0673459848701235,0.06871359628021077,0.164440988409706,0.1380010521143704,0.12500923245298154,0.02044339609282442,0.013622408129589734,0.005828604361092713,0.0006130063976850948,0.0008188526409581256,0.002652656675789033,7.733462139575763e-05,Mut 10
0.19473051873907224,0.19719913074019957,0.44913451284444383,0.038243880882365446,0.10210202204113257,0.01353979476172929,0.0015486258930088868,0.0010426591891941242,0.0010176231046352736,0.0006580551191870191,0.00042824272881887,0.00022438989234314772,9.528115802129044e-05,2.9736111256689436e-05,5.3400788238159586e-06,1.8671576778611536e-07,Mut 11
4.366300579782743e-17,0.02596343934147945,0.015069307787841539,0.06508055426478794,0.04307218231447743,0.03578946144914022,0.028295684517344568,0.02748679461998378,0.026990506767800803,0.011434074301707883,0.003446067200147517,0.0024656147839078337,0.18282889006200542,0.4890421168739802,0.035764383322951385,0.007270922392444127,Mut 12
0.013396509599170487,0.012139303960787124,0.020494373114017084,0.02875096755467928,0.024011808195908632,0.02039855614942216,0.06245334871316013,0.055974952686477855,0.06698640195051772,0.06151267370166514,0.19182325470327774,0.33978745257420084,0.004593574556687545,0.05608891242710634,0.003617979932801277,0.037969930180120265,Mut 13
0.00011779257180072652,0.009818377760772492,0.006887143002854223,0.05471229301593701,0.062184766210929436,0.06822739199588645,0.04933467657029218,0.10125235439468173,0.0731417099081175,0.09064672245896918,0.08874286160274548,0.28403812322982247,0.016460938183501972,0.05801784154995833,0.006889520220139679,0.02952748732359002,Mut 14
0.0,1.6722812163128508e-35,0.0072188017014294115,0.005411578395018455,0.047537085608641935,0.04641833239580668,0.015169256974552717,0.021566727793338732,0.0490667922209204,0.039979600781337186,0.14450959164595895,0.053555871867674874,0.397186006835333,0.15166739976454788,0.011485606996329169,0.009227347019110696,Mut 15
0.01836667252150292,0.030914436342069765,0.016488983788209927,0.09083512394578507,0.06440251054183321,0.09967529564921282,0.10304374225943294,0.11581013628912831,0.16249833943272063,0.09864800582919905,0.14376291985328923,0.03509695166052572,0.009698322524412236,0.009302103642322078,0.0014506180221198362,5.8376982364713094e-06,Mut 16
