Order 1,Order 2,Order 3,Order 4,Order 5,Order 6,Order 7,Order 8,Order 9,Order 10,Order 11,Order 12,Order 13,Order 14,Order 15,Order 16,Mutation
7.817163957764538e-21,0.002009030475918854,0.009903675680121234,0.03899987026548544,0.12799710789409305,0.1376004446244103,0.10139830591921348,0.11362801319743783,0.09384647638769335,0.10725244252342497,0.13659935534956277,0.06776828565698473,0.04726916521345069,0.010615081648973863,0.0023732061203833193,0.002739539042846578,Mut 1
0.04972225815080931,0.04304297248038127,0.07126629372891742,0.06887755292925424,0.1321964848599727,0.1304711105098467,0.0940530673799694,0.09851013426443446,0.11889962678948558,0.0856988534195947,0.06312498447846131,0.025174947286107377,0.010225610465038924,0.0052539817993580385,0.003396552564651277,8.556889371762167e-05,Mut 2
0.31388618880729724,0.2657348136850211,0.1708793342758874,0.055940857398923134,0.044968317208965845,0.03068952381714021,0.01801189732878197,0.010182680313200859,0.004814370258607467,0.0025994727150375355,0.0011253645678517886,0.00022990493203211903,5.2924733875812134e-05,5.476338471351501e-06,2.8418802478470163e-07,0.08087858943088122,Mut 3
0.0,0.0,4.9700357077540146e-05,0.006328136957758761,0.005301893300267043,0.017897699458111864,0.02062079119750966,0.02491684669807283,0.028022666090917605,0.027132844460728705,0.019057153881570674,0.012916086261112524,0.008558233684077987,0.004318330116868588,0.0006560189043446556,0.8242235986315812,Mut 4
0.0,0.00018355108602073657,0.0035985064372432442,0.018007756859702122,0.048743579255265096,0.03203513772203713,0.03011128971357949,0.020112985653020724,0.014474668142922378,0.005323652615205017,0.002059490001791981,0.00111859462099355,0.00017197714307063438,5.452353980816334e-05,0.8240009370091997,3.350200139896108e-06,Mut 5
0.043385407770750915,0.020117409487407676,0.0370010973056895,0.018410276448038883,0.042128870092341925,0.04298055732808307,0.0521649591392754,0.06391981592893611,0.06364396978254432,0.0861421360479974,0.159499907142586,0.15236929728228782,0.08777023049869494,0.10700797780764411,0.019881919998518106,0.003576167939203695,Mut 6
0.12484894670370193,0.13516060607900615,0.10330134079994936,0.0211511488141893,0.05659637239105278,0.07225001407922758,0.1714904086916601,0.11389918413363366,0.07531224541083613,0.059128472745937945,0.03720814074366003,0.015270125424021345,0.012484419397279673,0.0012641828542422422,0.0006163494533174011,1.8042278284048015e-05,Mut 7
0.11853094670342336,0.17003477052973714,0.14805802067762144,0.06689019571794713,0.08808701923614547,0.06708613402242028,0.04552715570825895,0.04785732967764965,0.03657141305714104,0.07254077148211951,0.07422266869337865,0.041799264861825176,0.013795022958990384,0.005148730765393672,0.003805845427744959,4.471048020287826e-05,Mut 8
0.03868702609540337,0.018210008545468125,0.014368448547969809,0.033468303615425264,0.07649951826094671,0.11513041048650109,0.10070308942245011,0.09293526625660958,0.08876850272229678,0.12207672638897188,0.12013876006043393,0.07665470087945829,0.0562566340890777,0.01941087750825677,0.015291260870111087,0.01140046625061984,Mut 9
0.0843277323370675,0.06947214948573054,0.0867745703283096,0.07210796041813568,0.11111291842507239,0.0896299859908327,0.06097103506322881,0.06332398234139995,0.11209749106125419,0.09434500212331205,0.04292541888974206,0.057572406351841354,0.019729423193170014,0.023007265031817957,0.012516306812383795,8.635214670099966e-05,Mut 10
0.19473051873907218,0.19719913074019954,0.14468831697850154,0.42513468541034644,0.030316776000654567,0.004979044976680481,0.0015820033350760123,0.00069531066186837,0.00036016893878955105,0.0001786306561619117,8.357468840613263e-05,3.523735939045265e-05,1.3654112927803248e-05,2.3510453147109222e-06,5.890995006060351e-07,7.257109687435482e-09,Mut 11
4.3663005797827423e-17,0.025963439341479468,0.04578309765404263,0.028485743941092195,0.04554784032588123,0.04050365347670041,0.049572124195305926,0.060593164453630964,0.0384367894146212,0.033876489900006614,0.032471234311827885,0.2662217115456655,0.04371194322413891,0.26077669983017476,0.024559845641497303,0.0034962227439352643,Mut 12
0.013396509599170485,0.012139303960787124,0.05442107272672751,0.027036970329804552,0.02335108651149214,0.02074032523794336,0.014873432690855365,0.011597526563354409,0.01846762780086512,0.02441105181907637,0.007911380601497002,0.023986486393623507,0.19701878639097054,0.45438123464735897,0.057206518752204845,0.03906068597426858,Mut 13
0.0001177925718007265,0.009818377760772495,0.04399171096946583,0.04428340155304678,0.05813564717224042,0.06302023799369798,0.04346029066138835,0.06033003140498494,0.05689459125378694,0.0387363309590026,0.03901727347018775,0.017597648846136744,0.3927244347976253,0.0741095402935068,0.027555172647576575,0.030207517644779785,Mut 14
0.0,1.672281216312851e-35,0.0022666035467830297,0.018147518198908485,0.039587413834255604,0.04777698541785124,0.08311223407951035,0.09289382943378328,0.13402018471793953,0.1419835468958579,0.13147258500724754,0.1720483281313893,0.09695881097042273,0.02783377769374752,0.007720568822331637,0.004177613249971874,Mut 15
0.01836667252150292,0.030914436342069758,0.06364820998569293,0.05672962114194152,0.06942915523135348,0.08720873485851566,0.11234791547393617,0.12460389901798245,0.11536920817029858,0.09857357524756472,0.13308270811179407,0.06923697416713079,0.013258729127188113,0.006809969079062368,0.0004186236882097608,1.5678357565753981e-06,Mut 16
