Order 1,Order 2,Order 3,Order 4,Order 5,Order 6,Order 7,Order 8,Order 9,Order 10,Order 11,Order 12,Order 13,Order 14,Order 15,Order 16,Mutation
1.2943425964662992e-11,0.0013548042731578451,0.0025876368632399786,0.023557436375369698,0.045300590025484165,0.06056234596176791,0.08986958036244368,0.10326768823190036,0.11789198834594897,0.14713449141280716,0.19775573451791828,0.10896430113774103,0.07137433003201345,0.017650813272390084,0.00708181631266682,0.0056464428622060685,Mut 1
0.04634408451829977,0.031221579471210164,0.03574035918829808,0.07237958188868138,0.06092161904252106,0.11400573386694393,0.23332233642497827,0.10637167980051343,0.0974811461485968,0.09448061459813352,0.05280563901146923,0.026766769451436963,0.012370632792601002,0.010175447070427283,0.005396363151025482,0.00021641357486283815,Mut 2
0.33839888284843717,0.3006312781728453,0.15168547581706393,0.03788413724587705,0.0655579236372153,0.02012464944220806,0.02615210232531238,0.013239231956761683,0.003935795350757377,0.0018840971153286582,0.0008068949303716265,0.00014589299333235675,6.918294185947938e-05,1.1824716563159278e-05,5.444839286744842e-07,0.03947208602213788,Mut 3
0.0,3.1321490496441686e-32,8.262888581149136e-05,0.0005616122364638016,0.04988631143626577,0.039314394460403024,0.03959411432955071,0.02624776727054835,0.05804799334887494,0.05635918110446518,0.05274350053037561,0.027805472525485018,0.026470939137424356,0.00650907103063356,0.0035836289724401216,0.6127933847312578,Mut 4
2.438074500899111e-31,0.00018538001541712406,0.0025913987821587895,0.05105681545697471,0.18333314762782854,0.06221437974621284,0.02467903837698617,0.0402818931922333,0.008047637380473224,0.013574074549973019,0.0021356155935285874,0.000204086133015222,8.135176527205273e-05,1.2742875577270908e-05,0.6116023599887888,7.851556026846563e-08,Mut 5
0.04032519362454433,0.013041258557499644,0.020034163361591154,0.04587628400283063,0.03842984643172055,0.03536081934361025,0.0632775161132633,0.03725143719440641,0.057573300586966476,0.08006236314782489,0.13581192954686502,0.13169585940280581,0.06642110749775806,0.09462660109714281,0.13529472550195368,0.004917594589216707,Mut 6
0.12051216887412923,0.08951788060545171,0.043164183458185484,0.027920643859824828,0.06982579959792606,0.23922080910345722,0.11111272056508231,0.08030728659418404,0.06783957763609014,0.0639363248056583,0.03825110933207158,0.024703433276113382,0.014954943828111439,0.0049404672494930005,0.0030821489788004056,0.0007105022354207699,Mut 7
0.11406014936020277,0.1291897366570011,0.1394250096305679,0.07434562513751716,0.06628162569801872,0.04999103088702654,0.04771535335759601,0.18743431108231498,0.04623869377288975,0.05133121614593238,0.030222638068233918,0.02374989507835224,0.015571321111176812,0.013175923369265005,0.01016855039273272,0.0010989202511715373,Mut 8
0.035884512464311194,0.012014149493852396,0.00929250476969152,0.03119885346145313,0.05327265314263246,0.0737941845075777,0.08178454748795654,0.09554961367011419,0.10643604074636333,0.11657197879927908,0.10762076405850474,0.08113073903778985,0.07149758881733304,0.06253713342074774,0.04940474430713761,0.012009991815254901,Mut 9
0.07983872790890295,0.05124910773130746,0.12579211081945788,0.08037326987071641,0.08392427125133028,0.10006502228120007,0.061102542271443336,0.052747554298900504,0.07659386252781493,0.0720088293634034,0.05578359570782455,0.06641586001689943,0.029701938449685855,0.05247566833624819,0.011840643915338197,8.699524952606087e-05,Mut 10
0.1949347094040252,0.32278512663856945,0.24294028426640807,0.18081662837030593,0.04427369771230892,0.011546342576334237,0.0021045318531740407,0.0004699671850235651,0.00010068814582490386,2.3178466579819865e-05,4.215681119599873e-06,5.340235379141883e-07,9.011206471520165e-08,5.235857281517313e-09,3.265393537882686e-10,2.3271715692115655e-12,Mut 11
8.609892369349614e-10,0.013985878382072494,0.024137297842325114,0.025833903616016788,0.025761364673600615,0.02314364692918391,0.02745955668154611,0.027020568139800315,0.03481748106656872,0.025116727139453635,0.013176350366503832,0.23061636706570454,0.03762304905007398,0.29050855047983937,0.09593113547169274,0.10486812223462876,Mut 12
0.012292366539089078,0.009533542161409276,0.02015986730064802,0.023631938396245,0.014143382103332072,0.020699971144357072,0.02975376335556976,0.013409932751474462,0.0272181935750405,0.02971982620468984,0.010778808746817132,0.03395552421575513,0.20345802110634753,0.35326851036897866,0.03833876392161823,0.15963758810862813,Mut 13
0.0005210983444288669,0.006895359518028687,0.009036062149570102,0.2500241271732166,0.08568020385576089,0.03727705824730267,0.03208708230382635,0.05447008275977202,0.05414001468665521,0.026985724824379848,0.022058907156470377,0.012661369895562987,0.3141137342148492,0.034255782737521084,0.01340528998403622,0.04638810214861858,Mut 14
0.0,2.432125873948851e-19,0.1518327676016605,0.010370648625838697,0.06953619798320934,0.024631931738152882,0.043275020128324675,0.05832664525865931,0.10147103742643387,0.09601991413219624,0.12718491483753797,0.14734725442310917,0.10155618593480345,0.043239899998295084,0.013070761161185699,0.012136820750592912,Mut 15
0.016888105239696992,0.01839491832217763,0.021498249263322212,0.06416849428266803,0.04387136578084495,0.08804767976426106,0.08671019406294565,0.10360434061339137,0.1421665492547002,0.12479145818989434,0.15285938191438753,0.08383664132335868,0.03473558320862576,0.01661155874102053,0.0017985231301155284,1.695690858967044e-05,Mut 16
