Order 1,Order 2,Order 3,Order 4,Order 5,Order 6,Order 7,Order 8,Order 9,Order 10,Order 11,Order 12,Order 13,Order 14,Order 15,Order 16,Mutation
2.56518186155523e-11,0.0018022372657173476,0.009731031874377948,0.03238493993313501,0.05987452479358395,0.10362673096471532,0.11259253208038629,0.13928629789616181,0.09409808746238847,0.11726136382492647,0.16083324552593883,0.09572454174132398,0.05900685552256749,0.007825385216768056,0.0027087479146324627,0.003243477957724374,Mut 1
0.046980851738061574,0.034252861387568084,0.04844394146887193,0.11481424995857667,0.11203961715433476,0.11512399618469907,0.09993506890218522,0.09903493299906897,0.12090696109513913,0.10102654652864089,0.06951138419312346,0.02179754873900766,0.008021891873560335,0.004813611249256308,0.00326818524022279,2.8351287682156024e-05,Mut 2
0.3357866378689883,0.29997926376729406,0.18952757340305865,0.0731043889901985,0.02585338582208223,0.018088966173848465,0.009713756834152522,0.005256802831389766,0.002687673013032511,0.0013106593597424518,0.0005483760646792757,7.85018733445382e-05,3.3509250013375915e-05,2.4281378391962684e-06,7.298895175361877e-07,0.03802734672081883,Mut 3
0.0,1.0709130986777602e-31,6.886610428860726e-05,0.0007155672501001129,0.0014620782901736437,0.018346267421462076,0.015245896676257498,0.017050506733674406,0.011945438382752764,0.009623522600579847,0.006186765260703506,0.0038722661905519346,0.002268673648200664,0.0007943077992272489,0.00010318439790424871,0.9123166592441233,Mut 4
8.367961655539904e-31,0.00018382565660228874,0.00246689247273655,0.007532460650198752,0.03502411046116769,0.009987907331654399,0.013706176653186674,0.012732228531771495,0.0028027560437722024,0.0014581899074027978,0.0017274030125219463,7.293213452786847e-05,1.3690957725715366e-05,2.452240101461191e-06,0.9122889548547696,1.909186040161261e-08,Mut 5
0.04066236153874631,0.015602299089912668,0.02352533519415232,0.024644818222535756,0.03496335272962616,0.052289098466405906,0.06270554142478552,0.052011648223412525,0.07166715545233704,0.10493632451347122,0.1691728286760278,0.1495114361148014,0.057396845333812584,0.12229059155393551,0.01848642955333501,0.0001339339127018637,Mut 6
0.12259171465273284,0.10670416904625711,0.04898433450470548,0.06093713382111592,0.14010612923049684,0.13957771638762023,0.13824737959692424,0.0896536809376651,0.058695709192388236,0.046551378443694245,0.025475144204916214,0.013979966780940064,0.006960332178221017,0.0011490928435579704,0.0003461630764551815,3.9955102309437905e-05,Mut 7
0.1139488139330771,0.13304976446338715,0.1610873797863688,0.10547707800477231,0.1086847459684109,0.07178888872892995,0.05207799342089211,0.07154979228850375,0.045561562302369615,0.07015010394746936,0.03856139628477693,0.017429625602777984,0.00714423728716632,0.0020960922860731495,0.0013245929736406046,6.793272138398018e-05,Mut 8
0.036818501881717806,0.014074672856432734,0.008843276516050734,0.045637582455811135,0.09324632680196272,0.09987612236322488,0.10898298640194447,0.10582821685734448,0.09109985843542703,0.13586927264083826,0.12649411255013843,0.08176179018759908,0.03595128630498905,0.01007231758831914,0.004757443297221241,0.0006862328609789406,Mut 9
0.07877567495197225,0.056330099115376495,0.11321872293885946,0.0995561662401341,0.08319493321538003,0.11998685479068541,0.07316503664854182,0.07425152018450303,0.11167395064002436,0.08895424730347652,0.042552112854747366,0.041753310474456476,0.010895425216172703,0.005103772068422243,0.0005820165112788069,6.156845968438263e-06,Mut 10
0.19379091624349476,0.2803625929537156,0.2360823315809944,0.20091721471150112,0.06916264106772835,0.015834194464820314,0.0032225941625875954,0.0005076677168478734,0.00010142765514908467,1.5643072519448816e-05,2.4953805494806204e-06,2.446071746009653e-07,3.403392566039573e-08,2.20831864188243e-09,1.3938913962769158e-10,1.2840766558692106e-12,Mut 11
2.4174973255523883e-09,0.01771655982290744,0.07384172059219883,0.04753365767515508,0.03918671573643626,0.034404951654092374,0.06236127324752295,0.0390355743202094,0.03592611887691995,0.03339261503039785,0.011715819198838448,0.2686783932064965,0.0229005558894274,0.2959289831828962,0.013398169650130283,0.0039788894988737255,Mut 12
0.013415978106691196,0.010306926694020783,0.02079235441925741,0.03428811454428479,0.015965714813222856,0.011727733673581564,0.014841879528858404,0.013396835447666058,0.014290358441748132,0.029561524033719387,0.009239288700335233,0.039401406541312245,0.23489917560111495,0.47932081304605123,0.0328715258609554,0.02568037054718012,Mut 13
0.00025929902126390025,0.007718300304522072,0.015127832367606417,0.05619949658950541,0.056480528839274305,0.06133925514541033,0.050485565119195476,0.067350009303111,0.06728759316883233,0.039841512122698604,0.02750497853489844,0.026262415008170076,0.4478002992149677,0.05512537702475816,0.006997738227653415,0.014219800008132243,Mut 14
0.0,5.259805583598997e-19,0.00131949946892375,0.013870755396878308,0.047874970077529055,0.04743114506114599,0.0745995026661249,0.08652591421602454,0.13857337875886924,0.11502027519280168,0.16875551391905835,0.18791358712144282,0.10091063600439239,0.012848454438135103,0.0027856851886075896,0.0015706824900657947,Mut 15
0.016969247620104898,0.021916427576286486,0.046938907307548974,0.08238637555609703,0.07688022499859075,0.08057017118770342,0.10811681663645377,0.12652837151264437,0.13268197107884916,0.10502682147762066,0.14171913563874522,0.051762033676072725,0.005796551683742743,0.0026263191163402944,8.043322428654311e-05,1.9170891219369726e-07,Mut 16
