Order 1,Order 2,Order 3,Order 4,Order 5,Order 6,Order 7,Order 8,Order 9,Order 10,Order 11,Order 12,Order 13,Order 14,Order 15,Order 16,Mutation
0.062499999999999875,0.05441816052575731,0.05220239759349835,0.05463100263568098,0.06452172737572885,0.07260702804795828,0.07450686605685271,0.08942975905312504,0.08328015406223511,0.08383270633753559,0.10332953028611809,0.0819598704768215,0.06747513440147522,0.03197059943103625,0.01262762799841383,0.010707435717761614,Mut 1
0.062499999999999896,0.05441816052575731,0.053600590115961064,0.0727620887075431,0.08070841056693485,0.07601368327719214,0.07566032499365365,0.08382734877761369,0.10188042715586888,0.10033374035310112,0.09180590810112789,0.06589080145516078,0.039919771068693884,0.024271982944671797,0.015093493035935797,0.0013132689207832249,Mut 2
0.062499999999999965,0.11907287631969808,0.10374231236773425,0.08337353108692187,0.07481948842692006,0.06671903023824463,0.0587480809121462,0.04825721396991529,0.03495367453697897,0.02360269771018007,0.014169589728296267,0.006376775556739745,0.002785581816956854,0.0006814216200398145,0.00010553878377017153,0.3000921869254552,Mut 3
0.062499999999999896,0.05441816052575731,0.05107754436834571,0.04181310393108958,0.034555989225464635,0.03117629060491553,0.03166573569839212,0.03330255537563698,0.03541702799014364,0.0359282323785305,0.03315498158793458,0.027676402482566077,0.02345431741265775,0.01802987071450473,0.003976877572855655,0.48185291013120357,Mut 4
0.0624999999999999,0.05441816052575732,0.05107754436834571,0.045930743738695934,0.045220328776989824,0.0445894842573381,0.043451858231026826,0.03942867981980409,0.03708336785843822,0.030998219691997727,0.025243939764474897,0.016859522155608462,0.011314334162905112,0.005736538660791291,0.4851568721042009,0.000990405883623438,Mut 5
0.062499999999999875,0.054418160525757306,0.046692022881132424,0.04340208271018303,0.04079769457204742,0.043038373295109976,0.04231168618027463,0.040863512821100234,0.05091821348950351,0.058366968379359875,0.09613442095474889,0.11561895906000301,0.10948636945720301,0.11877531279310719,0.06612887987274657,0.010547343007721095,Mut 6
0.06249999999999989,0.05441816052575731,0.04668841354303165,0.05062539223392177,0.06683360520607047,0.08248120068185756,0.11189638381415408,0.1079927681917261,0.0956880512544497,0.10614787722513995,0.08165430538608158,0.06409917039854773,0.037803341049754635,0.01647106772136794,0.01381089901811842,0.0008893637500206927,Mut 7
0.06249999999999991,0.05441816052575732,0.08705395422454308,0.07826731533678254,0.07461600946731853,0.07247227510802949,0.06865479368670926,0.06776945327115654,0.0642185291992966,0.08156337689880357,0.09330985925405558,0.07791047650307029,0.05426725725257035,0.039203211600501026,0.02149842591536423,0.002276901756040378,Mut 8
0.062499999999999875,0.05441816052575731,0.04669189996405914,0.05054920121950842,0.067325422480746,0.07200070822370834,0.06851392946882748,0.07620328301335769,0.07287477716728759,0.0964796945058104,0.09615290890523091,0.07641597222210741,0.06633256750383713,0.03440734380408526,0.03025246663964425,0.028881664356030755,Mut 9
0.062499999999999896,0.05441816052575732,0.08084277332974633,0.07605379978161615,0.07466939138697311,0.07683136533379245,0.07572652164803838,0.07173341401153879,0.09802040994199054,0.08397421145846441,0.0608157803571053,0.06471192347343266,0.03911232905451133,0.04463528026496112,0.03444416793194469,0.0015104715001263698,Mut 10
0.06249999999999997,0.11907287631969808,0.11232179450674047,0.13999196353707027,0.1479193489139626,0.1330261571853016,0.10789537591949408,0.07904836987911801,0.04910944653271507,0.027791766122725745,0.01320680926495144,0.0054110888546854185,0.0019984983009646417,0.0005130541257763723,0.00019102069341694677,2.4298433797465045e-06,Mut 11
0.062499999999999896,0.054418160525757306,0.07423542302351364,0.05483204052460653,0.044895202511717476,0.0437073759278717,0.043593710696975194,0.03906464927156281,0.03921062422679169,0.03217480315587876,0.03695822767832053,0.13360383962919611,0.11077241589025873,0.15984206894594022,0.0572985206443906,0.012892937347216677,Mut 12
0.06249999999999989,0.054418160525757306,0.04668701108237085,0.04714448954298502,0.036060140336468934,0.028305415229399278,0.02364956882836027,0.01788815133865794,0.01654072469080979,0.016285391523967893,0.011749175991423087,0.02459035416725878,0.022234959447434942,0.34525252054801764,0.16749309090069855,0.07920084584638794,Mut 13
0.06249999999999989,0.054418160525757306,0.04668847630531631,0.05110952678444389,0.04109004568916383,0.04188898925812367,0.03631442318621205,0.04443379872674633,0.03883573509921012,0.03473446529429587,0.03335898538168017,0.028788619836500433,0.2666757848333697,0.0909603220726339,0.06761234788581161,0.06059031912073283,Mut 14
0.06249999999999989,0.054418160525757306,0.046679201121276576,0.04312160008961206,0.04329961672192997,0.041108575229866086,0.057302673775747714,0.062127585265873204,0.08306498882258477,0.0937661118448986,0.09960814865730745,0.12209941145219855,0.10879228702412654,0.05352457384683755,0.020684637343159014,0.007902428278822708,Mut 15
0.06249999999999989,0.054418160525757306,0.0537186412043821,0.06639211813933621,0.06266757834156086,0.0740340481012919,0.08010806690313199,0.09862945721306443,0.0989038479716946,0.09401973711930911,0.10934742870114246,0.08798681227610189,0.03757505132327856,0.015724830905726205,0.0036251336595272505,0.00034908761469224376,Mut 16
