Order 1,Order 2,Order 3,Order 4,Order 5,Order 6,Order 7,Order 8,Order 9,Order 10,Order 11,Order 12,Order 13,Order 14,Order 15,Order 16,Mutation
3.243918460807724e-20,0.0023886298066499783,0.01004259317206079,0.016742129456639426,0.07423355017496451,0.10795464796031444,0.10224645023285713,0.12880511030955072,0.11032350515764527,0.11510831611512802,0.15936596214111767,0.09367272045477687,0.06561108070698413,0.01069099302433401,0.0013603267004258152,0.0014539845865515915,Mut 1
0.05040836946377976,0.042123613140723035,0.07104164309270894,0.05530254322072692,0.09784381381403849,0.10491494091418727,0.10454858605766543,0.11240274457308277,0.13322916090869505,0.11320485477192567,0.07533043355758155,0.026176959257764896,0.008791050014081377,0.002663155528767536,0.0019505148198544061,6.7616864415896e-05,Mut 2
0.3110642932932618,0.26654968052066047,0.17138285808703438,0.09569459006849192,0.03498902540068266,0.020892398105156623,0.01303665592344079,0.007978205487209209,0.004243861441405306,0.0024171209861213504,0.0011536346002974558,0.00020913744944001808,5.7886729430721074e-05,6.293319368200376e-06,2.318270316132183e-07,0.07032412676096729,Mut 3
0.0,0.0,2.8884286076532007e-05,0.0010275726408800908,0.0019075457732741035,0.007452584759175085,0.012572001745968165,0.015307783577600922,0.01823931026772993,0.01675786342210851,0.01404285435953633,0.010539876245070844,0.007050980193208591,0.004387084432430755,0.00040379764566357237,0.8902818606512765,Mut 4
0.0,0.00010764850785838684,0.0036983448388011966,0.004250914920274537,0.025480851844129054,0.024709071526798153,0.02063187877732079,0.012896055539731808,0.00964377019176854,0.004650312077079882,0.0023742007573284876,0.0012001887934131887,0.00013577476709851027,2.8037780683538177e-05,0.8901902908949622,2.6587827516943308e-06,Mut 5
0.043759309667014676,0.020294091071189128,0.036890333662471145,0.028589154905469014,0.02862885171232658,0.05064008739849945,0.05088347760116621,0.054832135421081986,0.07475771358323298,0.08678268309106354,0.13690453265860483,0.14808121482510087,0.11606008957172038,0.11294805191290358,0.009097997666426895,0.0008502752517285401,Mut 6
0.12683093803796883,0.13695821647475998,0.10315262301477755,0.07436983513799254,0.09316181682598378,0.10524994696022799,0.1252860828044628,0.09921706947806645,0.04897906192448439,0.045978887203966486,0.02363229611632686,0.01111284817773066,0.005078018360747667,0.0006599120781967845,0.00032795200575259475,4.4953985542509714e-06,Mut 7
0.11838901660731578,0.169335238931721,0.1476184818459985,0.14525545774000098,0.034576108761066544,0.06827570164274928,0.05746983430537869,0.05039082277307209,0.03906293799449658,0.06270395254949578,0.062200189605157725,0.02803210493390702,0.01362147438328547,0.0019721133592071807,0.0010770012789115058,1.9563288235716557e-05,Mut 8
0.03969452177738622,0.018626942402827792,0.014791088595834652,0.04769714043812993,0.06830197245859056,0.11856787650598391,0.09800104768032945,0.09731317395261367,0.07440674032513021,0.12563929181905298,0.12686153266060582,0.07872541802729684,0.06098647383378815,0.01453182268015405,0.008014184967160054,0.007840771875115851,Mut 9
0.08325158702060848,0.06780002448715158,0.08484924885619945,0.11656546773377696,0.04478655646352895,0.09313591879819308,0.0722824883626877,0.060369653716819245,0.12004539941046284,0.0999968830248466,0.04749610702442915,0.07157607733297501,0.017721227413302072,0.010989574747450371,0.009089335822695697,4.444978487261871e-05,Mut 10
0.19348928032960583,0.1979841688984994,0.1439498819522255,0.1445927699066423,0.3102611536829584,0.007815199453821253,0.0011006532915661922,0.0004228703570771494,0.0002120377255707746,9.794828583281211e-05,4.613167107949918e-05,1.7905906043066737e-05,7.773395081912986e-06,1.6087066983891785e-06,6.112357914082991e-07,5.2015057198038475e-09,Mut 11
3.760345070045665e-16,0.025690928038872927,0.04764192052743299,0.053107254336578404,0.03808099624702226,0.06431876245862,0.07168711517051705,0.06428691852312039,0.05120593869447818,0.046279622343130065,0.043445711112608996,0.24519254713323305,0.14977686596223425,0.09248068671161916,0.0059554721890553745,0.0008492605514762922,Mut 12
0.014623243370800634,0.012257422857061799,0.05462296251772465,0.08379189805048817,0.01954569042075515,0.012945845723645122,0.012258990960476751,0.009049757852093271,0.011614758261186051,0.01741658235709575,0.006769445945495066,0.027089322411276515,0.014039417677131297,0.6312823197161037,0.05786320966284693,0.01482913221581894,Mut 13
2.371544168595325e-05,0.009730644693532083,0.043680525027949724,0.0436050203244778,0.032928892781562774,0.060152811860342464,0.05508291307564711,0.06827836472245971,0.05558807557652456,0.039697960532518325,0.03840151524250548,0.018943532047013135,0.42213396591981006,0.08877610189094239,0.01078085348395755,0.01219510737907043,Mut 14
0.0,4.77558126492934e-35,0.002358253120496797,0.015921053047294013,0.03494544791652215,0.052615651558727335,0.09371847704557633,0.09646019983518056,0.13616914478343065,0.1341944611937266,0.13667809766571296,0.15741470172120725,0.10821520197739351,0.026379485678656826,0.003694859804116165,0.001234964651959132,Mut 15
0.018465724990571718,0.03015275016849241,0.06425035740220716,0.07348719807213687,0.060327725722593484,0.10035855437355853,0.10919334696493706,0.12198913388123979,0.11227858375375871,0.08907326022690838,0.1252973548816118,0.08201544528375126,0.010712719094701756,0.002202758432483299,0.0001933599953483198,1.7267556995260291e-06,Mut 16
