Order 1,Order 2,Order 3,Order 4,Order 5,Order 6,Order 7,Order 8,Order 9,Order 10,Order 11,Order 12,Order 13,Order 14,Order 15,Order 16,Mutation
3.2439184608077227e-20,0.03404489876126299,0.05078452917162821,0.023027164367814906,0.07480153138763987,0.016814530132188605,0.09634533871766868,0.06748989958267164,0.11340178609996038,0.11602283283309915,0.0792090490456702,0.14991776707106613,0.03307390640267483,0.10556986338064574,0.03380687350210122,0.005690029543906739,Mut 1
0.050408369463779704,0.030684340797011007,0.05353427617474502,0.05806149699061796,0.1068010017182598,0.056218910626844094,0.10193783534422829,0.08503202198255723,0.0773493376349315,0.11292164599262866,0.11547434886920767,0.06583544445214522,0.04313293710106687,0.026174206458390994,0.015495355118572708,0.0009384712750123827,Mut 2
0.31106429329326174,0.2210689691181695,0.06745440123472643,0.13974287636455188,0.05084948963819603,0.07414233201253549,0.016148805809558586,0.0458636889776586,0.034946906809405494,0.001388807617763838,0.019223403242305405,0.00011415709854351659,0.014394085517838695,0.003115398197087027,0.00048138125488554964,1.0038135121686948e-06,Mut 3
0.0,0.03404489876126299,0.028877751402269596,0.011293605318030657,0.010090818538355131,0.01892283090061019,0.00998178624435977,0.017943126829787198,0.0183628469117008,0.007932182890624178,0.00938567017824123,0.00589375368486943,0.0064701717322932575,0.030609835581303542,0.27267939076575687,0.5175113302605345,Mut 4
0.0,0.03404489876126299,0.0288777514022696,0.01786670016522818,0.03017317793092801,0.017029095704987937,0.020588365385675846,0.01232135966089425,0.007836817289567475,0.005344093588276726,0.00705334748094449,0.001459528736244739,0.05127570519450475,0.24860348853223244,0.5175255523303082,1.1783667435659778e-07,Mut 5
0.04375930966701467,0.03112761145012867,0.026035720898863905,0.02646013131213616,0.03635481967856338,0.07615046609846761,0.04909212036208549,0.04707792562382294,0.0853058799927226,0.0677064404585084,0.08436888258669369,0.13165821207524658,0.021096304736970464,0.21345100961443955,0.059817838355429545,0.000537327088905769,Mut 6
0.12683093803796872,0.02558950289206507,0.02125855394311787,0.10025240884453834,0.09723686060210492,0.10682682917269942,0.1290607183520417,0.06852846720045197,0.06928743507251676,0.11387392814228768,0.028447160243866017,0.06481493104733808,0.0037352191272499885,0.03629788811456166,0.0034556669472534263,0.004503492259937938,Mut 7
0.11838901660731564,0.02615229765410861,0.18465531243406633,0.1369106667395166,0.045033316199486285,0.18297247266673,0.034032070870531186,0.13152905898477937,0.07247779049643616,0.011524131497635995,0.03999212076264496,0.004390291542083884,0.007634103336136236,0.0039703271545226005,0.0003246410395585991,1.2382014446883596e-05,Mut 8
0.03969452177738619,0.03139859730943724,0.02626901236279001,0.07488077182030337,0.07890871846298195,0.04736749517497171,0.12402153810805175,0.05079959946565239,0.0646817954278139,0.18252997490368864,0.09424832641607536,0.08914102223384839,0.034859324347239755,0.03506824915809022,0.018544172267191114,0.007586880764477642,Mut 9
0.08325158702060842,0.02849479295988909,0.16159992501344597,0.10647093583451037,0.044074840426248575,0.1779360508712315,0.0452568170334716,0.1554145619728334,0.11733584963775767,0.016202388473327185,0.03726140688364207,0.006338774708944487,0.012127762324384849,0.007820915398402989,0.0004110625479567252,2.3288933444858236e-06,Mut 10
0.19348928032960577,0.3353322099826236,0.07030371402221058,0.09266862359586506,0.2222884318022421,0.019604228882119323,0.054634240527253956,0.0029383440862085215,0.003035784847335419,0.0041382682720365015,0.0007729550694565001,0.00057444013688459,0.00014497415332168285,5.952399948935778e-05,1.3769739410321975e-05,1.2105539367478055e-06,Mut 11
3.760345070045662e-16,0.03404489876126296,0.1397052742995585,0.037729357192265375,0.03140112172008541,0.02899125794591129,0.05877148559912934,0.02138427578891011,0.031544614932721995,0.06322430063258148,0.006373433066478829,0.13384471055044206,0.0578795398494461,0.041230508123271455,0.0005090412577056281,0.3133661802802288,Mut 12
0.014623243370800619,0.033070015869876276,0.027706860728552003,0.03398394545638414,0.02344181204971493,0.043853598079196775,0.01625847619743707,0.07283828671083718,0.07125585332487405,0.00670165508196646,0.1669663905946247,0.019046265270906013,0.27727261844011036,0.1532747529650349,0.014773405347605805,0.02493282051207749,Mut 13
2.3715441685953222e-05,0.034043317731817256,0.0285464153701947,0.04506661203286581,0.037424744378338974,0.04707252899360045,0.053748576838027036,0.10712665505846497,0.08009734781205859,0.03808266703827754,0.08750149993132998,0.02307012516742915,0.2942812157104686,0.05864903532828921,0.04194997117772877,0.023315571989422502,Mut 14
0.0,0.03404489876126299,0.028546681548750983,0.00444400589145473,0.053024928354954814,0.012955116964618808,0.07821955057832318,0.0171488295465055,0.039319058292809794,0.165899353311987,0.06397119790870559,0.25827318893182927,0.10400900243150366,0.028217426215548364,0.010329549539463209,0.10159721172228164,Mut 15
0.018465724990571704,0.03281385042855821,0.05584381999280981,0.09114069807391628,0.05809438711189957,0.07314225577328631,0.1119022740321569,0.09656389852796371,0.11376089541738638,0.08650732926530992,0.1597508077201123,0.04562738729217789,0.038613129594789596,0.007887571778689538,0.009882328809071986,3.6411912994853637e-06,Mut 16
