Order 1,Order 2,Order 3,Order 4,Order 5,Order 6,Order 7,Order 8,Order 9,Order 10,Order 11,Order 12,Order 13,Order 14,Order 15,Order 16,Mutation
7.817163957764537e-21,0.0020090304759188544,0.009903675680121233,0.01657877156285732,0.013875689141853203,0.011242141249162509,0.12369798572807635,0.13058386830002983,0.17968923167161172,0.11439844304970476,0.18809704700690066,0.061332641116303314,0.13082144176048913,0.012656728628452773,0.00493059862915259,0.00018270599936508802,Mut 1
0.04972225815080931,0.04304297248038127,0.07126629372891745,0.05518247335398773,0.11237544121043383,0.05183162567041963,0.14998874091286726,0.057727127810049614,0.05764220982836793,0.10048386418742268,0.11876145500078679,0.12154916958893525,0.0060189177867215945,0.0005284657731497673,0.0038724322266284234,6.5522901205856094e-06,Mut 2
0.31388618880729713,0.26573481368502117,0.1708793342758874,0.0953435422709949,0.06159313518354414,0.04757490188470182,0.027957217818849463,0.009172412448144051,0.004009691874000531,0.0021989459474806117,0.0005553010229895243,0.00037548106899294015,0.000714037291467847,4.603211697532366e-06,3.931656301917121e-07,4.33006940038584e-11,Mut 3
0.0,0.0,4.970035707754012e-05,0.0010191387471731748,0.0020969458072675083,0.0035942621393342876,0.004568588323363211,0.0031580651398869074,0.0032842986587833527,0.0012077345483905494,0.0013272107987982635,0.0002204606067784724,0.0004850313043604084,0.017285085553428555,0.4546724472881017,0.5070310307272562,Mut 4
0.0,0.00018355108602073646,0.003598506437243244,0.004497424690267423,0.0041180850664101435,0.004047432529316374,0.0022668972650001567,0.000880521549269794,0.0003904725901364082,0.0006238632038882723,4.652440189362768e-05,0.00040760280947676705,0.030420795508374295,0.44148731011360803,0.5070310127490822,1.253889913312623e-14,Mut 5
0.04338540777075093,0.020117409487407676,0.037001097305689505,0.028829539638615106,0.03467103298654946,0.09934104832144879,0.04477593024632612,0.04387327460912102,0.08251699669395039,0.16398026126549073,0.07896495998885023,0.07173720000965651,0.0013005748040958952,0.24538599839510833,0.00411789593522489,1.3725417137619703e-06,Mut 6
0.12484894670370193,0.13516060607900615,0.10330134079994936,0.07405279878853412,0.12946285260315712,0.11950283907571602,0.08819916822130566,0.04869799082663789,0.05495673155717013,0.06998811146339563,0.004491872944530964,0.004297998529456429,0.0004957661219789888,0.04173337129959641,0.0004111815465983792,0.00039842343926435017,Mut 7
0.1185309467034233,0.17003477052973717,0.14805802067762144,0.14528093868785394,0.10239843018081343,0.15809987702723058,0.09868460973179893,0.03392357094930509,0.009592114695988974,0.010563884846459846,0.004287329980872298,0.0004748311448180304,5.27991127589982e-05,1.656368886471133e-05,1.2991368730986334e-06,1.2905580139236518e-08,Mut 8
0.03868702609540338,0.018210008545468125,0.014368448547969813,0.04814534757940675,0.0534269029835408,0.07176366981122127,0.05353280797111064,0.0650281026309484,0.08881629178924967,0.2675313402244173,0.10770417727315379,0.03863436524168962,0.004699332414838046,0.1263530181660931,0.0029546327519852015,0.00014452797350398978,Mut 9
0.0843277323370675,0.06947214948573052,0.0867745703283096,0.1173944781595763,0.14711622227665333,0.20087524038465104,0.09644374102572238,0.10623885583047604,0.07370523484304206,0.011018228527063868,0.0047205203167469305,0.0014885889910762069,0.00028546964173216296,0.00013876838130423685,1.992583193541684e-07,2.1252830895237424e-10,Mut 10
0.19473051873907227,0.19719913074019954,0.1446883169785015,0.14549408755147214,0.09135592082604164,0.06700833810802873,0.06492780870106359,0.06075407069808385,0.025359508118927402,0.0057293461717861415,0.0024062246071375744,0.0002894729934835281,5.3686322485344256e-05,3.4859194876108954e-06,8.322939735974463e-08,2.9483157078251045e-10,Mut 11
4.366300579782745e-17,0.025963439341479468,0.04578309765404264,0.052079114675910074,0.03742663973206425,0.03149211051942962,0.03327612674755612,0.018601399625107286,0.06129514158938637,0.0073789634537506634,0.0010490635996239564,0.0011688454114516392,0.14667189610943068,0.0833981414868742,7.129985699689213e-06,0.45440889006819346,Mut 12
0.013396509599170487,0.012139303960787128,0.05442107272672752,0.08444189924823131,0.030198762157682017,0.02890760266171431,0.021827493804225655,0.08209893165095482,0.1024616822390615,0.061052027588613944,0.16701162469139508,0.3003881974272492,0.031607036556613254,0.006292551517608298,0.0012351592651762408,0.002520144904789554,Mut 13
0.00011779257180072653,0.009818377760772493,0.04399171096946583,0.0428727104059245,0.06725738747196197,0.03452672931298354,0.058444185646685506,0.14244352632005436,0.04003698977507918,0.06446560831495336,0.09308956076617288,0.3448990333571138,0.018990983588169384,0.01863573262169843,0.016228142146874305,0.004181528970289332,Mut 14
0.0,1.672281216312851e-35,0.0022666035467830297,0.015549867227674312,0.011809204099398795,0.011168947079773714,0.015321970132675344,0.03644238220480796,0.06241569850436839,0.03702930694823704,0.11189065826812072,0.030458115584569605,0.6246272353630932,0.0059110182335640644,0.003984183870845775,0.031124808936088908,Mut 15
0.018366672521502918,0.03091443634206976,0.06364820998569293,0.07323786741152097,0.10081734827262792,0.059023234224867376,0.11608672772337213,0.16037589940712277,0.1538277055708751,0.08235007025894478,0.11559646933202673,0.022277996118948876,0.0027549963133915428,0.00016915700946407248,0.0005532088144106606,6.931616590361509e-10,Mut 16
