Order 1,Order 2,Order 3,Order 4,Order 5,Order 6,Order 7,Order 8,Order 9,Order 10,Order 11,Order 12,Order 13,Order 14,Order 15,Order 16,Mutation
7.817163957764537e-21,0.0020090304759188544,0.00990367568012123,0.016578771562857322,0.09641113018561683,0.13163382968296927,0.10208861085103839,0.1186460761279519,0.10572321753340322,0.11693018992486667,0.1495710737902255,0.08055981285172863,0.05495900794386717,0.010669099794883705,0.0019697335131863202,0.0023467400813646138,Mut 1
0.04972225815080931,0.043042972480381275,0.07126629372891742,0.055182473353987724,0.11160804067887065,0.12806539300167594,0.10296035363792908,0.10574760752371637,0.12826524069612613,0.09353514411834545,0.06900050190663062,0.024781542381559763,0.009432571883738715,0.004426522838299251,0.0028866766664788442,7.64069525331202e-05,Mut 2
0.31388618880729724,0.26573481368502105,0.1708793342758874,0.09534354227099494,0.029495716262069153,0.025615205304671942,0.014934930051878658,0.008466573906976338,0.003982839465737065,0.00216797435542553,0.0009215209648021,0.00017569409565681082,3.6950018109008884e-05,2.9089388329890334e-06,2.2701084780191334e-08,0.06835578489555501,Mut 3
0.0,0.0,4.970035707754013e-05,0.0010191387471731748,0.0028614126231224215,0.012566157285430547,0.018785342531783593,0.02368719297620407,0.02572825724366275,0.02575942344286969,0.018364410817755562,0.01286101921820678,0.007931733669508527,0.004104558040462019,0.0006573088704857132,0.8456243441762578,Mut 4
0.0,0.00018355108602073652,0.003598506437243244,0.004497424690267423,0.03974189395622885,0.03356314887369257,0.029725153547704525,0.01999047027999953,0.014773909615429098,0.005611761935607292,0.0017979979694800017,0.0010420198994324137,9.022759946794866e-05,1.8040248270991242e-05,0.8453654571261088,4.367350466864655e-07,Mut 5
0.043385407770750915,0.020117409487407673,0.0370010973056895,0.028829539638615106,0.034440069933096076,0.046679844284259114,0.05193524736496695,0.06257102021972834,0.06262947091834943,0.08751124827970974,0.14732264887620186,0.14472483837448527,0.09044765571790378,0.12290783841279548,0.01588131529872551,0.003615348117315904,Mut 6
0.12484894670370193,0.13516060607900615,0.10330134079994936,0.07405279878853412,0.05240034363015623,0.07413985684816143,0.15357798962236344,0.10901371608026678,0.0671306661233763,0.051633774866375645,0.03070548351064507,0.013363198297189426,0.009349367009857163,0.0008962974354308108,0.0004174444673209772,8.169737665012864e-06,Mut 7
0.11853094670342333,0.17003477052973712,0.14805802067762144,0.14528093868785394,0.03509905650147705,0.059911403408823706,0.05425775786138431,0.04913966399208717,0.034018816182810156,0.06362999003058682,0.06593588042227966,0.0357428026550367,0.012814899905354008,0.004240378260388519,0.003282515086227604,2.2159094908925905e-05,Mut 8
0.03868702609540338,0.018210008545468132,0.014368448547969809,0.04814534757940676,0.06967764606495458,0.10893142649760545,0.09958713000427746,0.09693908169621956,0.08470779233156742,0.1192625574272134,0.11991472958531835,0.07533525208109872,0.06054264814544206,0.01887320854932141,0.014668918024351005,0.01214877882438144,Mut 9
0.0843277323370675,0.06947214948573054,0.0867745703283096,0.11739447815957632,0.05477877493512491,0.08243136489977596,0.07153791233497493,0.06501006017965098,0.11232943051021173,0.09269259022028445,0.04511666202270485,0.06396639279557156,0.019468728490773725,0.021297035365530823,0.013316034773685023,8.608316102690684e-05,Mut 10
0.19473051873907224,0.19719913074019954,0.14468831697850154,0.1454940875514721,0.2757964045784835,0.03710358293385536,0.004050681000411159,0.0006530623845665858,0.00021837710473971488,4.4308305585662586e-05,1.4711636181849612e-05,4.827734071230496e-06,1.7027018287461108e-06,2.294104487491138e-07,5.777461160906691e-08,4.259703309207481e-10,Mut 11
4.366300579782745e-17,0.02596343934147946,0.04578309765404264,0.05207911467591008,0.03789038719626589,0.03898883860532344,0.05193900239813664,0.05992212627265919,0.03871913267515515,0.03609193476716766,0.032782675716730464,0.25936833579291,0.04423439850136388,0.2518935210825572,0.021132535945038795,0.003211459375259639,Mut 12
0.013396509599170485,0.012139303960787126,0.05442107272672752,0.08444189924823133,0.020585464698086548,0.01902515122665381,0.01136780333259341,0.009689297466832999,0.015174148528928767,0.020621225181717284,0.007376323713949298,0.025012975686979296,0.17929383925315565,0.4437191397118426,0.05003903415198705,0.03369681151235692,Mut 13
0.00011779257180072652,0.009818377760772492,0.04399171096946583,0.04287271040592449,0.050448808769388474,0.06630709122089751,0.04622669300127734,0.05969104120830371,0.05814521414024894,0.038671220744914275,0.039540112574124736,0.017713456540945718,0.39565910231609985,0.0819009299870776,0.022394787189072674,0.026500950599686022,Mut 14
0.0,1.672281216312851e-35,0.00226660354678303,0.015549867227674312,0.033680691900152944,0.04356771265440972,0.08551050481527299,0.08848029113317452,0.1307218884223596,0.14642487104616897,0.1382218519438929,0.17334032552390932,0.1020896191651644,0.028307228487988355,0.007532381817982782,0.004306162315065945,Mut 15
0.018366672521502918,0.03091443634206976,0.06364820998569294,0.073237867411521,0.055084158086905956,0.09146999327179428,0.10151488764400698,0.12235271855166158,0.11773159850789361,0.09941178535316174,0.13341341454907735,0.07200750607121792,0.013647547678365868,0.006743063435869607,0.00045577659365264925,3.6399560590988387e-07,Mut 16
