Order 1,Order 2,Order 3,Order 4,Order 5,Order 6,Order 7,Order 8,Order 9,Order 10,Order 11,Order 12,Order 13,Order 14,Order 15,Order 16,Mutation
0.062499999999999965,0.0029085770055214503,0.006205282892849643,0.02480112715158439,0.08403169697533568,0.09888801587874634,0.09711202377453673,0.04838749186641455,0.084286180610916,0.098786122364399,0.10526453646881094,0.07257156988221009,0.10025645205231029,0.053754460979935206,0.03794493346961458,0.022301528626814712,Mut 1
0.062499999999999965,0.04207292348214904,0.050900349088154856,0.03947925058555829,0.11277264420090767,0.10200366039647149,0.09708471665130317,0.07177725434178345,0.06917621386727191,0.08970997650048189,0.09149395343502309,0.07483748869485715,0.05336110739594177,0.019860621847157776,0.018172780060101857,0.004797059452836259,Mut 2
0.06249999999999997,0.3147035385850392,0.22888096147850231,0.1463809617468272,0.03738310793728563,0.028407822494256618,0.019519440668556792,0.061826669899838725,0.047805209948928055,0.025542797860840665,0.0006129585904171374,0.018065946982611075,0.00716907894632304,0.0010399231468171597,1.1763516611832374e-07,0.0001614640785899883,Mut 3
0.06249999999999995,0.008028622948102127,0.011822207287205512,0.016105242707600678,0.011240017578106875,0.015640989668561603,0.018723041545713408,0.023791649231816835,0.024823387562938927,0.01552853549218916,0.007236204201643489,0.010744362605782218,0.011835116990298471,0.023250203576437246,0.17460385635807057,0.5641265622455325,Mut 4
0.06249999999999997,0.012143880768308754,0.017808681775279236,0.028818385995499036,0.0282835213861221,0.024916694903559727,0.02355912176253052,0.012756008464680012,0.008618871908764356,0.007031658739165039,0.003767377035371729,0.009215164688897957,0.038227242366521356,0.301625518959755,0.420724719192958,3.152052586602325e-06,Mut 5
0.062499999999999965,0.016697318069865068,0.020677669285568915,0.013679292801882794,0.03943252068549052,0.04518099231280682,0.05132213289850738,0.04533778685294153,0.07459796721744678,0.16109684661481283,0.1101077077083256,0.06219324585733768,0.024001989376831807,0.19742105282069125,0.02516257877315481,0.050590898724335254,Mut 6
0.06249999999999996,0.12513074248826314,0.11477850111110656,0.023701784561783568,0.08645018617208199,0.10732808426557433,0.13406701886805533,0.05028786772649451,0.060048882323967365,0.04569776599597032,0.09908260026501181,0.012499960705841449,0.006453385756450636,0.05896321152007227,0.009637031902778755,0.0033729763365477838,Mut 7
0.062499999999999986,0.1288043109942223,0.1479717617504747,0.05617320290948366,0.10229230189117865,0.08223969738332373,0.06181460635430193,0.1725491645344718,0.09250669963059763,0.05658165961587949,0.0052539507587230855,0.020930785645108082,0.006872701096129095,0.003027672820938977,0.00022977329599487134,0.00025171131917134414,Mut 8
0.06249999999999996,0.024015635278003857,0.02469990691707354,0.024812674825519156,0.08070279810794723,0.09956667264757184,0.09290868209245932,0.04777099041874607,0.06657006363621533,0.15366185274412023,0.1283105710438602,0.07990990335577361,0.04347551355447426,0.03515573397506226,0.027689760968329348,0.00824924043484211,Mut 9
0.06249999999999996,0.07275168767159716,0.07162832833883317,0.05893305514028883,0.1086081533850951,0.09539227524312452,0.07274847092691544,0.2156006764410248,0.14398842529184602,0.046283563055467304,0.00991502566649448,0.02596505464125111,0.010414759035522428,0.004917724031302914,0.0002892843176512388,6.351681358437403e-05,Mut 10
0.062499999999999965,0.2056967001715334,0.16964197704127465,0.44818229713684726,0.047921144694534804,0.02474705403199987,0.01726995666256196,0.005247446986626239,0.005383267937975318,0.0049082866627490835,0.006027812650701648,0.0013532269424990286,0.0008566326924488886,0.00020855723303185125,5.303814127176101e-05,2.6010139437076274e-06,Mut 11
0.062499999999999944,0.006485481588607449,0.03092014768605879,0.032330366025994615,0.06004123069254456,0.056848926201231866,0.06091578054267949,0.019018930759277373,0.023443502184052493,0.015003878344628884,0.06108344937914287,0.009445052152098572,0.09685008922941019,0.05329100004920716,0.208547339116766,0.2032748260482989,Mut 12
0.06249999999999996,0.014490977957712283,0.032554946903288376,0.015933627797732396,0.0307556851361295,0.018351654080455172,0.01669946238854559,0.05959930866112512,0.06995903863383302,0.0618399406855032,0.004408435069889867,0.23281177182281876,0.1968354221804244,0.1397593061367697,0.0021362862332143634,0.04136413631255742,Mut 13
0.062499999999999965,0.007909089044498566,0.024971108436295325,0.019669324584769863,0.04070406913141885,0.052281678482923026,0.045299760677137604,0.06956017716491891,0.08601392785851125,0.08472726489201773,0.03956679825297981,0.242277268918534,0.09092789149476846,0.07228997381855655,0.00938613979562277,0.05191552744704599,Mut 14
0.06249999999999995,1.5425858659954604e-35,0.003103603743057306,0.014894981413091393,0.03523452605193558,0.04604395993092433,0.08363317635885976,0.013283249599010194,0.035860069130229995,0.02944491963721894,0.22352852182456642,0.03654629454390052,0.279760481501869,0.03023580723280015,0.05642381940438364,0.049506589628152034,Mut 15
0.06249999999999997,0.018160513946575623,0.04343456626497641,0.03610442461553668,0.09414639597388479,0.10216182207846701,0.1073226078273357,0.08320532705082923,0.10691829225650425,0.10415493079455491,0.10434009764903723,0.0906329025604777,0.032702136330275064,0.005199231851463828,0.008998541334920885,1.8209465160539364e-05,Mut 16
